,Unnamed: 0,x,y,frame,label,Rough_label,Final_label
0,0,35300.351238598305,10984.740498709798,143.0,0,28,32.0
1,1,35368.02653287003,11060.79955992661,145.0,0,28,32.0
2,2,35439.28656490674,11110.75248470127,146.0,0,28,32.0
3,3,35428.62984013,11242.358631667455,147.0,0,28,32.0
4,4,35334.563497382704,11319.282123280724,151.0,0,28,32.0
5,5,35303.37731037943,11402.81203395214,152.0,0,28,32.0
6,6,35317.243884066505,11466.489760577737,153.0,0,28,32.0
7,7,35233.599657157625,11574.247804185932,158.0,0,28,32.0
8,8,35152.94406061806,11612.307812893016,163.0,0,28,32.0
9,9,35207.117908718246,11692.447665297845,166.0,0,28,32.0
10,10,35247.78520197054,11675.719970481445,166.0,0,28,32.0
11,11,35221.40754469615,11796.066588489975,167.0,0,28,32.0
12,12,35141.31715289694,11868.884183497532,168.0,0,28,32.0
13,13,35113.74284964629,11942.235457043078,169.0,0,28,32.0
14,14,35080.752160317395,11912.311554755954,169.0,0,28,32.0
15,15,35228.46497788743,11956.975591649423,169.0,0,28,32.0
16,16,35158.89735243468,12015.282230894838,170.0,0,28,32.0
17,17,35027.93732142674,12007.73112415387,170.0,0,28,32.0
18,18,35146.191747351084,11857.086617524194,170.0,0,28,32.0
19,19,35213.20759693418,11978.280504090042,170.0,0,28,32.0
20,20,35138.00506277172,12052.88138419857,172.0,0,28,32.0
21,21,35150.60015489358,12047.129321535216,172.0,0,28,32.0
22,22,35091.67633066872,12147.420896141986,174.0,0,28,32.0
23,23,35043.45778085039,12131.799218461776,174.0,0,28,32.0
24,24,34991.59939816122,12253.998262388712,175.0,0,28,32.0
25,25,35040.12781965816,12221.375321144473,175.0,0,28,32.0
26,26,34937.71067087542,12321.223275624005,176.0,0,28,32.0
27,27,35044.950010477085,12361.394220336664,179.0,0,28,32.0
28,28,34862.9006817696,12417.772734955784,179.0,0,28,32.0
29,29,34974.7551020382,12464.833917678345,180.0,0,28,32.0
30,30,35022.7744311336,12595.645991104187,181.0,0,28,32.0
31,31,34941.10333200841,12604.940733552765,183.0,0,28,32.0
32,32,35006.05474118134,12680.49682795987,183.0,0,28,32.0
33,33,35089.2856978499,12725.61063657286,185.0,0,28,32.0
34,34,35069.897447505464,12830.444159448269,186.0,0,28,32.0
35,35,35036.68517516201,12805.756666301537,186.0,0,28,32.0
36,36,35137.813991106974,12816.057425053725,186.0,0,28,32.0
37,37,35180.357883111865,12874.279648946202,188.0,0,28,32.0
38,38,35283.96939591228,12948.502800778284,191.0,0,28,32.0
39,39,35285.35186369004,12852.422511037765,191.0,0,28,32.0
40,40,35298.302053759646,12980.704666519632,192.0,0,28,32.0
41,41,35394.012381281995,13021.376491624073,194.0,0,28,32.0
42,42,35365.895849331406,13132.554242557528,195.0,0,28,32.0
43,43,35395.13653440189,13103.579485701504,195.0,0,28,32.0
44,44,35468.38900680766,13051.028795832544,195.0,0,28,32.0
45,45,35470.92167140335,13178.75506031691,196.0,0,28,32.0
46,46,35369.24709791039,13196.74502812215,196.0,0,28,32.0
47,47,35401.89033890922,13294.781587475916,197.0,0,28,32.0
48,48,35507.48199563549,13314.816699703968,198.0,0,28,32.0
49,49,35454.97625730287,13272.5853556467,198.0,0,28,32.0
50,50,35548.06556562024,13362.24769105449,199.0,0,28,32.0
51,51,35584.03268081302,13454.392266589222,203.0,0,28,32.0
52,52,35547.961082352784,13425.747579695982,203.0,0,28,32.0
53,53,35659.4643975074,13498.905197136828,204.0,0,28,32.0
54,54,35495.48993663603,13496.614459617733,204.0,0,28,32.0
55,55,35679.86339671446,13470.642284987964,204.0,0,28,32.0
56,56,35556.18938647541,13551.15189242406,205.0,0,28,32.0
57,57,35699.44467900487,13513.439808293537,205.0,0,28,32.0
58,58,35591.39270559859,13592.637638836271,206.0,0,28,32.0
59,59,35700.851179945304,13593.73081343558,206.0,0,28,32.0
60,60,35686.08851203284,13673.15258824402,207.0,0,28,32.0
61,61,35644.59220117406,13763.106177058127,211.0,0,28,32.0
62,62,35671.13560148414,13744.659396508332,211.0,0,28,32.0
63,63,35598.69626845263,13841.601845222533,212.0,0,28,32.0
64,64,35658.79414948775,13883.000598430375,212.0,0,28,32.0
65,65,35734.5686930389,13902.589909891902,214.0,0,28,32.0
66,66,35625.9875450595,13967.466743765632,214.0,0,28,32.0
67,67,35633.86182574023,14057.96818599071,218.0,0,28,32.0
68,68,35629.02788223862,14153.455001050272,222.0,0,28,32.0
69,69,35617.38945806063,14278.407379656092,223.0,0,28,32.0
70,70,35697.17387403147,14318.074764948551,226.0,0,28,32.0
71,71,35537.891161972686,14320.463084657957,226.0,0,28,32.0
72,72,35619.99623665168,14455.82640928739,227.0,0,28,32.0
73,73,35720.809617023166,14544.189401103296,229.0,0,28,32.0
74,74,35761.73028051934,14621.691158231077,230.0,0,28,32.0
75,75,35709.423807994026,14671.45625911533,231.0,0,28,32.0
76,76,35738.9167131326,14750.37833004353,232.0,0,28,32.0
77,77,35684.016536825606,14772.082779624658,232.0,0,28,32.0
78,78,35633.656519893324,14823.672434951884,235.0,0,28,32.0
79,79,35748.670028578126,14881.601041993836,236.0,0,28,32.0
80,80,35700.851534917005,14909.20219252151,236.0,0,28,32.0
81,81,35581.988052344605,14917.578563912884,236.0,0,28,32.0
82,82,35687.92239247931,14909.844235658957,236.0,0,28,32.0
83,83,35680.779139292616,15060.44441147994,238.0,0,28,32.0
84,84,35616.58612677764,14984.997772256938,238.0,0,28,32.0
85,85,35702.70248569096,15117.542455170797,239.0,0,28,32.0
86,86,35618.47444587442,15125.914023875692,239.0,0,28,32.0
87,87,35762.844179761865,15218.776446041573,240.0,0,28,32.0
88,88,35701.17844766638,15202.32158545444,240.0,0,28,32.0
89,89,35676.16986773427,15287.503864434717,241.0,0,28,32.0
90,90,35583.650609280616,15369.406851615346,242.0,0,28,32.0
91,91,35574.80354787492,15455.57960848928,244.0,0,28,32.0
92,92,35698.75328085484,15390.09444783777,244.0,0,28,32.0
93,93,35631.47695409131,15426.584505285751,244.0,0,28,32.0
94,94,35617.08695410225,15525.991067284684,245.0,0,28,32.0
95,95,35662.175868905215,15467.071118221069,245.0,0,28,32.0
96,96,35549.92273303646,15522.769869616128,249.0,0,28,32.0
97,97,35647.79989325449,15599.696572462211,249.0,0,28,32.0
98,98,35674.85601345419,15607.210841469234,252.0,0,28,32.0
99,99,35731.864819270326,15663.8613370636,254.0,0,28,32.0
100,100,35693.429792414434,15741.029865547473,257.0,0,28,32.0
101,101,35601.73576061176,15762.134156825425,260.0,0,28,32.0
102,102,35643.3831173028,15867.045049085924,262.0,0,28,32.0
103,103,35733.83308909699,15903.523308974776,265.0,0,28,32.0
104,104,35637.53635063948,15907.944974746097,267.0,0,28,32.0
105,105,35793.114608632044,15959.13774134078,267.0,0,28,32.0
106,106,35694.82922441373,16058.383173932902,271.0,0,28,32.0
107,107,35766.37507303579,15963.179234572426,271.0,0,28,32.0
108,108,35774.97691824199,16092.932180722331,272.0,0,28,32.0
109,109,35731.143448329734,16137.028748683735,273.0,0,28,32.0
110,110,35712.09384212973,16221.793100792986,274.0,0,28,32.0
111,111,35716.69250274287,16246.08779807019,274.0,0,28,32.0
112,112,35798.89166006271,16222.434828352156,274.0,0,28,32.0
113,113,35743.56210883812,16336.955728563877,275.0,0,28,32.0
114,114,35855.26499875687,16338.264065411066,276.0,0,28,32.0
115,115,35659.96375767785,16420.954536662604,276.0,0,28,32.0
116,116,35840.270266456675,16462.651806563885,277.0,0,28,32.0
117,117,35739.96785077571,16452.225266055248,277.0,0,28,32.0
118,118,35760.60163103716,16463.452115956872,277.0,0,28,32.0
119,119,35714.0607266839,16517.85583701189,278.0,0,28,32.0
120,120,35764.55607250876,16597.43598218112,279.0,0,28,32.0
121,121,35669.96266799659,16613.9596253033,279.0,0,28,32.0
122,122,35729.67232321454,16668.276825012523,280.0,0,28,32.0
123,123,35690.85106160776,16681.9840786673,280.0,0,28,32.0
124,124,35757.82738363216,16767.816268488103,282.0,0,28,32.0
125,125,35686.80320275172,16840.33032115003,283.0,0,28,32.0
126,126,35769.75980025936,16878.715292175788,283.0,0,28,32.0
127,127,35829.50021353162,16876.310452986556,284.0,0,28,32.0
128,128,35842.69758615317,16894.84897724285,284.0,0,28,32.0
129,129,35857.85065479078,16961.99705039277,285.0,0,28,32.0
130,130,35859.104781926646,17060.543093561544,288.0,0,28,32.0
131,131,35931.27734566963,17073.51824627491,288.0,0,28,32.0
132,132,35930.97053595282,17161.741467436575,289.0,0,28,32.0
133,133,35868.25741901348,17151.36875415854,289.0,0,28,32.0
134,134,35894.60413395362,17258.35331177071,290.0,0,28,32.0
135,135,35876.1271653441,17352.223706433506,292.0,0,28,32.0
136,136,35779.34451501183,17338.809696796015,294.0,0,28,32.0
137,137,35858.565553289765,17472.438776273393,294.0,0,28,32.0
138,138,35890.52562005878,17526.035477378457,295.0,0,28,32.0
139,139,35896.989683348,17629.738538068945,296.0,0,28,32.0
140,140,35786.05956416676,17579.189151735613,296.0,0,28,32.0
141,141,35858.77959657746,17625.133629883076,296.0,0,28,32.0
142,142,35829.71701291082,17733.73503056606,297.0,0,28,32.0
143,143,35805.566260036154,17831.02897538854,298.0,0,28,32.0
144,144,35884.94348414859,17809.091030627354,298.0,0,28,32.0
145,145,35783.68587209492,17891.26246938452,300.0,0,28,32.0
146,146,35871.768976161395,17855.188744366693,304.0,0,28,32.0
147,147,35975.64737282502,17910.110362719504,305.0,0,28,32.0
148,148,35863.013098248484,17951.070655286985,305.0,0,28,32.0
149,149,35894.174394083275,17914.8657879756,305.0,0,28,32.0
150,150,35885.18425613461,17994.38873192216,306.0,0,28,32.0
151,151,35863.27901571583,18000.871450470306,306.0,0,28,32.0
152,152,35865.956857145466,18120.01656258511,307.0,0,28,32.0
153,153,35883.18283327924,18199.87899447628,308.0,0,28,32.0
154,154,35807.79726999851,18256.28885470187,309.0,0,28,32.0
155,155,35913.080597182845,18313.630489475967,309.0,0,28,32.0
156,156,35902.91120185329,18395.80359121036,310.0,0,28,32.0
157,157,35876.583278504535,18355.93590252539,310.0,0,28,32.0
158,158,35986.37375677409,18364.84528141941,311.0,0,28,32.0
159,159,35916.14075545168,18454.66485264872,311.0,0,28,32.0
160,160,35940.8192930805,18383.607105358325,311.0,0,28,32.0
161,161,35945.54905879654,18425.68793656691,311.0,0,28,32.0
162,162,35795.87647928554,18434.204097567108,311.0,0,28,32.0
163,163,35889.45205012497,18494.811300008965,313.0,0,28,32.0
164,164,35873.597338464846,18505.2395194872,313.0,0,28,32.0
165,165,35811.11110595969,18420.0207087443,313.0,0,28,32.0
166,166,35793.87892086787,18576.666491387798,314.0,0,28,32.0
167,167,35851.97142895818,18522.51358725881,315.0,0,28,32.0
168,168,35933.20769728466,18567.219486609967,315.0,0,28,32.0
169,169,35866.9777138474,18645.757741450656,315.0,0,28,32.0
170,170,35847.66823709824,18565.599478803684,315.0,0,28,32.0
171,171,35822.358054908575,18636.63211796405,316.0,0,28,32.0
172,172,35931.09938750016,18659.018472940432,316.0,0,28,32.0
173,173,35929.61065631645,18656.923795113184,316.0,0,28,32.0
174,174,35987.388948711035,18592.819662101498,316.0,0,28,32.0
175,175,35966.09850103553,18631.841141245382,316.0,0,28,32.0
176,176,35898.82478212773,18715.596227266364,317.0,0,28,32.0
177,177,35747.37839485842,18615.923837759856,317.0,0,28,32.0
178,178,35827.19072139695,18740.121967561958,318.0,0,28,32.0
179,179,35901.956447179466,18758.38567144815,318.0,0,28,32.0
180,180,35853.51525166306,18740.228690585573,318.0,0,28,32.0
181,181,36026.396854908584,18673.98916161765,319.0,0,28,32.0
182,182,36029.94472874987,18629.0117073722,319.0,0,28,32.0
183,183,36140.51392019593,18662.32523700148,321.0,0,28,32.0
184,184,36279.42453072074,18664.23432608286,322.0,0,28,32.0
185,185,35894.61071986574,18840.60223585197,323.0,0,28,32.0
186,186,35796.872188886395,18909.632001368027,324.0,0,28,32.0
187,187,36399.31528469605,18637.13286536296,324.0,0,28,32.0
188,188,35789.06982328805,18989.595554089592,325.0,0,28,32.0
189,189,36448.94546105273,18724.419787378934,325.0,0,28,32.0
190,190,35857.34915545823,19090.703782602737,326.0,0,28,32.0
191,191,36448.88065381775,18799.27324021258,326.0,0,28,32.0
192,192,36453.42384905626,18805.36108283539,326.0,0,28,32.0
193,193,35855.49646840509,19215.08581093847,327.0,0,28,32.0
194,194,36461.53199239462,18862.31513343176,327.0,0,28,32.0
195,195,36478.48638826351,18922.93884772957,327.0,0,28,32.0
196,196,35901.51596360289,19290.973797621995,328.0,0,28,32.0
197,197,36566.94366042644,18906.56531823552,328.0,0,28,32.0
198,198,35906.678631150615,19346.846139585727,329.0,0,28,32.0
199,199,35835.18825816554,19431.013519161766,330.0,0,28,32.0
200,200,35897.30254116686,19468.52490361413,331.0,0,28,32.0
201,201,35942.76730285579,19545.34321419418,332.0,0,28,32.0
202,202,36665.9665598452,18987.64370368592,332.0,0,28,32.0
203,203,36657.43072355065,18951.66004173036,332.0,0,28,32.0
204,204,36581.425027564015,18989.803669697943,332.0,0,28,32.0
205,205,36639.41040017231,18946.411013201385,332.0,0,28,32.0
206,206,35950.40127201771,19644.24822647848,333.0,0,28,32.0
207,207,36704.89321760104,18957.537926601904,333.0,0,28,32.0
208,208,35945.43410841002,19741.122948126897,334.0,0,28,32.0
209,209,36010.30955596912,19802.98855071098,335.0,0,28,32.0
210,210,35934.67498866214,19859.79918254389,335.0,0,28,32.0
211,211,36722.3090524457,19013.291595988685,335.0,0,28,32.0
212,212,36768.860318176536,19029.497791930484,335.0,0,28,32.0
213,213,36814.97007982835,19023.67415100909,335.0,0,28,32.0
214,214,36853.34629010798,19079.944126795508,336.0,0,28,32.0
215,215,36945.51027382797,19124.19154414291,337.0,0,28,32.0
216,216,36104.61629489035,19855.07833222161,338.0,0,28,32.0
217,217,35872.03220336407,19908.004089438225,338.0,0,28,32.0
218,218,35916.05766785013,19948.79669574711,340.0,0,28,32.0
219,219,36940.85422633417,19238.93098896607,340.0,0,28,32.0
220,220,35917.26946714925,20023.410521207352,341.0,0,28,32.0
221,221,37056.62957604384,19301.70429086347,341.0,0,28,32.0
222,222,37143.30597694822,19268.159981302204,343.0,0,28,32.0
223,223,35846.00614248888,19965.692369300323,344.0,0,28,32.0
224,224,37191.65722947844,19359.84776659676,344.0,0,28,32.0
225,225,37272.39618200751,19231.73042960611,344.0,0,28,32.0
226,226,37278.91726654817,19257.21949129492,344.0,0,28,32.0
227,227,35841.87443667523,20048.52073720891,346.0,0,28,32.0
228,228,35940.77383314525,20064.6402301142,346.0,0,28,32.0
229,229,37284.72765245598,19388.0891370353,346.0,0,28,32.0
230,230,37382.55938822567,19428.98289909368,347.0,0,28,32.0
231,231,35864.22813659055,20183.976142442614,348.0,0,28,32.0
232,232,37502.926202825976,19448.82314544266,348.0,0,28,32.0
233,233,35875.36808117533,20291.89434540776,349.0,0,28,32.0
234,234,37623.05299273417,19443.14711902684,349.0,0,28,32.0
235,235,37600.02694113188,19470.322676473417,349.0,0,28,32.0
236,236,37567.21130272113,19519.844756128517,349.0,0,28,32.0
237,237,37724.8260144062,19529.98121916455,350.0,0,28,32.0
238,238,37716.28925412784,19534.33866251963,350.0,0,28,32.0
239,239,37785.37798290953,19458.85454220457,351.0,0,28,32.0
240,240,35926.36902611472,20355.166874517225,352.0,0,28,32.0
241,241,35987.549110855405,20318.267508118995,352.0,0,28,32.0
242,242,35892.4830851522,20411.50261953053,352.0,0,28,32.0
243,243,36018.30684490677,20430.930152932266,354.0,0,28,32.0
244,244,37785.59456152737,19587.339271798533,354.0,0,28,32.0
245,245,37842.14408276957,19560.763993149278,354.0,0,28,32.0
246,246,35984.08803882302,20524.21951431084,355.0,0,28,32.0
247,247,36021.81157406001,20539.639391542376,355.0,0,28,32.0
248,248,37875.33848039238,19628.24556005477,355.0,0,28,32.0
249,249,37772.351522936326,19641.6902415829,355.0,0,28,32.0
250,250,37897.94775084122,19624.706808519742,355.0,0,28,32.0
251,251,37896.18071513208,19636.779337332,355.0,0,28,32.0
252,252,35939.72517652111,20600.229410699198,356.0,0,28,32.0
253,253,36008.50399323768,20621.8565939791,356.0,0,28,32.0
254,254,37960.56726977488,19674.25733197621,356.0,0,28,32.0
255,255,37977.99208306373,19552.477301509494,357.0,0,28,32.0
256,256,38069.68985686397,19719.28076980621,357.0,0,28,32.0
257,257,38030.2863092719,19603.38633361587,357.0,0,28,32.0
258,258,38067.35326259527,19668.274286334494,358.0,0,28,32.0
259,259,38139.09877536598,19694.081432074963,359.0,0,28,32.0
260,260,38147.168903335456,19680.20908971764,359.0,0,28,32.0
261,261,38216.68719582226,19650.38993525545,360.0,0,28,32.0
262,262,38232.4838131425,19677.426537860458,360.0,0,28,32.0
263,263,38180.74797439075,19598.80877631008,360.0,0,28,32.0
264,264,38280.07378588366,19682.95311905233,361.0,0,28,32.0
265,265,38242.37434010716,19764.256604392824,362.0,0,28,32.0
266,266,38332.164368209,19830.78578664171,363.0,0,28,32.0
267,267,35945.452675141336,20702.996973723097,364.0,0,28,32.0
268,268,38404.66562710844,19774.500215901524,364.0,0,28,32.0
269,269,38398.92753914267,19890.120857589085,364.0,0,28,32.0
270,270,38370.8540646409,19962.138279707797,365.0,0,28,32.0
271,271,38492.59861490529,19871.354265568974,365.0,0,28,32.0
272,272,38383.02084751294,19946.16528403246,365.0,0,28,32.0
273,273,38429.78500937774,19948.886033397437,365.0,0,28,32.0
274,274,38497.1806943502,19903.104223879407,367.0,0,28,32.0
275,275,38550.437927276966,19953.95591008411,367.0,0,28,32.0
276,276,35975.3863425184,20775.76626805448,369.0,0,28,32.0
277,277,35859.2185723761,20730.35327420633,370.0,0,28,32.0
278,278,38585.49928143591,20022.91421006733,370.0,0,28,32.0
279,279,35876.60752684776,20821.89030641435,372.0,0,28,32.0
280,280,38623.49052415808,19950.96287727774,372.0,0,28,32.0
281,281,7957.905170020967,-10428.792805336365,132.0,-1,-1,-1.0
282,282,-27232.036970627203,17173.806320062824,447.0,-1,-1,-1.0
283,283,34408.651625012804,-24040.26336554259,87.0,-1,45,-1.0
284,284,25829.5797400092,30827.427385563133,475.0,-1,-1,-1.0
285,285,-25487.799121750348,16725.784238090695,211.0,-1,-1,-1.0
286,286,-10831.221766614886,24524.61103962294,157.0,-1,-1,-1.0
287,287,26513.909549087926,6811.57071206296,341.0,-1,-1,-1.0
288,288,-11300.16393047729,5609.061166503758,150.0,-1,-1,-1.0
289,289,-11961.335623019051,17014.776566081528,151.0,-1,-1,-1.0
290,290,11057.114877095912,29599.055424158432,278.0,-1,-1,-1.0
291,291,20892.981636497447,16492.629487488346,236.0,-1,18,-1.0
292,292,-39801.13752934178,-13025.155513354995,43.0,-1,-1,-1.0
293,293,-7693.836556630151,-1753.6151104624587,395.0,-1,-1,-1.0
294,294,-27054.258032019745,24634.483996881838,405.0,-1,48,-1.0
295,295,-17538.580288079072,-29785.55594567856,150.0,-1,36,42.0
296,296,32208.428448826264,-22501.03500922221,117.0,-1,45,-1.0
297,297,-21206.58329778413,-5753.553553543556,289.0,-1,-1,-1.0
298,298,24155.34151012759,-21205.646928699254,495.0,-1,-1,-1.0
299,299,-12343.70908373182,35432.0845869613,296.0,-1,48,-1.0
300,300,-25464.97524229948,16951.119807201867,163.0,-1,-1,-1.0
301,301,-28694.88374176217,-24174.66555658843,489.0,-1,-1,-1.0
302,302,7407.888328529421,-10247.846395662064,339.0,-1,-1,-1.0
303,303,8050.676871045391,-16363.612115596125,464.0,-1,-1,-1.0
304,304,14590.957465749329,-37912.23630502611,120.0,-1,-1,-1.0
305,305,23575.138198447246,22784.990981183382,405.0,-1,-1,-1.0
306,306,26727.174537898725,-3846.0394900472384,50.0,-1,-1,-1.0
307,307,986.041930981235,36587.43524024091,5.0,-1,48,-1.0
308,308,-16987.93143108543,-4694.692964056616,133.0,-1,43,49.0
309,309,8526.952976142333,28323.653407889597,100.0,1,-1,-1.0
310,310,8507.646033180677,28397.09036503973,103.0,1,48,58.0
311,311,8478.530894103553,28397.662081907984,103.0,1,48,58.0
312,312,8439.467897112421,28438.083128095343,105.0,1,48,58.0
313,313,8342.922328470464,28503.62637876811,106.0,1,48,58.0
314,314,8268.970859095474,28593.09955839652,108.0,1,48,58.0
315,315,8249.267495690288,28478.18340198556,108.0,1,48,58.0
316,316,8206.067428892138,28518.98152292474,108.0,1,48,58.0
317,317,8207.348878237475,28611.692323369363,109.0,1,48,58.0
318,318,8115.399285611446,28656.99886864924,111.0,1,48,58.0
319,319,8090.123047433299,28743.726575623128,113.0,1,48,58.0
320,320,8113.056484548973,28784.499101066624,113.0,1,48,58.0
321,321,8036.128199271953,28803.280327700704,114.0,1,48,58.0
322,322,8048.862677179825,28824.17909241601,114.0,1,48,58.0
323,323,8020.074518523038,28939.44795768244,118.0,1,48,58.0
324,324,7966.308036476889,29044.608777535424,120.0,1,48,58.0
325,325,7978.855524212153,29153.452144719748,121.0,1,48,58.0
326,326,7873.532557472352,29057.26373661552,121.0,1,48,58.0
327,327,7832.95222668566,29148.04945588428,122.0,1,48,58.0
328,328,7790.333607807486,29025.05416350243,122.0,1,48,58.0
329,329,7708.225188550501,29120.917211691307,124.0,1,48,58.0
330,330,7735.659934525129,29015.131084301494,124.0,1,48,58.0
331,331,7633.768719420878,29130.32030330916,125.0,1,48,58.0
332,332,7571.318210474146,29170.730577279308,128.0,1,48,58.0
333,333,7584.0276777738845,29195.160343614945,128.0,1,48,58.0
334,334,7589.272539535484,29277.0701015781,129.0,1,48,58.0
335,335,7549.309765996609,29220.79489939252,131.0,1,48,58.0
336,336,7475.000920478636,29175.212557529696,135.0,1,48,58.0
337,337,7537.790324689442,29325.93936467005,135.0,1,48,58.0
338,338,7405.353377738351,29261.22390426485,137.0,1,48,58.0
339,339,7271.580706739501,29306.81238747294,139.0,1,48,58.0
340,340,7397.840716574345,29383.422675572994,139.0,1,48,58.0
341,341,7247.237464743674,29353.61649348473,140.0,1,48,58.0
342,342,7138.423348077385,29343.62412484983,142.0,1,48,58.0
343,343,7267.711780314458,29477.229602215943,142.0,1,48,58.0
344,344,7170.179025981932,29431.4980717477,142.0,1,48,58.0
345,345,7179.541384411392,29509.018767365844,143.0,1,48,58.0
346,346,7063.827966056212,29528.635955232337,145.0,1,48,58.0
347,347,7153.957821416052,29583.874367269254,145.0,1,48,58.0
348,348,7007.25241117435,29593.66191164301,147.0,1,48,58.0
349,349,7006.587662594051,29620.21808572518,147.0,1,48,58.0
350,350,6921.991016804825,29625.83147288296,148.0,1,48,58.0
351,351,6822.204328037204,29594.480415822945,150.0,1,48,58.0
352,352,6798.169589223953,29711.748731758897,152.0,1,48,58.0
353,353,6714.000408786982,29749.91444365544,153.0,1,48,58.0
354,354,6590.747932323477,29782.713997478448,154.0,1,48,58.0
355,355,6492.586604952064,29748.44474249907,155.0,1,48,58.0
356,356,6515.775879894961,29863.889242847912,155.0,1,48,58.0
357,357,6437.037742803537,29856.50357903536,158.0,1,48,58.0
358,358,6349.918657169178,29902.10778609644,159.0,1,48,58.0
359,359,6487.098001325473,29961.951840493963,159.0,1,48,58.0
360,360,6326.242062030562,29967.85821973231,160.0,1,48,58.0
361,361,6368.111422855439,30075.0953410477,161.0,1,48,58.0
362,362,6284.564875589999,30113.348477662657,162.0,1,48,58.0
363,363,6387.941302355535,30200.50088182683,162.0,1,48,58.0
364,364,6271.780952847667,30064.30921486549,162.0,1,48,58.0
365,365,6303.579012774487,30125.99507637697,162.0,1,48,58.0
366,366,6331.8589301013935,30197.220828173613,164.0,1,48,58.0
367,367,6227.664876139097,30107.954988667952,164.0,1,48,58.0
368,368,6226.619192547938,30232.102707838647,165.0,1,48,58.0
369,369,6137.274497440752,30200.116415891694,167.0,1,48,58.0
370,370,6087.97900813798,30297.2170791158,168.0,1,48,58.0
371,371,6004.02170862117,30332.192245137565,170.0,1,48,58.0
372,372,5920.980613045186,30295.3796372574,171.0,1,48,58.0
373,373,5931.659780111098,30437.82256212285,171.0,1,48,58.0
374,374,5846.585127133861,30409.940254583456,172.0,1,48,58.0
375,375,5787.922105150527,30444.59775783242,174.0,1,48,58.0
376,376,5686.562231543199,30451.285117263564,175.0,1,48,58.0
377,377,5605.467080434111,30472.05963010695,176.0,1,48,58.0
378,378,5535.635954187056,30514.502576452465,178.0,1,48,58.0
379,379,5419.574248930166,30543.328161010755,179.0,1,48,58.0
380,380,5469.230699790139,30621.73605153951,179.0,1,48,58.0
381,381,5505.118409091588,30438.018264787497,179.0,1,48,58.0
382,382,5497.532620740479,30638.33948495004,180.0,1,48,58.0
383,383,5409.400474579492,30610.75943853357,180.0,1,48,58.0
384,384,5416.89556975129,30531.77326040916,181.0,1,48,58.0
385,385,5467.908836445036,30691.30266246478,181.0,1,48,58.0
386,386,5371.867184928533,30569.973173424147,182.0,1,48,58.0
387,387,5296.4215554711,30627.570340873608,183.0,1,48,58.0
388,388,5195.844356100442,30618.41671695236,184.0,1,48,58.0
389,389,5117.631362850329,30560.473200626384,185.0,1,48,58.0
390,390,5111.808830743014,30684.058236020453,185.0,1,48,58.0
391,391,5070.809539378152,30728.771704397765,187.0,1,48,58.0
392,392,4996.386685466415,30689.98994419216,188.0,1,48,58.0
393,393,4868.193610796872,30670.752988896355,189.0,1,48,58.0
394,394,4882.945656285108,30800.946993931047,191.0,1,48,58.0
395,395,4789.033450102162,30829.080911942,194.0,1,48,58.0
396,396,4690.326538561671,30838.286664690106,197.0,1,48,58.0
397,397,4846.068290570482,30911.17494231909,197.0,1,48,58.0
398,398,4748.300294172719,30958.99729528673,200.0,1,48,58.0
399,399,4638.7166302085225,30904.930621845997,203.0,1,48,58.0
400,400,4777.930776925212,31057.059026135048,203.0,1,48,58.0
401,401,4647.499180696701,30932.573910223426,206.0,1,48,58.0
402,402,4652.697052517754,31085.923587642304,206.0,1,48,58.0
403,403,4603.713976221352,30993.20463028112,206.0,1,48,58.0
404,404,4537.472214138838,31050.98944878695,207.0,1,48,58.0
405,405,4480.97544381656,31076.340022365155,208.0,1,48,58.0
406,406,4458.629364057066,31057.566120832944,208.0,1,48,58.0
407,407,4513.75192543595,31182.5162743211,210.0,1,48,58.0
408,408,4399.464424532873,31129.28397616766,212.0,1,48,58.0
409,409,4299.105206711626,31143.551012063508,214.0,1,48,58.0
410,410,4315.642509135252,31264.207186658823,216.0,1,48,58.0
411,411,4258.076550155229,31340.820045341687,217.0,1,48,58.0
412,412,4225.355995863762,31396.93360780799,219.0,1,48,58.0
413,413,4165.401928884296,31472.58973836434,221.0,1,48,58.0
414,414,4112.901331665556,31576.69373580084,224.0,1,48,58.0
415,415,4044.443804437495,31676.74309065476,225.0,1,48,58.0
416,416,4037.573410312336,31526.52500212242,225.0,1,48,58.0
417,417,4024.682015960003,31628.488682794945,225.0,1,48,58.0
418,418,3928.4097639956394,31680.194835885923,226.0,1,48,58.0
419,419,3843.216830247368,31711.03665284073,227.0,1,48,58.0
420,420,3825.471835151154,31806.56341456648,229.0,1,48,58.0
421,421,3743.398990046276,31879.122020658684,230.0,1,48,58.0
422,422,3633.815028926778,31879.874918822075,231.0,1,48,58.0
423,423,3692.550889511349,31940.690878447596,231.0,1,48,58.0
424,424,3761.761975374612,31980.80835540409,231.0,1,48,58.0
425,425,3675.6773378285984,31954.103913382536,231.0,1,48,58.0
426,426,3682.089076889052,31926.45358690432,231.0,1,48,58.0
427,427,3635.533736742156,31934.82658292285,232.0,1,48,58.0
428,428,3563.0387955559368,31951.0579751468,233.0,1,48,58.0
429,429,3450.57533350154,32019.31941435916,235.0,1,48,58.0
430,430,3428.444492672116,32093.39421089669,236.0,1,48,58.0
431,431,3408.975114987953,32202.16749245604,238.0,1,48,58.0
432,432,3343.6786975081404,32122.121645272862,238.0,1,48,58.0
433,433,3377.3975828318094,32148.399466315223,238.0,1,48,58.0
434,434,3413.804077327269,32288.470543282343,239.0,1,48,58.0
435,435,3264.237640858654,32110.381044912003,239.0,1,48,58.0
436,436,3230.380666359317,32179.65342487856,241.0,1,48,58.0
437,437,3229.1329283440223,32183.202069528503,241.0,1,48,58.0
438,438,3136.234114516472,32154.38237989039,243.0,1,48,58.0
439,439,3124.1826342797394,32106.528199703225,243.0,1,48,58.0
440,440,3092.8426825686897,32171.63218475357,246.0,1,48,58.0
441,441,3026.2270671221763,32231.959961269444,248.0,1,48,58.0
442,442,2938.4252246302945,32303.24392815681,249.0,1,48,58.0
443,443,2865.6758176978224,32393.25070073816,250.0,1,48,58.0
444,444,2787.5369909483693,32438.347019796365,251.0,1,48,58.0
445,445,2752.3354573036595,32495.116370211566,254.0,1,48,58.0
446,446,2680.5458879036864,32563.444572822405,257.0,1,48,58.0
447,447,2591.0060182606585,32614.58578379093,258.0,1,48,58.0
448,448,2513.2616129818284,32504.467254702704,260.0,1,48,58.0
449,449,2643.211297265488,32701.660161712247,260.0,1,48,58.0
450,450,2697.717354018423,32672.68559485204,261.0,1,48,58.0
451,451,2767.4445892532294,32786.29338884024,263.0,1,48,58.0
452,452,2750.5026576561445,32899.46266228449,264.0,1,48,58.0
453,453,2697.680398824302,32839.582604610776,264.0,1,48,58.0
454,454,2717.746253495986,32898.66937419538,264.0,1,48,58.0
455,455,2619.567713317864,32781.447064575324,264.0,1,48,58.0
456,456,2680.537607071107,32834.078983468266,264.0,1,48,58.0
457,457,2597.192540831739,32911.335603029496,266.0,1,48,58.0
458,458,2640.3081699159256,32900.333819884945,266.0,1,48,58.0
459,459,2620.381117890175,32937.565294112545,266.0,1,48,58.0
460,460,2674.1418417255472,32950.6974012161,266.0,1,48,58.0
461,461,2565.476029599653,33007.567025565324,267.0,1,48,58.0
462,462,2590.0278630602324,33119.25858873351,268.0,1,48,58.0
463,463,2493.3048242032246,33068.21143018591,268.0,1,48,58.0
464,464,2463.315215441903,33122.06467206452,269.0,1,48,58.0
465,465,2514.5512777906265,33179.360684745094,269.0,1,48,58.0
466,466,2523.486915459549,33190.98428952594,271.0,1,48,58.0
467,467,2420.2528512848944,33171.44981188016,273.0,1,48,58.0
468,468,2424.552300607924,33235.00087656561,273.0,1,48,58.0
469,469,2419.375103117076,33267.55258349925,274.0,1,48,58.0
470,470,2477.2934337328143,33388.292018736895,276.0,1,48,58.0
471,471,2335.4950783871363,33360.013232288875,276.0,1,48,58.0
472,472,2314.0443639500777,33273.01348149522,276.0,1,48,58.0
473,473,2311.584564430812,33273.59493582706,276.0,1,48,58.0
474,474,2340.1022741158968,33451.64967194832,277.0,1,48,58.0
475,475,2361.6422721213967,33415.65877453316,277.0,1,48,58.0
476,476,2257.7058501282363,33451.91194444974,280.0,1,48,58.0
477,477,2184.571242718666,33395.793952163534,281.0,1,48,58.0
478,478,2054.5697497403776,33433.21387339891,282.0,1,48,58.0
479,479,1942.9665749606236,33456.0584864849,283.0,1,48,58.0
480,480,1948.498176274852,33554.52879160604,284.0,1,48,58.0
481,481,1927.9955246183392,33660.107716347215,285.0,1,48,58.0
482,482,1828.3179010131455,33679.38357602898,287.0,1,48,58.0
483,483,1808.635478121093,33659.710165328695,287.0,1,48,58.0
484,484,1898.6871190137056,33753.48897491556,289.0,1,48,58.0
485,485,1981.099961582935,33816.47393320042,290.0,1,48,58.0
486,486,1803.094311413732,33713.153479565284,290.0,1,48,58.0
487,487,1833.6323595967856,33756.689085227794,291.0,1,48,58.0
488,488,1799.293258409857,33851.56745978425,293.0,1,48,58.0
489,489,1714.686992718738,33782.573752576965,299.0,1,48,58.0
490,490,1673.5315484448877,33865.66700203413,300.0,1,48,58.0
491,491,1608.8492636616677,33935.29669737081,303.0,1,48,58.0
492,492,1593.794327301582,34030.61251786619,306.0,1,48,58.0
493,493,1557.6573235865958,34020.42883800592,306.0,1,48,58.0
494,494,1511.0618989354289,34040.12692217811,307.0,1,48,58.0
495,495,1480.6592362678678,34103.00067502528,307.0,1,48,58.0
496,496,1451.6951342022735,34194.746167286765,309.0,1,48,58.0
497,497,1471.8894886708435,34305.713485775355,312.0,1,48,58.0
498,498,1386.113752608488,34280.10265588694,312.0,1,48,58.0
499,499,1390.2566725606505,34264.99308466728,312.0,1,48,58.0
500,500,1336.9640983518707,34331.5860275506,315.0,1,48,58.0
501,501,-13374.464983070931,-12859.530979668143,246.0,-1,-1,-1.0
502,502,21928.51746556565,-17641.588322930256,174.0,-1,-1,-1.0
503,503,-5050.4168669021965,16015.579592951646,62.0,-1,-1,-1.0
504,504,-5366.448680964495,3121.399652990869,382.0,-1,27,-1.0
505,505,17700.716098875382,20336.68784827512,464.0,-1,18,-1.0
506,506,1013.4909528319622,-19140.49665116222,96.0,-1,31,-1.0
507,507,28008.680957941426,11799.824746425453,140.0,-1,15,-1.0
508,508,-30557.882741756373,27646.805283037625,334.0,-1,-1,-1.0
509,509,31625.79102571374,14667.2856849749,450.0,-1,-1,-1.0
510,510,20302.00145330481,32064.96591332645,31.0,-1,30,-1.0
511,511,33298.65403775631,-7784.662772152053,263.0,-1,33,-1.0
512,512,-33083.827344633595,-23748.50386428026,372.0,-1,39,-1.0
513,513,-2775.515242818132,29576.937830343493,360.0,-1,-1,-1.0
514,514,18614.29596166244,13508.74306180294,11.0,-1,-1,-1.0
515,515,-39613.2229841462,-21592.144654662927,387.0,-1,-1,-1.0
516,516,25782.6357635552,-14565.005159958746,108.0,-1,45,51.0
517,517,34013.37144507737,39387.96995297224,29.0,-1,-1,-1.0
518,518,-36911.024767944,22287.35687024858,125.0,-1,-1,-1.0
519,519,14793.062571813454,3171.025239378563,427.0,-1,2,-1.0
520,520,-22576.64075858355,-31953.48980720956,168.0,-1,-1,-1.0
521,521,-39425.4831334224,-36626.07657291633,166.0,-1,-1,-1.0
522,522,1837.7130777042769,-39856.643912732245,228.0,-1,-1,-1.0
523,523,11948.786588276716,22138.4058935601,244.0,-1,-1,-1.0
524,524,22999.290669912167,-31467.62127874124,402.0,-1,-1,-1.0
525,525,19769.351772116883,38095.73654943044,288.0,-1,-1,-1.0
526,526,216.64642030086543,-4184.94864971238,479.0,-1,-1,-1.0
527,527,26678.007228692382,33901.26690430689,385.0,-1,-1,-1.0
528,528,-7090.286087943874,31079.562550046263,203.0,-1,-1,-1.0
529,529,-13410.337696377956,-36186.71233330829,234.0,-1,36,-1.0
530,530,-30460.481204463453,-32988.555254388964,457.0,-1,34,-1.0
531,531,8180.261153237669,11162.534963586644,446.0,-1,8,-1.0
532,532,22950.06902618784,-25071.281894487976,172.0,-1,-1,-1.0
533,533,6167.0242780410335,-19383.57387901729,460.0,-1,-1,-1.0
534,534,9799.111170936296,-6513.55663792124,64.0,-1,-1,-1.0
535,535,-17540.045683774963,27815.848260084545,22.0,-1,48,59.0
536,536,-15930.377244992043,-37271.847877563145,53.0,-1,-1,-1.0
537,537,-27092.445659355573,-22149.361464141137,179.0,-1,-1,-1.0
538,538,35480.93441608141,-4988.905333318304,268.0,-1,-1,-1.0
539,539,-36122.19148197962,9914.333329724388,36.0,-1,24,-1.0
540,540,19797.878514894488,21211.751930718725,11.0,-1,18,-1.0
541,541,14423.96722131024,-13155.474910875782,23.0,-1,-1,-1.0
542,542,-34895.58134039025,36175.507524500645,439.0,-1,5,-1.0
543,543,-12301.11822314747,25349.47239016244,465.0,-1,48,-1.0
544,544,20970.193145443045,17686.53990362605,346.0,-1,18,-1.0
545,545,-30391.756580403868,-28021.005694096435,468.0,-1,-1,-1.0
546,546,30044.26726232715,-11323.537222592178,352.0,-1,-1,-1.0
547,547,-30394.407468418274,8917.511858862352,285.0,-1,-1,-1.0
548,548,33243.795798684965,-39656.18626500072,175.0,-1,-1,-1.0
549,549,-1569.1973845796674,-6349.1903121813375,129.0,-1,-1,-1.0
550,550,35229.92267349646,-38477.31118451414,452.0,-1,-1,-1.0
551,551,-7559.631049051721,28351.663421589416,61.0,2,48,56.0
552,552,-7463.576175404746,28350.286066993835,62.0,2,48,56.0
553,553,-7437.052657907953,28391.98560377995,62.0,2,48,56.0
554,554,-7398.221077853576,28289.25374256197,63.0,2,48,56.0
555,555,-7302.964194134679,28297.047524985424,67.0,2,48,56.0
556,556,-7306.775714281111,28353.461024715514,67.0,2,48,56.0
557,557,-7228.495369033618,28361.55437845257,68.0,2,48,56.0
558,558,-7212.523147892155,28341.144261549827,68.0,2,48,56.0
559,559,-7193.764475433417,28317.43099228586,68.0,2,48,56.0
560,560,-7132.221800785326,28348.960817586587,70.0,2,48,56.0
561,561,-7116.1781454810425,28245.66266229272,71.0,2,48,56.0
562,562,-7104.223250061228,28173.23679428036,73.0,2,48,56.0
563,563,-7050.88375157529,28346.471557852907,73.0,2,48,56.0
564,564,-7057.031750811018,28192.634602511407,74.0,2,48,56.0
565,565,-7019.058210686093,28104.757794052563,76.0,2,48,56.0
566,566,-7086.579744467637,28022.703071796142,77.0,2,48,56.0
567,567,-6973.278351259893,28029.17996080956,77.0,2,48,56.0
568,568,-6932.742888182904,28053.423266951475,78.0,2,48,56.0
569,569,-7124.769521091993,28000.097570386806,78.0,2,48,56.0
570,570,-7025.992626910896,27927.890847729388,79.0,2,48,56.0
571,571,-6964.408010736859,28013.4128227877,79.0,2,48,56.0
572,572,-6909.8293000782005,28065.95999197292,80.0,2,48,56.0
573,573,-6913.357723223817,27915.540560828656,80.0,2,48,56.0
574,574,-6917.680685155188,27988.31234309428,80.0,2,48,56.0
575,575,-6863.120056404411,27920.10969620858,81.0,2,48,56.0
576,576,-6799.118900974387,27839.352060733243,82.0,2,48,56.0
577,577,-6780.032610697312,27998.97961201067,82.0,2,48,56.0
578,578,-6725.08883497377,27880.16853394784,83.0,2,48,56.0
579,579,-6750.478753394637,27883.174689590916,83.0,2,48,56.0
580,580,-6750.06413658526,27816.653962918663,83.0,2,48,56.0
581,581,-6670.527447493735,27819.45496926493,84.0,2,48,56.0
582,582,-6651.265289589294,27773.96041080071,84.0,2,48,56.0
583,583,-6648.349871940621,27793.58046821827,84.0,2,48,56.0
584,584,-6651.3655108753655,27828.76036810993,84.0,2,48,56.0
585,585,-6578.061774431618,27804.179429013293,85.0,2,48,56.0
586,586,-6625.568878845487,27697.44184899621,85.0,2,48,56.0
587,587,-6493.014372229113,27745.407952452097,87.0,2,48,56.0
588,588,-6552.539217115075,27813.644171590007,87.0,2,48,56.0
589,589,-6509.124718929701,27645.74483976057,90.0,2,48,56.0
590,590,-6416.302050193023,27730.18384621433,90.0,2,48,56.0
591,591,-6353.667088683578,27687.98699961597,91.0,2,48,56.0
592,592,-6273.466631494418,27727.663985687355,93.0,2,48,56.0
593,593,-6188.075290338492,27696.143012583023,94.0,2,48,56.0
594,594,-6118.284357285388,27639.75785224294,95.0,2,48,56.0
595,595,-6041.509966510234,27603.87846382486,96.0,2,48,56.0
596,596,-5986.510819529395,27455.900643406847,97.0,2,48,56.0
597,597,-5953.422664321527,27549.49471664911,97.0,2,48,56.0
598,598,-5830.687952914826,27419.35018965314,98.0,2,48,56.0
599,599,-5928.8862271748,27419.465719381984,98.0,2,48,56.0
600,600,-5889.2075889057805,27326.56304101288,100.0,2,48,56.0
601,601,-5802.773493998195,27412.572445732283,102.0,2,48,56.0
602,602,-5713.775774373605,27340.99098497641,103.0,2,48,56.0
603,603,-5691.700016184327,27246.311970948645,106.0,2,48,56.0
604,604,-5667.837472190317,27249.9787255808,106.0,2,48,56.0
605,605,-5611.801667706053,27353.727768833556,106.0,2,48,56.0
606,606,-5581.140226705103,27340.733486378944,108.0,2,48,56.0
607,607,-5515.292151181083,27386.25498881291,112.0,2,48,56.0
608,608,-5408.664687258865,27373.118522033925,114.0,2,48,56.0
609,609,-5429.462371502515,27287.02355030922,114.0,2,48,56.0
610,610,-5391.341299954118,27222.18423569829,115.0,2,48,56.0
611,611,-5306.600639797065,27268.52418821057,116.0,2,48,56.0
612,612,-5204.8014967639,27285.58343389665,119.0,2,48,56.0
613,613,-5111.762704487775,27315.023461782897,120.0,2,48,56.0
614,614,-5018.867353401255,27218.57661916973,121.0,2,48,56.0
615,615,-4942.90027397106,27208.40121519577,122.0,2,48,56.0
616,616,-4998.68562454916,27283.18069435613,122.0,2,48,56.0
617,617,-4917.570135994943,27170.12840878551,124.0,2,48,56.0
618,618,-4911.828486374991,27161.532724102777,124.0,2,48,56.0
619,619,-4889.714600107347,27229.888604992662,124.0,2,48,56.0
620,620,-4821.4987520588,27243.4991002671,125.0,2,48,56.0
621,621,-4709.936081911225,27299.55479178557,126.0,2,48,56.0
622,622,-4606.230973568273,27283.62275907872,127.0,2,48,56.0
623,623,-4695.328523247856,27197.28224148785,127.0,2,48,56.0
624,624,-4598.238204052879,27260.34404246352,127.0,2,48,56.0
625,625,-4518.845705737968,27225.32324245658,129.0,2,48,56.0
626,626,-4411.875391565252,27235.382582296483,130.0,2,48,56.0
627,627,-4295.176556344369,27288.89096791913,131.0,2,48,56.0
628,628,-4197.1494772562,27310.99764414987,132.0,2,48,56.0
629,629,-4098.476150516448,27371.388043684896,133.0,2,48,56.0
630,630,-4086.5327758933954,27321.834981556214,133.0,2,48,56.0
631,631,-3968.841945765772,27344.268017197584,137.0,2,48,56.0
632,632,-4038.3374487812953,27267.10155200801,137.0,2,48,56.0
633,633,-3911.899476525314,27260.233065927197,142.0,2,48,56.0
634,634,-3937.810002906268,27259.61353381108,142.0,2,48,56.0
635,635,-3930.6587544048575,27283.600255627563,142.0,2,48,56.0
636,636,-3901.979328113229,27205.92315673503,143.0,2,48,56.0
637,637,-3817.823452384636,27164.857019578896,144.0,2,48,56.0
638,638,-3814.373113678893,27179.00743145797,144.0,2,48,56.0
639,639,-3756.8193802755695,27100.34442366338,145.0,2,48,56.0
640,640,-3771.9787272249546,27092.88491530019,145.0,2,48,56.0
641,641,-3723.253372637655,27127.85520039364,145.0,2,48,56.0
642,642,-3671.4649057581055,27025.466683903407,147.0,2,48,56.0
643,643,-3666.065766359818,27050.76002343205,147.0,2,48,56.0
644,644,-3655.220664315368,27045.472206970742,147.0,2,48,56.0
645,645,-3641.431520711104,27096.31609919069,147.0,2,48,56.0
646,646,-3591.0387248525903,27012.431633835877,148.0,2,48,56.0
647,647,-3521.6617827498326,27104.706467887056,149.0,2,48,56.0
648,648,-3482.9883027124924,27189.17249981001,150.0,2,48,56.0
649,649,-3396.0380623643414,27146.98188265522,154.0,2,48,56.0
650,650,-3396.16273263975,27114.46289645393,154.0,2,48,56.0
651,651,-3363.138705878297,27230.340686416443,159.0,2,48,56.0
652,652,-3326.70607668759,27336.565922616825,160.0,2,48,56.0
653,653,-3217.3875138220515,27385.51339645231,161.0,2,48,56.0
654,654,-3208.6638546675986,27333.621414796817,161.0,2,48,56.0
655,655,-3104.159614287724,27358.19687782237,163.0,2,48,56.0
656,656,-3124.7071820296387,27339.261698506627,163.0,2,48,56.0
657,657,-3058.442973465873,27283.19900298253,164.0,2,48,56.0
658,658,-2985.631547233525,27314.943991353928,164.0,2,48,56.0
659,659,-3043.4731587797287,27258.363804325552,164.0,2,48,56.0
660,660,-2931.6390953251766,27295.19853706213,165.0,2,48,56.0
661,661,-2901.72141456825,27285.2080254316,165.0,2,48,56.0
662,662,-2804.043884845751,27315.17951407682,166.0,2,48,56.0
663,663,-2775.388003683513,27231.85211855079,167.0,2,48,56.0
664,664,-2694.8969537359626,27212.353580778068,168.0,2,48,56.0
665,665,-2597.628167279652,27215.105565965798,170.0,2,48,56.0
666,666,-2530.9059921551875,27240.503229231406,171.0,2,48,56.0
667,667,-2463.3033769261965,27346.875082181632,172.0,2,48,56.0
668,668,-2411.067650131943,27327.276493677866,173.0,2,48,56.0
669,669,-2372.063862111195,27420.50671848652,174.0,2,48,56.0
670,670,-2277.1776653121988,27435.967734526806,175.0,2,48,56.0
671,671,-2297.3539866951155,27342.83970852753,176.0,2,48,56.0
672,672,-2199.920410172758,27263.386409031384,177.0,2,48,56.0
673,673,-2187.5008396382896,27172.95255870397,178.0,2,48,56.0
674,674,-2168.190568248588,27092.923650369885,179.0,2,48,56.0
675,675,-2058.439599736,27171.45551002596,179.0,2,48,56.0
676,676,-1951.6167798219567,27098.646764786758,181.0,2,48,56.0
677,677,-1948.3819787411487,27022.93279227826,184.0,2,48,56.0
678,678,-1849.6514174262777,27141.87635909047,184.0,2,48,56.0
679,679,-1826.070342622316,27089.689687163005,184.0,2,48,56.0
680,680,-1823.4932824939656,27019.88224479661,186.0,2,48,56.0
681,681,-1737.2235443876496,27000.823940008348,187.0,2,48,56.0
682,682,-1664.7905986404885,27036.09093937632,188.0,2,48,56.0
683,683,-1609.4412531265284,27006.11253315805,189.0,2,48,56.0
684,684,-1543.0828266291294,27102.38629729837,190.0,2,48,56.0
685,685,-1522.2748804037792,26892.495379277098,190.0,2,48,56.0
686,686,-1463.50551344353,26943.146579208704,192.0,2,48,56.0
687,687,-1540.5697222758488,26915.460671526984,192.0,2,48,56.0
688,688,-1418.06805091698,26908.280354247985,193.0,2,48,56.0
689,689,-1318.4392991763057,26875.59070797473,194.0,2,48,56.0
690,690,-1316.7187286959363,26895.10425387681,194.0,2,48,56.0
691,691,-1256.353469745153,26944.29419571565,195.0,2,48,56.0
692,692,-1127.7649162267423,26951.19412308324,197.0,2,48,56.0
693,693,-1159.4546985445168,26931.514888875183,197.0,2,48,56.0
694,694,-1039.110843616119,26943.878310151445,198.0,2,48,56.0
695,695,-1020.3737471527262,26936.038794036016,198.0,2,48,56.0
696,696,-948.5050569909286,26995.83677166671,199.0,2,48,56.0
697,697,-909.0771524644496,27033.593427924687,200.0,2,48,56.0
698,698,-809.2117960798088,27084.67216418187,201.0,2,48,56.0
699,699,-903.6489771046764,26922.273978798657,201.0,2,48,56.0
700,700,-760.5756452771607,26966.495115570116,202.0,2,48,56.0
701,701,-663.5353178978133,26919.57368686113,204.0,2,48,56.0
702,702,-544.5703193289617,26874.92401092801,205.0,2,48,56.0
703,703,-434.5504609458766,26894.191691557837,207.0,2,48,56.0
704,704,-337.453821786768,26911.881524842305,208.0,2,48,56.0
705,705,-259.8374433908901,26943.118824878293,209.0,2,48,56.0
706,706,-177.02009324042177,26957.214580741093,214.0,2,48,56.0
707,707,-130.31727734820925,26896.486638222515,214.0,2,48,56.0
708,708,-143.41797530879697,26900.279183514816,214.0,2,48,56.0
709,709,-145.99789724246065,26941.308571797683,214.0,2,48,56.0
710,710,-228.34213176512375,27019.75262443741,214.0,2,48,56.0
711,711,-50.24762639943094,26945.50291004928,215.0,2,48,56.0
712,712,40.10654038184392,26974.32410741283,218.0,2,48,56.0
713,713,80.31584175583598,26969.924664357943,218.0,2,48,56.0
714,714,125.6384731213502,26875.263230626613,220.0,2,48,56.0
715,715,31.480187088676995,26903.237293939488,220.0,2,48,56.0
716,716,204.5125630108302,26877.76333870791,221.0,2,48,56.0
717,717,321.5858311817444,26825.47689033897,222.0,2,48,56.0
718,718,290.30713350799573,26892.412183272056,222.0,2,48,56.0
719,719,382.338386313948,26858.391633033167,223.0,2,48,56.0
720,720,376.5888538431917,26838.609417677,223.0,2,48,56.0
721,721,492.8571992260844,26813.153834029617,224.0,2,48,56.0
722,722,466.55166863513153,26781.562455965857,224.0,2,48,56.0
723,723,466.71615531524776,26699.964190051225,225.0,2,48,56.0
724,724,558.5397108064997,26693.3473944339,226.0,2,48,56.0
725,725,553.2059858205038,26705.14484431799,226.0,2,48,56.0
726,726,609.0479950638254,26737.185910422613,227.0,2,48,56.0
727,727,559.8401892365343,26843.431722783134,228.0,2,48,56.0
728,728,590.931266994051,26741.408076455868,229.0,2,48,56.0
729,729,660.5863513257718,26911.909272396955,229.0,2,48,56.0
730,730,725.8055188110391,26817.90827029489,230.0,2,48,56.0
731,731,720.3236523698112,26829.8783205497,230.0,2,48,56.0
732,732,741.0900054054025,26933.57725179184,231.0,2,48,56.0
733,733,806.436413508339,26936.525885118936,232.0,2,48,56.0
734,734,840.309847705212,26854.73696679764,233.0,2,48,56.0
735,735,878.266573761438,26934.06297621148,234.0,2,48,56.0
736,736,902.5916182913512,26849.054039654588,234.0,2,48,56.0
737,737,952.2394003739512,26815.813835034787,235.0,2,48,56.0
738,738,1058.308940526212,26792.427754423414,237.0,2,48,56.0
739,739,1122.0990195961435,26712.715624917026,240.0,2,48,56.0
740,740,1193.3938990657994,26759.04794694257,241.0,2,48,56.0
741,741,1260.781410862542,26657.264688342297,241.0,2,48,56.0
742,742,1347.9054827254984,26699.943214912008,244.0,2,48,56.0
743,743,1466.5380880713035,26735.46347063751,245.0,2,48,56.0
744,744,1309.6088901426954,26784.708459552425,245.0,2,48,56.0
745,745,1244.6788909615575,26680.783148182825,245.0,2,48,56.0
746,746,1537.777749461986,26628.816687051603,246.0,2,48,56.0
747,747,1571.511168676554,26539.52109483849,247.0,2,48,56.0
748,748,1629.0468584104626,26648.894658557623,247.0,2,48,56.0
749,749,1347.2779999483246,26806.549761610808,247.0,2,48,56.0
750,750,1690.0082137568977,26584.242088375035,248.0,2,48,56.0
751,751,1770.0911269347357,26620.62011227463,249.0,2,48,56.0
752,752,1439.096663097525,26779.69358403669,249.0,2,48,56.0
753,753,1889.054886619212,26580.3432124193,250.0,2,48,56.0
754,754,1886.142152724961,26573.401038851644,250.0,2,48,56.0
755,755,1872.9988568751555,26634.399561618156,250.0,2,48,56.0
756,756,1567.6587128670467,26795.53919651395,250.0,2,48,56.0
757,757,1493.1378991195595,26848.12190619143,250.0,2,48,56.0
758,758,1418.8104412924336,26877.99316570708,250.0,2,48,56.0
759,759,1959.6778501569224,26533.740947730355,251.0,2,48,56.0
760,760,2041.436512595366,26616.843423228824,252.0,2,48,56.0
761,761,1593.6140229682214,26845.152385472284,252.0,2,48,56.0
762,762,1542.4875548570578,26762.15923076127,252.0,2,48,56.0
763,763,2136.6199976535177,26679.258221742813,253.0,2,48,56.0
764,764,1663.194377069974,26779.076751984725,253.0,2,48,56.0
765,765,1630.5206720225988,26874.53856477037,253.0,2,48,56.0
766,766,1625.96813205741,26879.53604538635,253.0,2,48,56.0
767,767,2194.774731699164,26715.682316845137,254.0,2,48,56.0
768,768,2255.4846416608234,26638.808822672632,254.0,2,48,56.0
769,769,2283.558915276494,26570.934220042323,255.0,2,48,56.0
770,770,2301.480645796099,26640.976886639848,255.0,2,48,56.0
771,771,2314.2779731416063,26610.94869298108,255.0,2,48,56.0
772,772,1701.3918653572257,26914.451991321333,255.0,2,48,56.0
773,773,1729.1842293394682,26857.946891434844,255.0,2,48,56.0
774,774,1680.7343980791857,26787.26806913516,255.0,2,48,56.0
775,775,1644.0435357266792,26937.489891446054,255.0,2,48,56.0
776,776,2351.793128377297,26578.51038374793,257.0,2,48,56.0
777,777,1738.6693940245264,26859.283808726883,257.0,2,48,56.0
778,778,2459.785993538869,26509.076828377954,258.0,2,48,56.0
779,779,2447.7376667702038,26479.43265257795,258.0,2,48,56.0
780,780,2420.4962399756328,26651.385493723792,258.0,2,48,56.0
781,781,2567.839386099853,26548.66881610216,259.0,2,48,56.0
782,782,2652.1098434652035,26587.61503276541,260.0,2,48,56.0
783,783,1817.634574856248,26806.470075414323,260.0,2,48,56.0
784,784,2739.440645175093,26567.00398158168,261.0,2,48,56.0
785,785,2790.806772170393,26446.436513320463,262.0,2,48,56.0
786,786,2862.698350663831,26424.180823295428,264.0,2,48,56.0
787,787,2844.1226340004587,26513.753878513617,264.0,2,48,56.0
788,788,2869.4535236350544,26392.81979583529,264.0,2,48,56.0
789,789,1920.3120496023523,26837.17796883863,264.0,2,48,56.0
790,790,2976.16986680584,26500.337166521254,265.0,2,48,56.0
791,791,2948.674100545835,26355.623116258503,265.0,2,48,56.0
792,792,2908.3301405307498,26349.000622667885,265.0,2,48,56.0
793,793,1999.2664005240165,26820.41790846363,265.0,2,48,56.0
794,794,2076.0963859054204,26873.524385940924,266.0,2,48,56.0
795,795,2088.1221903024657,26841.66376828761,266.0,2,48,56.0
796,796,2935.953133999954,26319.461869508083,267.0,2,48,56.0
797,797,3048.7625835338918,26390.57432900461,267.0,2,48,56.0
798,798,2083.036009293487,26976.729470786624,267.0,2,48,56.0
799,799,3080.2619589995884,26364.57653684012,268.0,2,48,56.0
800,800,2140.656278356855,26914.35033693103,268.0,2,48,56.0
801,801,2051.4891627142497,27052.53144281777,268.0,2,48,56.0
802,802,2095.5655665665586,27054.64209686769,269.0,2,48,56.0
803,803,2214.9779648596345,26969.35099992334,269.0,2,48,56.0
804,804,2241.077514161864,26992.14905813325,270.0,2,48,56.0
805,805,3060.523173477723,26284.841279373843,272.0,2,48,56.0
806,806,3067.8975801473352,26204.2887836188,273.0,2,48,56.0
807,807,2333.4778316133456,27041.303322416745,273.0,2,48,56.0
808,808,2335.4939268675644,27006.38663874519,273.0,2,48,56.0
809,809,3152.829928760059,26144.4722154192,274.0,2,48,56.0
810,810,3153.703199652168,26237.190293910044,274.0,2,48,56.0
811,811,2421.1177953225247,27054.105208924237,274.0,2,48,56.0
812,812,2440.429897988624,27050.0146323562,274.0,2,48,56.0
813,813,2515.519794170685,27123.406010392788,275.0,2,48,56.0
814,814,3256.6069723967166,26177.920542530726,277.0,2,48,56.0
815,815,3238.931424592554,26100.78306929634,278.0,2,48,56.0
816,816,2555.862815481303,27195.057165541148,278.0,2,48,56.0
817,817,2583.618864651064,27210.342949723465,278.0,2,48,56.0
818,818,2566.031459275155,27173.52730824372,278.0,2,48,56.0
819,819,3283.9151191716173,26058.867008352263,279.0,2,48,56.0
820,820,2545.144310154255,27300.746514363876,279.0,2,48,56.0
821,821,3309.633185440071,25941.70680564237,281.0,2,48,56.0
822,822,2614.37880021771,27246.810215995025,281.0,2,48,56.0
823,823,3405.901746642809,25986.83665415816,282.0,2,48,56.0
824,824,3495.1664408500224,25904.5787573556,283.0,2,48,56.0
825,825,3502.259374101018,25932.595462001475,283.0,2,48,56.0
826,826,3540.338861199232,26040.94647852379,283.0,2,48,56.0
827,827,3519.8056512408843,25959.80356936651,283.0,2,48,56.0
828,828,2685.1663281013107,27315.77739897733,283.0,2,48,56.0
829,829,2788.050681741105,27391.80392931214,284.0,2,48,56.0
830,830,2786.6634057121923,27480.9267606417,285.0,2,48,56.0
831,831,2892.351269490107,27575.413481098843,287.0,2,48,56.0
832,832,3559.4462162413884,25903.9373535174,290.0,2,48,56.0
833,833,2948.293914801417,27625.84041856169,290.0,2,48,56.0
834,834,3660.182074919606,25903.744315136,292.0,2,48,56.0
835,835,3059.579812129921,27540.40182147745,292.0,2,48,56.0
836,836,3001.7366049791126,27665.365382694938,292.0,2,48,56.0
837,837,3766.57182765045,25824.994681997014,293.0,2,48,56.0
838,838,3724.159522795311,25830.43727237857,293.0,2,48,56.0
839,839,3098.607139739474,27630.270402820945,293.0,2,48,56.0
840,840,3143.762770462438,27584.210666793144,293.0,2,48,56.0
841,841,3108.672747023472,27544.12662849184,293.0,2,48,56.0
842,842,3831.8708422487584,25790.49649271686,294.0,2,48,56.0
843,843,3917.12389905933,25835.97528126454,295.0,2,48,56.0
844,844,3892.106846437403,25696.10756047589,295.0,2,48,56.0
845,845,3056.832564894542,27646.36698510353,295.0,2,48,56.0
846,846,3111.824365145872,27546.98318979401,296.0,2,48,56.0
847,847,3157.0327281999425,27695.23033156996,296.0,2,48,56.0
848,848,3971.712416599085,25713.734451689976,297.0,2,48,56.0
849,849,4077.5172209659695,25702.64533364993,298.0,2,48,56.0
850,850,4081.6773063367455,25720.526607870142,298.0,2,48,56.0
851,851,4032.523621321861,25649.787300182736,298.0,2,48,56.0
852,852,4098.459584407882,25615.29130433664,299.0,2,48,56.0
853,853,4187.364549568028,25593.389645858755,300.0,2,48,56.0
854,854,4093.638412474045,25527.40014893041,300.0,2,48,56.0
855,855,4181.388291379534,25628.140592822143,301.0,2,48,56.0
856,856,3254.295515814192,27600.15225696636,301.0,2,48,56.0
857,857,3218.03678443632,27671.959987028677,301.0,2,48,56.0
858,858,3152.679982924421,27710.506794504017,301.0,2,48,56.0
859,859,3175.068983544881,27486.78276855551,301.0,2,48,56.0
860,860,4276.574584399036,25668.53725013093,302.0,2,48,56.0
861,861,3305.306012585836,27639.75795794507,302.0,2,48,56.0
862,862,4301.376222022038,25563.971855315154,303.0,2,48,56.0
863,863,3377.7649834843014,27691.426867872604,303.0,2,48,56.0
864,864,4399.932143952711,25632.877846664025,304.0,2,48,56.0
865,865,4409.868165113131,25553.08356884689,304.0,2,48,56.0
866,866,4416.722057949802,25543.23671231306,304.0,2,48,56.0
867,867,4380.7567993987805,25540.719811629824,304.0,2,48,56.0
868,868,4372.524218441474,25611.40809870217,304.0,2,48,56.0
869,869,4471.612983175779,25510.40103773505,305.0,2,48,56.0
870,870,4500.372406763439,25585.20864980982,306.0,2,48,56.0
871,871,3469.191068262818,27758.50704462692,306.0,2,48,56.0
872,872,3467.823192189554,27700.207783343125,306.0,2,48,56.0
873,873,3421.8329332022004,27580.84440581319,306.0,2,48,56.0
874,874,3415.958105313157,27806.355903660533,306.0,2,48,56.0
875,875,4618.607285992066,25600.885283004616,307.0,2,48,56.0
876,876,4534.70789666656,25504.5172528593,307.0,2,48,56.0
877,877,3545.002047642487,27752.616223098823,307.0,2,48,56.0
878,878,4653.452200410953,25534.07098261805,308.0,2,48,56.0
879,879,4647.813270484623,25488.727695669848,308.0,2,48,56.0
880,880,4639.063637071481,25589.503195657053,308.0,2,48,56.0
881,881,4634.295752451248,25427.328438934037,309.0,2,48,56.0
882,882,4698.297786266093,25598.58457486333,309.0,2,48,56.0
883,883,3659.775816068128,27779.03166246119,309.0,2,48,56.0
884,884,3561.9186797921307,27817.76312429964,309.0,2,48,56.0
885,885,3754.91007045026,27805.1372352818,310.0,2,48,56.0
886,886,3597.9707560315737,27922.550302286472,310.0,2,48,56.0
887,887,3683.8132884984366,27860.126825801974,310.0,2,48,56.0
888,888,4745.598511296028,25411.21694969333,311.0,2,48,56.0
889,889,4851.445276492835,25324.06818325328,312.0,2,48,56.0
890,890,4791.203121642882,25334.32236093066,312.0,2,48,56.0
891,891,4816.371621816921,25403.40807971293,312.0,2,48,56.0
892,892,3755.705012342296,27895.808462664176,312.0,2,48,56.0
893,893,3831.9918668018618,27988.473934822065,314.0,2,48,56.0
894,894,3804.2809635113376,27969.040673008916,314.0,2,48,56.0
895,895,4937.299703801476,25372.733157708928,315.0,2,48,56.0
896,896,5035.897545437095,25422.853034410226,317.0,2,48,56.0
897,897,5020.805017718951,25342.96066336001,317.0,2,48,56.0
898,898,3923.8374163601,28021.44979309531,317.0,2,48,56.0
899,899,5113.830976903262,25350.214145842616,318.0,2,48,56.0
900,900,4026.34821907714,27950.33565157183,319.0,2,48,56.0
901,901,3999.680790763713,28103.392492661136,319.0,2,48,56.0
902,902,5154.2031229313125,25406.09959123525,320.0,2,48,56.0
903,903,5190.93426147394,25320.128388693294,320.0,2,48,56.0
904,904,4054.210744477156,28106.122670005123,320.0,2,48,56.0
905,905,3995.6453575342166,28112.118503493493,320.0,2,48,56.0
906,906,3981.491251671449,28088.71237462636,320.0,2,48,56.0
907,907,5201.148396437555,25254.725393909288,321.0,2,48,56.0
908,908,4104.389442664984,28164.76371416914,321.0,2,48,56.0
909,909,4068.953080229017,28154.050434090805,321.0,2,48,56.0
910,910,5225.982039970163,25162.18424366115,322.0,2,48,56.0
911,911,5308.236404783109,25201.49553824424,322.0,2,48,56.0
912,912,4154.625497653481,28225.59835864065,322.0,2,48,56.0
913,913,4180.933631041408,28113.80428126613,322.0,2,48,56.0
914,914,5345.184581151248,25107.768908930782,323.0,2,48,56.0
915,915,4176.05213854906,28285.221618087333,323.0,2,48,56.0
916,916,4185.579661844944,28269.10166967346,323.0,2,48,56.0
917,917,5400.514320639899,25135.574382135303,326.0,2,48,56.0
918,918,5469.335910316075,25140.05831626888,326.0,2,48,56.0
919,919,4203.078264985505,28182.40920607296,326.0,2,48,56.0
920,920,5559.410551352145,25149.67377765185,327.0,2,48,56.0
921,921,4268.526256961445,28253.96705701133,327.0,2,48,56.0
922,922,4286.026250664291,28169.26383363204,327.0,2,48,56.0
923,923,4362.279740773629,28244.27314628673,328.0,2,48,56.0
924,924,5648.968324792201,25089.544904046223,329.0,2,48,56.0
925,925,4452.53285506499,28272.59071597047,330.0,2,48,56.0
926,926,4457.834711163466,28360.05340567381,331.0,2,48,56.0
927,927,4540.948365300994,28401.05522522905,333.0,2,48,56.0
928,928,4581.0727618890405,28314.21991406871,333.0,2,48,56.0
929,929,4518.994547502434,28395.81400431135,333.0,2,48,56.0
930,930,4543.296677738944,28370.89290394384,333.0,2,48,56.0
931,931,5715.986864787181,25020.167281606104,334.0,2,48,56.0
932,932,5770.714135155751,24989.52784465894,336.0,2,48,56.0
933,933,4596.288378080732,28263.579206453905,336.0,2,48,56.0
934,934,4519.218269478129,28488.91774528437,336.0,2,48,56.0
935,935,5880.429667641936,24921.02660212553,337.0,2,48,56.0
936,936,5831.936763125687,25033.17855619663,337.0,2,48,56.0
937,937,5868.0916293585815,25054.247327878496,337.0,2,48,56.0
938,938,5852.68448704259,24925.68979150526,337.0,2,48,56.0
939,939,5914.853945868103,25017.589949491983,338.0,2,48,56.0
940,940,4589.810975777857,28465.84099649625,339.0,2,48,56.0
941,941,4689.467920149176,28439.24981429645,340.0,2,48,56.0
942,942,6008.942526280776,24972.929342951466,341.0,2,48,56.0
943,943,5999.005087441208,25023.48944975223,341.0,2,48,56.0
944,944,6063.162531330664,25076.23727326784,344.0,2,48,56.0
945,945,6086.282273369101,24971.74486787673,344.0,2,48,56.0
946,946,4799.449876750428,28480.48425690592,344.0,2,48,56.0
947,947,6145.5996400629365,25095.32723489124,345.0,2,48,56.0
948,948,4820.704131877076,28569.00120883532,345.0,2,48,56.0
949,949,4877.242875512696,28524.880670436127,345.0,2,48,56.0
950,950,6115.281604194021,24972.963546329007,347.0,2,48,56.0
951,951,4931.893989660742,28573.069170805476,347.0,2,48,56.0
952,952,6217.597652332458,24985.08246656788,348.0,2,48,56.0
953,953,6208.745621474473,24933.6441510757,348.0,2,48,56.0
954,954,5005.39966383447,28645.549559105813,348.0,2,48,56.0
955,955,4950.685446521181,28640.5584203032,348.0,2,48,56.0
956,956,6309.81380882031,24963.169250299903,351.0,2,48,56.0
957,957,6324.362069385384,24950.35080255205,351.0,2,48,56.0
958,958,6330.836041422052,24885.517568675543,352.0,2,48,56.0
959,959,5086.180980502663,28681.126817966902,352.0,2,48,56.0
960,960,6426.705036017068,24846.292066307626,353.0,2,48,56.0
961,961,6425.880935228424,24924.97964139005,353.0,2,48,56.0
962,962,5155.485514627862,28673.55459100732,353.0,2,48,56.0
963,963,5140.427246459453,28758.32228948613,355.0,2,48,56.0
964,964,6464.176457193295,24792.03544711213,358.0,2,48,56.0
965,965,5226.253508706239,28740.32382170173,358.0,2,48,56.0
966,966,5217.94489582223,28740.22802142591,358.0,2,48,56.0
967,967,5164.9050405508815,28848.04816087791,358.0,2,48,56.0
968,968,6562.324478893559,24778.985274727554,359.0,2,48,56.0
969,969,6560.929886770142,24810.2798462719,359.0,2,48,56.0
970,970,5306.230707548962,28706.28416586028,359.0,2,48,56.0
971,971,5281.441951625798,28835.38339616555,359.0,2,48,56.0
972,972,6641.209875177022,24779.577355864894,360.0,2,48,56.0
973,973,5323.737091301163,28847.626121974743,360.0,2,48,56.0
974,974,6703.468914152749,24705.616169764515,362.0,2,48,56.0
975,975,5353.432877253492,28946.6287142279,362.0,2,48,56.0
976,976,5414.336830943781,28893.84234048355,362.0,2,48,56.0
977,977,5372.456142909129,28945.34148416782,362.0,2,48,56.0
978,978,6817.398883677852,24724.4673906812,363.0,2,48,56.0
979,979,5451.950784943322,29018.31626283138,363.0,2,48,56.0
980,980,5433.410561886301,29021.57718929076,363.0,2,48,56.0
981,981,6934.28538748164,24745.001619596336,364.0,2,48,56.0
982,982,6990.719786087323,24673.300187388857,365.0,2,48,56.0
983,983,7035.348695618919,24746.7929321655,365.0,2,48,56.0
984,984,7015.774134665593,24770.69191400624,366.0,2,48,56.0
985,985,7087.622962774268,24760.24560474187,366.0,2,48,56.0
986,986,5504.939692566913,29087.09311858384,366.0,2,48,56.0
987,987,5458.941508782211,29103.14791623388,366.0,2,48,56.0
988,988,5512.59866440818,29053.33400017206,366.0,2,48,56.0
989,989,5504.160266183118,29148.707962922348,367.0,2,48,56.0
990,990,5538.333249914457,29254.41923765738,368.0,2,48,56.0
991,991,7149.224191651239,24699.24767055155,371.0,2,48,56.0
992,992,7089.571302858254,24692.70945204757,371.0,2,48,56.0
993,993,7014.275442710046,24662.45067547688,371.0,2,48,56.0
994,994,5614.53024808862,29340.06682615162,373.0,2,48,56.0
995,995,5558.27408247085,29346.81676222819,373.0,2,48,56.0
996,996,7129.476423174667,24597.221731497397,374.0,2,48,56.0
997,997,7179.782368774394,24639.173813982143,374.0,2,48,56.0
998,998,7130.390647265114,24586.825420533227,374.0,2,48,56.0
999,999,5678.564283869964,29396.2543153181,374.0,2,48,56.0
1000,1000,7196.12817027419,24531.46498795273,376.0,2,48,56.0
1001,1001,5788.629363675953,29432.68702577137,376.0,2,48,56.0
1002,1002,5784.250468946133,29318.56538968733,377.0,2,48,56.0
1003,1003,5902.890897886173,29439.043227196387,377.0,2,48,56.0
1004,1004,7269.85150359087,24553.29914346095,378.0,2,48,56.0
1005,1005,7372.970683381085,24498.47078896008,379.0,2,48,56.0
1006,1006,5916.227393251611,29344.83920836822,379.0,2,48,56.0
1007,1007,5862.456962170009,29437.557646454872,379.0,2,48,56.0
1008,1008,5944.815656231226,29371.437940278967,379.0,2,48,56.0
1009,1009,7292.49083519216,24558.366129361468,380.0,2,48,56.0
1010,1010,7401.145381456199,24395.736441096586,380.0,2,48,56.0
1011,1011,5964.331322451853,29469.623473932857,380.0,2,48,56.0
1012,1012,6049.600785141144,29450.18666373967,382.0,2,48,56.0
1013,1013,7439.475486771858,24462.95417962972,383.0,2,48,56.0
1014,1014,7509.750403721095,24518.42262288788,385.0,2,48,56.0
1015,1015,7507.081769844387,24415.28961363022,386.0,2,48,56.0
1016,1016,6118.194144924537,29544.270318375016,386.0,2,48,56.0
1017,1017,6216.718445692622,29446.946102779057,388.0,2,48,56.0
1018,1018,6058.90606579859,29604.76122563077,388.0,2,48,56.0
1019,1019,7579.9509611382,24492.827352339573,389.0,2,48,56.0
1020,1020,6205.563589251672,29539.19282075968,390.0,2,48,56.0
1021,1021,6246.602047147973,29564.983133352907,390.0,2,48,56.0
1022,1022,6188.510264097168,29665.33794864196,391.0,2,48,56.0
1023,1023,7582.127915983723,24409.22956174089,392.0,2,48,56.0
1024,1024,7647.0262841298,24429.605938627024,392.0,2,48,56.0
1025,1025,7693.725036738767,24495.958862990843,392.0,2,48,56.0
1026,1026,6280.988074109352,29637.656051320857,393.0,2,48,56.0
1027,1027,6256.128185969663,29628.152678643517,393.0,2,48,56.0
1028,1028,7740.23750097518,24396.082621910748,394.0,2,48,56.0
1029,1029,7810.812784767188,24470.912381003596,395.0,2,48,56.0
1030,1030,6235.671313710657,29703.38556727193,396.0,2,48,56.0
1031,1031,6353.004086178713,29717.57923682624,396.0,2,48,56.0
1032,1032,6256.747974373273,29744.908828467487,396.0,2,48,56.0
1033,1033,7914.523935060894,24466.17770566517,397.0,2,48,56.0
1034,1034,6353.213832511355,29803.475564710283,397.0,2,48,56.0
1035,1035,6359.652900668684,29791.662810198075,397.0,2,48,56.0
1036,1036,6345.98285724992,29825.69462357685,397.0,2,48,56.0
1037,1037,7975.830854572033,24506.30236409873,398.0,2,48,56.0
1038,1038,7969.374766702426,24568.957804590194,398.0,2,48,56.0
1039,1039,6395.807383649471,29898.24289572514,398.0,2,48,56.0
1040,1040,8040.82058545847,24546.12340984053,400.0,2,48,56.0
1041,1041,8143.134108636888,24463.6776321945,401.0,2,48,56.0
1042,1042,8166.466521759395,24364.049014347624,402.0,2,48,56.0
1043,1043,8228.135380146003,24497.931320847147,402.0,2,48,56.0
1044,1044,6440.133192526241,29973.964316983067,402.0,2,48,56.0
1045,1045,8300.305192442147,24437.889033738666,403.0,2,48,56.0
1046,1046,8343.219554796256,24325.40279431253,405.0,2,48,56.0
1047,1047,6395.248251680371,30061.00565220393,406.0,2,48,56.0
1048,1048,6510.094838194831,30018.20140904078,406.0,2,48,56.0
1049,1049,8452.393990270051,24386.51964870106,408.0,2,48,56.0
1050,1050,6392.858666602828,30107.07738524584,408.0,2,48,56.0
1051,1051,8485.300049417274,24491.257843551164,409.0,2,48,56.0
1052,1052,6492.155999764304,30045.657964510545,410.0,2,48,56.0
1053,1053,6453.800949651266,30216.81979016996,410.0,2,48,56.0
1054,1054,6568.318896757614,30092.21386074989,411.0,2,48,56.0
1055,1055,6537.2915265220345,30168.66360516926,411.0,2,48,56.0
1056,1056,6662.356699964335,30179.971912322577,412.0,2,48,56.0
1057,1057,8533.348683110387,24420.985326700546,413.0,2,48,56.0
1058,1058,8560.481738122355,24396.18157259839,413.0,2,48,56.0
1059,1059,6624.252470905811,30283.070664760504,413.0,2,48,56.0
1060,1060,8577.099748872275,24320.946155493595,414.0,2,48,56.0
1061,1061,8518.665603736903,24318.894559485416,414.0,2,48,56.0
1062,1062,6635.2723416181,30325.394993667454,415.0,2,48,56.0
1063,1063,6775.291713384733,30239.67986211463,415.0,2,48,56.0
1064,1064,8531.749684723327,24207.886655837174,415.0,2,48,56.0
1065,1065,8591.534198592799,24265.764629529574,415.0,2,48,56.0
1066,1066,8540.837082435906,24233.96162259523,415.0,2,48,56.0
1067,1067,6727.185955024037,30422.134341905534,416.0,2,48,56.0
1068,1068,8662.028125721901,24212.84154217396,416.0,2,48,56.0
1069,1069,8563.480801544316,24147.372494379106,416.0,2,48,56.0
1070,1070,8542.966569656142,24138.553353008323,416.0,2,48,56.0
1071,1071,8576.1468983261,24276.427205161,417.0,2,48,56.0
1072,1072,8524.056859218432,24293.489039631,417.0,2,48,56.0
1073,1073,8655.744456374992,24455.1052681387,417.0,2,48,56.0
1074,1074,8613.509387864426,24375.962839994347,417.0,2,48,56.0
1075,1075,8568.383384803767,24293.837188968897,417.0,2,48,56.0
1076,1076,6827.380071898549,30406.641358537807,417.0,2,48,56.0
1077,1077,8671.615653087574,24176.59519485971,417.0,2,48,56.0
1078,1078,8670.23775971445,24130.33022313492,417.0,2,48,56.0
1079,1079,8625.566373389313,24072.8007651408,417.0,2,48,56.0
1080,1080,8675.762497917907,24023.79337810281,418.0,2,48,56.0
1081,1081,8652.929034759247,24021.4747468578,418.0,2,48,56.0
1082,1082,8578.963746347577,24041.81481211881,418.0,2,48,56.0
1083,1083,8734.033600125027,24095.72329513477,418.0,2,48,56.0
1084,1084,8580.603516815336,24240.270751405576,419.0,2,48,56.0
1085,1085,6785.4092601532375,30463.13328577844,419.0,2,48,56.0
1086,1086,8603.755022022395,23937.05888991152,419.0,2,48,56.0
1087,1087,8662.455196889867,24236.150336024795,420.0,2,48,56.0
1088,1088,8558.94509715398,24359.29507029404,420.0,2,48,56.0
1089,1089,6836.745333802911,30554.08946263444,420.0,2,48,56.0
1090,1090,8656.928696546764,23832.627637068537,420.0,2,48,56.0
1091,1091,8677.188239586427,24227.829333631307,421.0,2,48,56.0
1092,1092,6936.460834717295,30591.290370156737,421.0,2,48,56.0
1093,1093,6917.410843914154,30577.803498000143,421.0,2,48,56.0
1094,1094,8750.635480134393,23867.101786742725,421.0,2,48,56.0
1095,1095,8726.26946857277,23776.64150769958,421.0,2,48,56.0
1096,1096,8769.256548790627,24152.742467703792,422.0,2,48,56.0
1097,1097,7019.32671461603,30583.25042417156,422.0,2,48,56.0
1098,1098,7134.435307965143,30562.816681734184,423.0,2,48,56.0
1099,1099,7112.996865704896,30595.33077202619,423.0,2,48,56.0
1100,1100,8800.596356063645,23762.1084718932,423.0,2,48,56.0
1101,1101,8810.663834792966,23752.93382851682,423.0,2,48,56.0
1102,1102,8864.20856430282,24181.92361599415,424.0,2,48,56.0
1103,1103,8839.243167529507,23639.05867003789,424.0,2,48,56.0
1104,1104,8900.94606461471,23708.18888346471,424.0,2,48,56.0
1105,1105,8884.294066787392,23689.07505277414,424.0,2,48,56.0
1106,1106,8901.978431436419,23759.472295034782,424.0,2,48,56.0
1107,1107,8970.531629138806,24285.983342894724,425.0,2,48,56.0
1108,1108,7208.033920012387,30557.699407400305,425.0,2,48,56.0
1109,1109,7252.367643663702,30556.41332079668,425.0,2,48,56.0
1110,1110,7096.311862360151,30644.06302951749,425.0,2,48,56.0
1111,1111,9023.647099467984,24191.831272337786,426.0,2,48,56.0
1112,1112,8981.307957430448,24198.50967920425,426.0,2,48,56.0
1113,1113,8883.492708403779,23598.60276775177,426.0,2,48,56.0
1114,1114,8946.412059312941,23601.66819684965,426.0,2,48,56.0
1115,1115,8802.93630071407,23632.032767537938,426.0,2,48,56.0
1116,1116,7246.68836637075,30663.773873286875,427.0,2,48,56.0
1117,1117,8937.858753596005,23524.383631206307,427.0,2,48,56.0
1118,1118,7343.704631153848,30673.6834374664,428.0,2,48,56.0
1119,1119,9070.162457759076,24188.22574551776,429.0,2,48,56.0
1120,1120,7373.11205015328,30556.28958041354,429.0,2,48,56.0
1121,1121,8957.077733318583,23433.593908794344,430.0,2,48,56.0
1122,1122,7470.448097658876,30459.216632324195,431.0,2,48,56.0
1123,1123,7548.542929247975,30518.66319494173,432.0,2,48,56.0
1124,1124,8999.118801661458,23321.24352857304,432.0,2,48,56.0
1125,1125,8994.32211131168,23350.705756478037,432.0,2,48,56.0
1126,1126,9165.86322379799,24164.33310103839,433.0,2,48,56.0
1127,1127,9141.085221240332,24200.718731634068,433.0,2,48,56.0
1128,1128,7596.90995471351,30610.25806308053,433.0,2,48,56.0
1129,1129,7611.5576162822945,30549.89414574,433.0,2,48,56.0
1130,1130,7611.117610795942,30624.822327887687,433.0,2,48,56.0
1131,1131,7634.798217949287,30572.078365319245,433.0,2,48,56.0
1132,1132,9065.176330450606,23265.587168824582,433.0,2,48,56.0
1133,1133,7672.121094351772,30579.394306739658,434.0,2,48,56.0
1134,1134,9174.802016435258,23284.604508625533,434.0,2,48,56.0
1135,1135,9157.162905875985,23287.184595344053,434.0,2,48,56.0
1136,1136,9192.541280304213,24270.64991055556,435.0,2,48,56.0
1137,1137,9277.25326670332,24305.22574595149,436.0,2,48,56.0
1138,1138,9192.854987914545,23193.977993789944,436.0,2,48,56.0
1139,1139,9218.79480250998,23222.62704874033,436.0,2,48,56.0
1140,1140,9376.972558297668,24328.609685403924,437.0,2,48,56.0
1141,1141,7690.384746311316,30682.114295930816,437.0,2,48,56.0
1142,1142,7766.428559851521,30728.96399960016,438.0,2,48,56.0
1143,1143,7743.504301022435,30769.62086198628,438.0,2,48,56.0
1144,1144,9237.817345320216,23051.59230107938,438.0,2,48,56.0
1145,1145,9110.954369792673,23178.44196729389,438.0,2,48,56.0
1146,1146,9450.026564309106,24327.9827996676,439.0,2,48,56.0
1147,1147,9466.052166621706,24354.313959018706,439.0,2,48,56.0
1148,1148,9440.849891180977,24307.5569866628,439.0,2,48,56.0
1149,1149,9205.162615436151,23027.89880812567,439.0,2,48,56.0
1150,1150,9257.719226529423,23061.644918153404,439.0,2,48,56.0
1151,1151,7880.337103205007,30803.55221731728,440.0,2,48,56.0
1152,1152,9271.312236444852,22948.469179374417,441.0,2,48,56.0
1153,1153,9325.706789511836,23051.70226080876,441.0,2,48,56.0
1154,1154,9562.127085574546,24354.29267093543,443.0,2,48,56.0
1155,1155,9632.485473345345,24286.804272396108,444.0,2,48,56.0
1156,1156,9655.6223066787,24328.27553193731,444.0,2,48,56.0
1157,1157,7947.375304147177,30876.768325737805,444.0,2,48,56.0
1158,1158,7955.143872262935,30887.73807818372,444.0,2,48,56.0
1159,1159,9332.77036468005,22919.045714699907,444.0,2,48,56.0
1160,1160,9742.08789416914,24336.519759091923,445.0,2,48,56.0
1161,1161,8042.744081677419,30878.55229005845,445.0,2,48,56.0
1162,1162,8071.574886948476,30939.54599766478,445.0,2,48,56.0
1163,1163,7905.2882038851585,30987.671943723595,445.0,2,48,56.0
1164,1164,9777.821127356408,24242.18044212695,446.0,2,48,56.0
1165,1165,9747.116265073011,24225.67320880884,446.0,2,48,56.0
1166,1166,8096.642690920338,30987.58503151302,446.0,2,48,56.0
1167,1167,8006.401943539136,31060.808164406342,446.0,2,48,56.0
1168,1168,9403.776352164596,22849.76962025646,446.0,2,48,56.0
1169,1169,9837.190203979038,24295.66901045834,447.0,2,48,56.0
1170,1170,8085.650116354343,31078.2471995079,447.0,2,48,56.0
1171,1171,8152.912395832321,31052.59107599246,447.0,2,48,56.0
1172,1172,9464.447200989222,22766.112514147568,447.0,2,48,56.0
1173,1173,9795.23771884116,24248.70515622755,448.0,2,48,56.0
1174,1174,9932.966896450773,24327.9702146076,448.0,2,48,56.0
1175,1175,8220.72366171356,31041.98414647529,448.0,2,48,56.0
1176,1176,9571.529005190085,22720.23298044049,448.0,2,48,56.0
1177,1177,9950.171653302968,24274.61787996827,449.0,2,48,56.0
1178,1178,9822.896409181643,24174.30263460548,449.0,2,48,56.0
1179,1179,8347.110680447131,31146.9253183267,449.0,2,48,56.0
1180,1180,8315.707676834603,31016.729468839803,449.0,2,48,56.0
1181,1181,9995.80594199544,24176.98419487765,450.0,2,48,56.0
1182,1182,9986.056683753584,24183.34378749705,450.0,2,48,56.0
1183,1183,8434.471034880016,31071.956631270124,450.0,2,48,56.0
1184,1184,10118.827949117274,24224.053556181287,451.0,2,48,56.0
1185,1185,10093.746527427047,24165.76236291006,451.0,2,48,56.0
1186,1186,10007.378437423577,24276.15425105536,451.0,2,48,56.0
1187,1187,8503.846505625108,31037.95698902203,451.0,2,48,56.0
1188,1188,10128.585376449397,24295.656190597478,452.0,2,48,56.0
1189,1189,10201.616344366415,24193.734082650877,452.0,2,48,56.0
1190,1190,10236.810591778976,24210.5925658678,453.0,2,48,56.0
1191,1191,8569.89269709124,30980.40941726421,453.0,2,48,56.0
1192,1192,10297.89079353834,24098.98695772781,454.0,2,48,56.0
1193,1193,10313.02690523366,24203.76875577936,454.0,2,48,56.0
1194,1194,8588.159860542268,31041.133727584154,454.0,2,48,56.0
1195,1195,10397.293300538908,24149.04845011391,455.0,2,48,56.0
1196,1196,8604.045909608598,31140.4299868921,455.0,2,48,56.0
1197,1197,8709.66828811141,31067.10509584085,455.0,2,48,56.0
1198,1198,8603.094907376708,31104.222631931934,455.0,2,48,56.0
1199,1199,9475.556680474276,22711.722684661505,455.0,2,48,56.0
1200,1200,9552.378026433154,22610.74396381935,455.0,2,48,56.0
1201,1201,9621.78515114165,22642.81375221809,455.0,2,48,56.0
1202,1202,9629.793574550957,22563.04554427048,456.0,2,48,56.0
1203,1203,10463.984454509591,24064.861327175448,457.0,2,48,56.0
1204,1204,10495.405435636798,24103.288362047435,457.0,2,48,56.0
1205,1205,8744.707408684319,31140.884947019524,457.0,2,48,56.0
1206,1206,8717.881184591659,31078.28011511505,457.0,2,48,56.0
1207,1207,9581.61815538037,22467.166109450354,457.0,2,48,56.0
1208,1208,10604.559894034444,24080.98045827469,458.0,2,48,56.0
1209,1209,8805.772942509155,31165.046131234925,458.0,2,48,56.0
1210,1210,9660.967182953242,22417.369714831908,458.0,2,48,56.0
1211,1211,9696.581840537594,22514.92348572293,458.0,2,48,56.0
1212,1212,8862.237144650935,31223.20021665391,459.0,2,48,56.0
1213,1213,10699.623837151295,24135.351393784604,460.0,2,48,56.0
1214,1214,9615.839544526669,22358.88214169173,460.0,2,48,56.0
1215,1215,8933.81281949939,31168.01496334498,461.0,2,48,56.0
1216,1216,9625.097167950857,22239.568501971786,461.0,2,48,56.0
1217,1217,10751.976352865,24068.30811207641,462.0,2,48,56.0
1218,1218,10787.579806785656,24114.760879033653,462.0,2,48,56.0
1219,1219,10806.550492766444,24140.86816710512,462.0,2,48,56.0
1220,1220,10818.379023488022,24004.39996671001,463.0,2,48,56.0
1221,1221,9010.443549067486,31142.10057253178,463.0,2,-1,-1.0
1222,1222,8959.06716389627,31222.512123694767,463.0,2,48,56.0
1223,1223,9029.738367176296,31216.645887945004,463.0,2,-1,-1.0
1224,1224,9715.54755110032,22158.684858937344,463.0,2,48,56.0
1225,1225,10867.3114860099,23934.9110398485,464.0,2,48,56.0
1226,1226,9012.181646714766,31267.367643893485,464.0,2,-1,-1.0
1227,1227,10901.208283338374,23825.468273683207,465.0,2,48,56.0
1228,1228,11009.309406996696,23988.81765781128,465.0,2,48,56.0
1229,1229,10942.05390727259,24025.212230642035,465.0,2,48,56.0
1230,1230,10977.444129387552,23939.36409978392,465.0,2,48,56.0
1231,1231,9101.200213457636,31326.64611353604,465.0,2,-1,-1.0
1232,1232,9780.52998339734,22087.325718730885,465.0,2,48,56.0
1233,1233,9837.843192774097,22115.782240766555,465.0,2,48,56.0
1234,1234,9789.018193717046,22013.945437020702,466.0,2,48,56.0
1235,1235,9855.57791745061,21969.729665149956,467.0,2,48,56.0
1236,1236,9884.055660202648,21861.121232320103,468.0,2,48,56.0
1237,1237,9934.682068686869,21999.27834889266,468.0,2,48,56.0
1238,1238,9173.367820100637,31282.724789715678,469.0,2,-1,-1.0
1239,1239,9165.14782774068,31260.67516518108,469.0,2,-1,-1.0
1240,1240,9903.04328653474,21837.95496371255,469.0,2,48,56.0
1241,1241,9825.80116139966,21860.832230454824,469.0,2,48,56.0
1242,1242,11062.16819522303,23944.841703604707,470.0,2,48,56.0
1243,1243,11015.625389341774,24040.51007054794,470.0,2,48,56.0
1244,1244,11131.214017347236,24073.73306401912,471.0,2,48,56.0
1245,1245,11145.40069874017,24054.6090638112,471.0,2,48,56.0
1246,1246,9814.409851304486,21743.309581903413,471.0,2,48,56.0
1247,1247,11210.97236176884,24158.62428514833,472.0,2,48,56.0
1248,1248,11183.275878316786,24120.041805166824,472.0,2,48,56.0
1249,1249,27116.26644027788,952.3101048109966,165.0,-1,-1,-1.0
1250,1250,-25926.999311877425,-37124.96957656249,328.0,-1,-1,-1.0
1251,1251,-4109.367071204921,-22484.36959805158,432.0,-1,-1,-1.0
1252,1252,36919.19615915745,-39910.7569072544,110.0,-1,-1,-1.0
1253,1253,-10966.258286001994,26705.264993173187,98.0,-1,48,-1.0
1254,1254,-16665.056836679116,364.6799437601367,321.0,-1,-1,-1.0
1255,1255,24594.12507750597,27505.54553361433,327.0,-1,-1,-1.0
1256,1256,29311.17974273121,28593.180076863937,74.0,-1,-1,-1.0
1257,1257,37900.1417980227,6515.638899618862,393.0,-1,-1,-1.0
1258,1258,-23658.35382886031,-27454.92690435765,193.0,-1,38,-1.0
1259,1259,-9651.18194903302,-15336.937971473682,139.0,-1,-1,-1.0
1260,1260,10271.174902101253,14122.04482828838,479.0,-1,-1,-1.0
1261,1261,7969.500087394394,27123.88287425053,147.0,-1,-1,-1.0
1262,1262,-9707.90771097632,15224.073441985114,266.0,-1,-1,-1.0
1263,1263,38018.922040621386,27328.97240263087,248.0,-1,-1,-1.0
1264,1264,-27568.334775429543,30466.83844389471,252.0,-1,-1,-1.0
1265,1265,12332.826625857488,29007.194489966903,110.0,-1,-1,-1.0
1266,1266,-5431.051315566205,-19034.098441928523,168.0,-1,-1,-1.0
1267,1267,-12373.045285921824,-27065.801517899938,308.0,-1,17,-1.0
1268,1268,34416.56371366599,-8716.38259602517,24.0,-1,-1,-1.0
1269,1269,-31919.70690315012,-11120.825556606153,66.0,-1,-1,-1.0
1270,1270,-20184.954763083464,8977.87669167218,15.0,-1,-1,-1.0
1271,1271,910.6381389579548,29161.289182712528,261.0,-1,-1,-1.0
1272,1272,19580.187125862663,30005.51403873961,264.0,-1,30,-1.0
1273,1273,14709.889727708663,12747.261477280408,155.0,-1,-1,-1.0
1274,1274,-24241.172836560934,-4758.763313375792,371.0,-1,-1,-1.0
1275,1275,-35962.671571496125,-28102.02064823548,125.0,-1,20,-1.0
1276,1276,7550.673720744417,-21266.56080366497,152.0,-1,-1,-1.0
1277,1277,28967.027422972664,-37253.32894568154,226.0,-1,-1,-1.0
1278,1278,38243.98716364206,-26470.283087207503,224.0,-1,-1,-1.0
1279,1279,17525.877606096597,-27459.105952715337,339.0,-1,3,-1.0
1280,1280,36137.22662623155,-16007.959995573803,313.0,-1,-1,-1.0
1281,1281,-5314.875140323922,-2580.244025032087,325.0,-1,-1,-1.0
1282,1282,-14463.45564412111,1147.858182638054,388.0,-1,-1,-1.0
1283,1283,-383.1171027267701,22624.317205720647,391.0,-1,-1,-1.0
1284,1284,-64.50682788446284,7271.82104134361,40.0,-1,27,-1.0
1285,1285,-23472.20527133004,-19995.552763319218,194.0,-1,-1,-1.0
1286,1286,25252.46203760568,13557.734542658472,325.0,-1,-1,-1.0
1287,1287,4909.624763270942,34787.25909882458,90.0,-1,-1,-1.0
1288,1288,-15374.418274727775,26913.023023438247,487.0,-1,-1,-1.0
1289,1289,29115.26840862021,23145.10560645655,200.0,-1,-1,-1.0
1290,1290,-2223.196610991581,6263.922851267373,86.0,-1,27,-1.0
1291,1291,18071.57654657295,20589.851352401063,149.0,-1,18,-1.0
1292,1292,-4128.2244227787305,33366.33662258931,199.0,-1,48,-1.0
1293,1293,35926.90519102743,-14395.52623380597,483.0,-1,-1,-1.0
1294,1294,33389.5875296216,35392.96902498491,58.0,-1,11,-1.0
1295,1295,-24265.23754099427,30258.923805517028,169.0,-1,-1,-1.0
1296,1296,-10448.316010047707,-18469.570466865214,50.0,-1,-1,-1.0
1297,1297,35303.72484257042,-8512.491209058979,395.0,-1,33,-1.0
1298,1298,12755.808142821472,-16701.30069243651,208.0,-1,-1,-1.0
1299,1299,-11124.289065340392,-13368.044995911274,218.0,-1,-1,-1.0
1300,1300,-36216.234817166434,38943.23203677269,384.0,-1,5,-1.0
1301,1301,-29264.471007209555,-30904.07557692893,328.0,-1,-1,-1.0
1302,1302,933.3867949827109,17580.63913907548,324.0,-1,-1,-1.0
1303,1303,-27885.265304702956,2096.8051765089986,97.0,-1,-1,-1.0
1304,1304,-15560.5964276286,25420.324089690286,117.0,-1,-1,-1.0
1305,1305,-32133.587204507174,-1731.0482136092614,485.0,-1,-1,-1.0
1306,1306,31052.74355367773,16810.272101960254,111.0,-1,-1,-1.0
1307,1307,-4334.968876340667,27786.72987206446,235.0,-1,48,-1.0
1308,1308,16083.738704996918,-2435.378717013511,449.0,-1,-1,-1.0
1309,1309,-34095.13043649248,12666.096385690507,150.0,-1,24,-1.0
1310,1310,39222.86038183869,-4583.388711235893,171.0,-1,-1,-1.0
1311,1311,3817.4926962128375,-18378.879855668576,32.0,-1,31,-1.0
1312,1312,31358.886911773618,30574.372803852297,402.0,-1,-1,-1.0
1313,1313,35321.3378129702,9289.15018079542,484.0,-1,28,-1.0
1314,1314,-17024.0451408083,-5296.713456773701,177.0,-1,43,-1.0
1315,1315,2463.153787496238,5430.0721442818685,317.0,-1,-1,-1.0
1316,1316,23996.997261683136,-32985.28324521378,28.0,-1,-1,-1.0
1317,1317,15807.394004105823,-10676.892412895791,403.0,-1,-1,-1.0
1318,1318,37969.66135549832,-37610.85093957754,467.0,-1,21,-1.0
1319,1319,23108.74728255312,26075.437219397587,129.0,-1,-1,-1.0
1320,1320,8557.145064730845,36811.77989470158,305.0,-1,-1,-1.0
1321,1321,-21109.785890790896,-18168.05929988317,37.0,-1,42,-1.0
1322,1322,9984.067998309598,-30035.56136024659,264.0,-1,-1,-1.0
1323,1323,-10441.508683411972,-13325.342724767946,245.0,-1,31,-1.0
1324,1324,-26629.905317006545,32382.785178833365,174.0,-1,-1,-1.0
1325,1325,8702.488300780038,-30696.84641204069,393.0,-1,-1,-1.0
1326,1326,35946.48808397478,-26954.33960122298,134.0,-1,45,-1.0
1327,1327,39405.34070309457,33287.84774494516,84.0,-1,10,-1.0
1328,1328,-19479.246047294288,-35886.64172445448,261.0,-1,12,-1.0
1329,1329,-12178.899504932986,-12284.915433466867,216.0,-1,-1,-1.0
1330,1330,15883.356656257609,-6371.874680201006,494.0,-1,-1,-1.0
1331,1331,-39.702777497317584,-1667.602988130544,271.0,-1,-1,-1.0
1332,1332,-15580.854808638698,-39521.16446230913,379.0,-1,-1,-1.0
1333,1333,34680.558030800006,27321.700315421094,288.0,-1,10,-1.0
1334,1334,-36242.02390464344,21110.700719868524,279.0,-1,23,-1.0
1335,1335,-11195.152134333784,-30349.912614411183,234.0,-1,-1,-1.0
1336,1336,8658.607276136463,35248.33582747243,282.0,-1,-1,-1.0
1337,1337,34833.977914345465,-35473.75547685524,55.0,-1,-1,-1.0
1338,1338,-33677.6743158022,39304.74670325141,223.0,-1,-1,-1.0
1339,1339,21899.256490047926,34188.2883684385,71.0,-1,30,-1.0
1340,1340,-29384.117947075305,-20239.489922506167,108.0,-1,39,-1.0
1341,1341,-21715.72583170412,-23987.35093199237,321.0,-1,36,-1.0
1342,1342,-26129.13657718469,28648.88622048743,319.0,-1,-1,-1.0
1343,1343,-16944.406019796203,8926.959824697624,283.0,-1,-1,-1.0
1344,1344,38084.51997813983,38903.60869639678,403.0,-1,-1,-1.0
1345,1345,-31822.411087038134,7916.053847462637,300.0,-1,24,-1.0
1346,1346,1443.9435882147736,35836.536996361654,20.0,-1,-1,-1.0
1347,1347,3822.1234451719065,28843.753378389894,441.0,-1,48,-1.0
1348,1348,15267.454214138575,339.3077177847372,413.0,-1,2,-1.0
1349,1349,-9265.974309118414,17893.006337581886,189.0,-1,-1,-1.0
1350,1350,34679.52225615307,-27705.232431513887,300.0,-1,-1,-1.0
1351,1351,-11575.0609985609,18214.665356599508,220.0,-1,-1,-1.0
1352,1352,33880.4688468165,-25488.138254968915,464.0,-1,45,-1.0
1353,1353,-29664.76485177859,25523.06205224824,218.0,-1,-1,-1.0
1354,1354,39937.24735492947,17349.253337941882,338.0,-1,-1,-1.0
1355,1355,-32596.17768435076,-35274.65430689657,88.0,-1,-1,-1.0
1356,1356,33095.1120775031,5882.619318435151,407.0,-1,-1,-1.0
1357,1357,-36789.20794250017,37221.67304895312,250.0,-1,5,6.0
1358,1358,-8773.832451968086,-35710.27305478655,107.0,-1,-1,-1.0
1359,1359,8679.626773280572,-38620.953745030856,96.0,-1,1,-1.0
1360,1360,35797.16671848975,26533.632506211783,24.0,-1,10,-1.0
1361,1361,14253.42350201474,17034.401482087633,156.0,-1,-1,-1.0
1362,1362,30705.293862474835,13694.5725931068,267.0,-1,-1,-1.0
1363,1363,36735.87318674254,-28288.52894689448,406.0,-1,-1,-1.0
1364,1364,-24647.80191679934,-28705.03821146118,324.0,-1,38,-1.0
1365,1365,-3176.399044962418,24314.977522643843,257.0,-1,-1,-1.0
1366,1366,9191.097865422373,-39396.48172792109,195.0,-1,-1,-1.0
1367,1367,23371.01167063861,-13573.821866557606,75.0,-1,-1,-1.0
1368,1368,-33601.783702386376,-4283.216568164222,222.0,-1,-1,-1.0
1369,1369,-2949.8620204456674,20443.71783541661,487.0,-1,-1,-1.0
1370,1370,-18609.504205600017,-3946.0547980854535,360.0,-1,43,-1.0
1371,1371,-23838.675573070504,30100.97477755441,407.0,-1,-1,-1.0
1372,1372,-462.815169591624,-20398.434097360907,486.0,-1,31,-1.0
1373,1373,-14260.133260797127,27325.533897534464,318.0,3,48,61.0
1374,1374,-14369.51927421207,27349.53475885071,319.0,3,48,61.0
1375,1375,-14426.955846251674,27244.42690427848,320.0,3,48,61.0
1376,1376,-14318.526604420362,27269.317217593496,320.0,3,48,61.0
1377,1377,-14472.978313383735,27232.34028795295,321.0,3,48,61.0
1378,1378,-14416.216619954588,27215.215972290756,321.0,3,48,61.0
1379,1379,-14277.163651664729,27185.830108360817,321.0,3,48,61.0
1380,1380,-14357.185398338648,27153.39830683625,321.0,3,48,61.0
1381,1381,-14342.6881260847,27119.12779431975,322.0,3,48,61.0
1382,1382,-14330.53565761304,27106.894487411595,322.0,3,48,61.0
1383,1383,-14388.560681694997,26997.66674362968,323.0,3,48,61.0
1384,1384,-14372.658928294815,26927.96100579092,324.0,3,48,61.0
1385,1385,-14465.344114832904,27016.537563989477,324.0,3,48,61.0
1386,1386,-14367.753553964249,26843.729689876087,327.0,3,48,61.0
1387,1387,-14368.343721343814,26741.49868471093,328.0,3,48,61.0
1388,1388,-14407.206004556712,26609.36152298006,329.0,3,48,61.0
1389,1389,-14450.74279377254,26709.760724574982,329.0,3,48,61.0
1390,1390,-14321.966863982085,26645.19937799178,329.0,3,48,61.0
1391,1391,-14362.66243797078,26560.481669391145,330.0,3,48,61.0
1392,1392,-14452.024396029115,26590.700715654573,330.0,3,48,61.0
1393,1393,-14438.172101381906,26457.177012826807,331.0,3,48,61.0
1394,1394,-14458.883478242844,26367.402218345665,332.0,3,48,61.0
1395,1395,-14376.769292914092,26299.647655871,334.0,3,48,61.0
1396,1396,-14365.41193611218,26193.47727215476,336.0,3,48,61.0
1397,1397,-14434.234023923773,26230.795892658607,336.0,3,48,61.0
1398,1398,-14451.94977578243,26283.06275401225,338.0,3,48,61.0
1399,1399,-14540.84645303752,26203.837493672345,339.0,3,48,61.0
1400,1400,-14618.77562442291,26306.80701899295,340.0,3,48,61.0
1401,1401,-14518.86608893627,26091.73549225532,340.0,3,48,61.0
1402,1402,-14614.10307590884,26120.20959290079,340.0,3,48,61.0
1403,1403,-14483.900065783022,26181.33677045125,341.0,3,48,61.0
1404,1404,-14529.159770258875,26284.578063818448,342.0,3,48,61.0
1405,1405,-14479.48274291117,26095.89262361242,342.0,3,48,61.0
1406,1406,-14582.277867304874,26096.11891453325,344.0,3,48,61.0
1407,1407,-14506.225360189768,26047.07329476669,345.0,3,48,61.0
1408,1408,-14554.030209288472,26018.11492891019,345.0,3,48,61.0
1409,1409,-14542.790765148891,25903.39303541051,350.0,3,48,61.0
1410,1410,-14464.538029423538,25851.331475998144,352.0,3,48,61.0
1411,1411,-14410.022027627789,25772.87758713985,354.0,3,48,61.0
1412,1412,-14533.992569998443,25882.984601012216,354.0,3,48,61.0
1413,1413,-14464.387775887051,25725.49157615245,355.0,3,48,61.0
1414,1414,-14529.914076992882,25596.276537718477,359.0,3,48,61.0
1415,1415,-14499.634417506166,25679.475698429105,359.0,3,48,61.0
1416,1416,-14464.115329734312,25555.78044512413,360.0,3,48,61.0
1417,1417,-14466.642531679045,25570.83667585825,360.0,3,48,61.0
1418,1418,-14514.218738497875,25490.06018929445,361.0,3,48,61.0
1419,1419,-14515.832016198025,25380.93034347637,362.0,3,48,61.0
1420,1420,-14507.046795072552,25275.51201183496,364.0,3,48,61.0
1421,1421,-14397.605878037111,25270.154076594583,365.0,3,48,61.0
1422,1422,-14470.225608851137,25214.838271716257,365.0,3,48,61.0
1423,1423,-14392.11597713917,25174.94856563005,367.0,3,48,61.0
1424,1424,-14499.942885452052,25199.976431495343,367.0,3,48,61.0
1425,1425,-14456.473587951186,25120.033105649178,368.0,3,48,61.0
1426,1426,-14477.588468453292,25077.428038374008,368.0,3,48,61.0
1427,1427,-14406.291569003968,25045.48973738157,369.0,3,48,61.0
1428,1428,-14463.524451930674,24942.84108508228,372.0,3,48,61.0
1429,1429,-14328.272246989318,25019.98414940541,372.0,3,48,61.0
1430,1430,-14420.47502372934,24932.013091079025,372.0,3,48,61.0
1431,1431,-14465.431630647685,25004.078024459675,373.0,3,48,61.0
1432,1432,-14434.975747626308,24879.32000929329,373.0,3,48,61.0
1433,1433,-14315.761618413668,24884.512708050872,375.0,3,48,61.0
1434,1434,-14311.10921153978,24812.85432155516,376.0,3,48,61.0
1435,1435,-14350.82862283733,24711.61323226426,377.0,3,48,61.0
1436,1436,-14310.698264795095,24644.54075273577,378.0,3,48,61.0
1437,1437,-14423.033732534956,24669.894006262963,378.0,3,48,61.0
1438,1438,-14357.037470595404,24535.472692863,380.0,3,48,61.0
1439,1439,-14375.249984112636,24565.91086984005,380.0,3,48,61.0
1440,1440,-14474.66487610934,24482.40625730148,382.0,3,48,61.0
1441,1441,-14359.236780552344,24444.11359555576,382.0,3,48,61.0
1442,1442,-14550.858330078428,24454.74598699073,383.0,3,48,61.0
1443,1443,-14398.99728103675,24363.38109018124,383.0,3,48,61.0
1444,1444,-14543.2051312931,24338.270358417685,384.0,3,48,61.0
1445,1445,-14429.776925848755,24345.81736969079,384.0,3,48,61.0
1446,1446,-14418.134152691198,24304.231999942636,384.0,3,48,61.0
1447,1447,-14571.888978354897,24295.099597591336,387.0,3,48,61.0
1448,1448,-14620.977666587309,24190.53789880669,390.0,3,48,61.0
1449,1449,-14527.799096074616,24186.842424507427,390.0,3,48,61.0
1450,1450,-14593.779760935196,24073.93502063602,391.0,3,48,61.0
1451,1451,-14504.53142027542,24114.768463374192,391.0,3,48,61.0
1452,1452,-14587.195868576786,23996.19176776907,393.0,3,48,61.0
1453,1453,-14514.664987057138,23964.54393594407,395.0,3,48,61.0
1454,1454,-14606.400214220492,23916.481655014974,396.0,3,48,61.0
1455,1455,-14601.890203555964,23847.008213562105,397.0,3,48,61.0
1456,1456,-14692.13239167418,23771.738415877007,399.0,3,48,61.0
1457,1457,-14644.913097142418,23755.925836504943,399.0,3,48,61.0
1458,1458,-14677.386136606883,23645.399567661967,400.0,3,48,61.0
1459,1459,-14528.689188556713,23799.004887549912,400.0,3,48,61.0
1460,1460,-14610.884967219095,23686.396741465654,400.0,3,48,61.0
1461,1461,-14716.55882193041,23659.71972321941,402.0,3,48,61.0
1462,1462,-14828.1954859439,23593.429847183936,403.0,3,48,61.0
1463,1463,-14844.680862026056,23491.23740046237,404.0,3,48,61.0
1464,1464,-14892.30246195116,23513.013632601826,404.0,3,48,61.0
1465,1465,-14916.475210885148,23409.7337871232,406.0,3,48,61.0
1466,1466,-14977.08878148467,23324.54031170786,408.0,3,48,61.0
1467,1467,-14977.616612585976,23239.970387867044,411.0,3,48,61.0
1468,1468,-14981.965152612873,23143.091801353625,412.0,3,48,61.0
1469,1469,-15020.24634615448,23056.398768425817,413.0,3,48,61.0
1470,1470,-15066.118692938097,22986.018776185563,414.0,3,48,61.0
1471,1471,-15015.126755635249,22980.006749596425,414.0,3,48,61.0
1472,1472,-15128.402988388738,22901.54178536895,415.0,3,48,61.0
1473,1473,-15042.882492641447,22874.43970678448,415.0,3,48,61.0
1474,1474,-15142.76557771496,22824.87753845129,418.0,3,48,61.0
1475,1475,-15172.26549017404,22751.91945806977,419.0,3,48,61.0
1476,1476,-15058.624628965195,22724.825395976142,420.0,3,48,61.0
1477,1477,-15055.489439617122,22592.92885531801,422.0,3,48,61.0
1478,1478,-14954.269847901993,22658.00279666337,422.0,3,48,61.0
1479,1479,-14973.528637106632,22523.913585425216,423.0,3,-1,-1.0
1480,1480,-15050.390528257389,22500.816301267085,427.0,3,-1,-1.0
1481,1481,-15094.97304300924,22432.29961600089,428.0,3,48,61.0
1482,1482,-15180.397213381695,22390.5198757892,429.0,3,-1,-1.0
1483,1483,-15024.310533079268,22343.333868041635,429.0,3,-1,-1.0
1484,1484,-15190.23834929304,22270.04173325484,430.0,3,-1,-1.0
1485,1485,-15179.056487717651,22331.77607569444,430.0,3,-1,-1.0
1486,1486,-15113.083266653926,22236.58965498017,432.0,3,-1,-1.0
1487,1487,25841.151484788497,-11833.465549496565,293.0,-1,-1,-1.0
1488,1488,-12024.58323802631,-7097.757211384596,265.0,-1,-1,-1.0
1489,1489,25216.34509996682,21783.51456823228,137.0,-1,-1,-1.0
1490,1490,8917.491450190464,-28900.5039043552,416.0,-1,-1,-1.0
1491,1491,-27472.953686105517,15181.481126842247,405.0,-1,-1,-1.0
1492,1492,-1802.4697038670056,-6485.340157534214,430.0,-1,-1,-1.0
1493,1493,37905.13528272891,19542.640528413474,299.0,-1,28,-1.0
1494,1494,-39718.10931921849,14457.7478423969,270.0,-1,-1,-1.0
1495,1495,6339.799816982217,3948.533913541636,69.0,-1,14,-1.0
1496,1496,22352.47471901439,-28827.997401135344,385.0,-1,-1,-1.0
1497,1497,-11817.227455241553,33073.02499738381,326.0,-1,48,60.0
1498,1498,10741.554067801138,6072.501337719921,384.0,-1,2,-1.0
1499,1499,24771.697012094577,-13047.584650725736,291.0,-1,-1,-1.0
1500,1500,13079.681682915849,20226.399297404078,412.0,-1,-1,-1.0
1501,1501,-6670.594748146497,20615.0357278901,292.0,-1,-1,-1.0
1502,1502,28802.471917513078,-22009.92729232069,253.0,-1,45,-1.0
1503,1503,-35887.04944872773,646.0405240708787,349.0,-1,-1,-1.0
1504,1504,28140.322682905127,31523.11582665305,478.0,-1,-1,-1.0
1505,1505,-13811.35478953146,26068.76681713389,136.0,-1,48,-1.0
1506,1506,-22006.695462646974,-31624.28786572081,304.0,-1,-1,-1.0
1507,1507,33881.955337804815,19905.946775377062,454.0,-1,-1,-1.0
1508,1508,12317.964278551182,137.1853317526402,490.0,-1,-1,-1.0
1509,1509,-4750.917865741416,1483.0321328336286,497.0,-1,27,-1.0
1510,1510,8258.107865941856,-25882.21906311503,475.0,-1,31,-1.0
1511,1511,23743.43814579866,20397.680652065763,370.0,-1,-1,-1.0
1512,1512,-36692.03649175376,-9861.609830591318,184.0,-1,32,38.0
1513,1513,-12478.931649818704,7987.242662210891,448.0,-1,-1,-1.0
1514,1514,-18462.733285980958,1262.8360737912808,275.0,-1,-1,-1.0
1515,1515,19560.96846824888,17783.09417021955,429.0,-1,18,-1.0
1516,1516,27775.559226351103,25914.68046465068,419.0,-1,-1,-1.0
1517,1517,9814.317822124,-182.59330225351005,59.0,-1,-1,-1.0
1518,1518,-37976.27195269818,28871.420059836037,14.0,-1,-1,-1.0
1519,1519,33459.75266101764,-36042.72947066335,195.0,-1,-1,-1.0
1520,1520,21815.64941446712,-33669.61299331889,474.0,-1,-1,-1.0
1521,1521,-2396.4358694307084,27493.243654443344,210.0,-1,48,-1.0
1522,1522,35085.934415273805,23822.10794956331,473.0,-1,-1,-1.0
1523,1523,-31930.57643165963,-8887.811774193022,433.0,-1,41,-1.0
1524,1524,32930.30440667829,-26718.86780479463,32.0,-1,-1,-1.0
1525,1525,8068.596563961037,10762.817556269816,477.0,-1,8,-1.0
1526,1526,-15422.426750457951,20320.03294497849,16.0,-1,-1,-1.0
1527,1527,-37581.98054853199,12962.963950979123,116.0,-1,-1,-1.0
1528,1528,-26116.01288225791,2474.597419972866,268.0,-1,-1,-1.0
1529,1529,4580.093036847233,2905.8071997894003,235.0,-1,14,-1.0
1530,1530,-34316.518646864555,6604.671842279786,5.0,-1,-1,-1.0
1531,1531,3267.177354059706,32211.684872967875,307.0,-1,48,-1.0
1532,1532,35712.652740343154,21134.220738311717,167.0,-1,28,-1.0
1533,1533,-14393.63994106201,4216.950617063892,188.0,-1,-1,-1.0
1534,1534,13876.085242577685,35715.13721213785,80.0,-1,-1,-1.0
1535,1535,-25831.37447712363,17860.274614728252,351.0,-1,-1,-1.0
1536,1536,-1933.737412962946,12628.254977588593,22.0,-1,-1,-1.0
1537,1537,29219.99377177581,33480.14684495455,352.0,-1,-1,-1.0
1538,1538,-7233.667250052578,-18802.925083845334,225.0,-1,-1,-1.0
1539,1539,-11330.56340824008,6147.883250642015,321.0,-1,-1,-1.0
1540,1540,-1203.7149049715515,27846.43923994485,191.0,-1,-1,-1.0
1541,1541,33051.47488399243,36959.238992892046,223.0,-1,11,-1.0
1542,1542,-17714.33067463394,38995.54205640314,302.0,-1,-1,-1.0
1543,1543,20169.95071555784,36450.79091576637,33.0,-1,-1,-1.0
1544,1544,-26389.54336054729,-16600.475082052453,112.0,-1,-1,-1.0
1545,1545,16221.717615602249,-32330.25871659196,136.0,-1,-1,-1.0
1546,1546,-32294.791883920218,-16080.53491813883,129.0,-1,-1,-1.0
1547,1547,18364.873965435057,-20685.384765309544,231.0,-1,-1,-1.0
1548,1548,-10930.811582017592,-26397.36755900209,246.0,-1,17,-1.0
1549,1549,-4964.500876260347,-25561.625670126177,276.0,-1,-1,-1.0
1550,1550,12181.853351013291,15588.696634933289,274.0,-1,-1,-1.0
1551,1551,21278.23737316163,31007.793827140355,343.0,-1,30,-1.0
1552,1552,-27345.136593703064,-28474.8011880812,207.0,-1,-1,-1.0
1553,1553,-27946.912842972542,-9161.765843272007,187.0,-1,-1,-1.0
1554,1554,-11219.1781346836,-1444.2929795522575,86.0,-1,-1,-1.0
1555,1555,-21677.83565231643,-27033.04905954587,116.0,-1,-1,-1.0
1556,1556,-7443.129058330527,4121.808904993755,163.0,-1,-1,-1.0
1557,1557,-23583.179640275925,21289.918587990505,371.0,-1,37,-1.0
1558,1558,6860.652791447108,-9209.327901035296,238.0,-1,31,-1.0
1559,1559,-11699.02286471567,220.3504784363322,243.0,-1,-1,-1.0
1560,1560,-34826.064765862466,-19581.25161507168,225.0,-1,-1,-1.0
1561,1561,-20813.52261676172,21766.494135165784,389.0,-1,-1,-1.0
1562,1562,-11447.652301148584,2098.2157734146604,430.0,-1,-1,-1.0
1563,1563,-12552.033385732066,-9047.135822846092,37.0,-1,-1,-1.0
1564,1564,23460.659378717297,36325.50590849579,456.0,-1,-1,-1.0
1565,1565,-30513.63108246933,29101.15460404936,4.0,-1,-1,-1.0
1566,1566,-17959.41266495311,-32139.628696276603,149.0,-1,-1,-1.0
1567,1567,-15808.509367596314,34972.74204996163,60.0,-1,-1,-1.0
1568,1568,-9990.674229344717,29955.20661115703,382.0,-1,-1,-1.0
1569,1569,-17865.43621926059,-7200.282206505086,75.0,-1,-1,-1.0
1570,1570,-35048.56427775364,6118.676199320267,244.0,-1,-1,-1.0
1571,1571,-28647.44891911228,-8551.534220273035,437.0,-1,-1,-1.0
1572,1572,-17991.69973688735,2410.7594731966747,405.0,-1,-1,-1.0
1573,1573,31835.47064774184,-27518.85025262535,475.0,-1,-1,-1.0
1574,1574,-29955.2920959562,-2953.99809298975,19.0,-1,41,-1.0
1575,1575,18663.233263529808,35909.04169866216,137.0,-1,30,-1.0
1576,1576,-14527.55042487759,-11743.906003203996,102.0,-1,-1,-1.0
1577,1577,-20887.48596751917,-38212.006697209625,225.0,-1,12,-1.0
1578,1578,-19831.70378214872,-28187.22446526138,420.0,-1,-1,-1.0
1579,1579,20739.816109453943,-13270.660481988443,360.0,-1,-1,-1.0
1580,1580,-18187.28662394683,-23246.10917314568,374.0,-1,36,-1.0
1581,1581,25256.211327933444,27751.55419978907,177.0,-1,-1,-1.0
1582,1582,14309.883075160978,-2793.7334149751623,333.0,-1,-1,-1.0
1583,1583,-2686.984370943392,-15591.22797272538,85.0,-1,31,-1.0
1584,1584,-31951.0118959494,-27444.812017223787,73.0,-1,-1,-1.0
1585,1585,1784.310347022285,-36355.34892480667,108.0,-1,-1,-1.0
1586,1586,-30357.133325016657,30860.91465481844,186.0,-1,-1,-1.0
1587,1587,10623.976669360003,-8344.4718707561,369.0,-1,-1,-1.0
1588,1588,28733.50173114405,38584.988049522944,235.0,-1,-1,-1.0
1589,1589,-39556.78723474925,-26114.98628040418,137.0,-1,-1,-1.0
1590,1590,-5252.099369401738,-10313.329910144084,367.0,-1,-1,-1.0
1591,1591,10843.73544488616,-8053.19821748916,477.0,-1,13,-1.0
1592,1592,30863.745237414536,37024.21279564029,436.0,-1,11,-1.0
1593,1593,17497.388404645375,-39070.47169980416,483.0,-1,-1,-1.0
1594,1594,7691.237218950962,24788.2010703521,477.0,-1,48,56.0
1595,1595,6447.096935563495,-3977.689041179954,344.0,-1,-1,-1.0
1596,1596,-365.1192421952292,-26754.86510778336,199.0,-1,25,-1.0
1597,1597,22883.309668327944,26414.939213065387,59.0,-1,-1,-1.0
1598,1598,-35385.89425473071,-36359.03887065631,450.0,-1,19,-1.0
1599,1599,13484.75169642028,-38610.06083223642,423.0,-1,4,-1.0
1600,1600,14662.954168782126,34973.66456204452,106.0,-1,-1,-1.0
1601,1601,-36847.3048719626,15350.073597215778,73.0,-1,24,-1.0
1602,1602,10163.506696142678,-35675.83644894443,417.0,-1,-1,-1.0
1603,1603,33633.772405232885,-6784.24617651834,340.0,-1,-1,-1.0
1604,1604,-23939.183587815416,23406.26085969708,471.0,-1,-1,-1.0
1605,1605,-29649.91055134257,-35774.7076762787,192.0,-1,-1,-1.0
1606,1606,-23387.7697649248,-29920.37598563744,401.0,-1,-1,-1.0
1607,1607,13744.050813964132,-35986.455966777874,16.0,-1,4,-1.0
1608,1608,-4561.460127037237,35402.83814011357,216.0,-1,48,57.0
1609,1609,-35008.134487437055,77.55957364919595,41.0,-1,29,-1.0
1610,1610,-802.1634192208367,35700.465124806986,275.0,-1,48,57.0
1611,1611,-24528.653661099284,16145.9931773547,138.0,-1,-1,-1.0
1612,1612,-19277.84281736673,22986.38465844431,353.0,-1,-1,-1.0
1613,1613,19958.70386510202,-37512.34366902629,330.0,-1,-1,-1.0
1614,1614,-5389.30041116885,-7037.430575886603,408.0,-1,31,-1.0
1615,1615,-30912.664640515926,-16002.208576914622,67.0,-1,-1,-1.0
1616,1616,-31161.797115886715,-24863.84680772045,445.0,-1,-1,-1.0
1617,1617,-18366.07905427388,-2501.641524763349,301.0,-1,43,-1.0
1618,1618,38026.298216072944,-29490.04748539359,14.0,-1,-1,-1.0
1619,1619,6078.487078351725,-34785.37598779031,163.0,-1,1,-1.0
1620,1620,-19124.0027947255,-26615.99134961749,303.0,-1,36,-1.0
1621,1621,17511.47111576298,-26666.191811237342,367.0,-1,3,-1.0
1622,1622,-25823.404447596185,4131.947522902847,208.0,-1,-1,-1.0
1623,1623,-13615.733979787066,18878.06361349389,35.0,-1,-1,-1.0
1624,1624,25876.24647353802,9557.26036814459,231.0,-1,15,-1.0
1625,1625,-4745.190063061993,28782.872739740666,145.0,-1,-1,-1.0
1626,1626,-34450.154571198225,-12034.595160935763,210.0,-1,-1,-1.0
1627,1627,-38754.27692522054,16773.48119068076,158.0,-1,-1,-1.0
1628,1628,34753.044410086484,35988.406841784425,466.0,-1,11,-1.0
1629,1629,-24969.02274191629,29589.96332577632,249.0,-1,-1,-1.0
1630,1630,19249.500675668954,27214.805821890768,166.0,-1,-1,-1.0
1631,1631,20489.29725037609,9558.319146971357,127.0,-1,16,-1.0
1632,1632,20744.07572694861,36826.75619764948,73.0,-1,30,-1.0
1633,1633,1905.5427693065503,-8762.166926319424,17.0,-1,31,36.0
1634,1634,-9273.498241328496,-24000.22945739245,57.0,-1,-1,-1.0
1635,1635,23331.07180331624,-1492.1740396987225,105.0,4,44,50.0
1636,1636,23270.07792382032,-1592.8192408436682,106.0,4,44,50.0
1637,1637,23261.608984564064,-1658.1739633233697,107.0,4,44,50.0
1638,1638,23208.98606661269,-1734.2706392166676,110.0,4,44,50.0
1639,1639,23319.27378223943,-1756.9995593465517,111.0,4,44,50.0
1640,1640,23314.66090221332,-1846.32299517216,112.0,4,44,50.0
1641,1641,23267.392537618616,-1924.165721112972,114.0,4,44,50.0
1642,1642,23166.20442054816,-2009.137795855186,116.0,4,44,50.0
1643,1643,23102.383004334657,-2081.196646027677,117.0,4,44,50.0
1644,1644,23041.265944448067,-2135.8910292878486,118.0,4,44,50.0
1645,1645,22926.85280289914,-2157.558666237267,120.0,4,44,50.0
1646,1646,22971.263014467862,-2217.735448080805,120.0,4,44,50.0
1647,1647,22870.86187608456,-2243.4325029236384,121.0,4,44,50.0
1648,1648,22941.405070738303,-2316.788987674166,123.0,4,44,50.0
1649,1649,22858.955900496378,-2365.142363833597,124.0,4,44,50.0
1650,1650,22955.94640479974,-2455.084213612419,125.0,4,44,50.0
1651,1651,22858.655270858064,-2421.0125457849203,125.0,4,44,50.0
1652,1652,22864.806908862443,-2530.1584481848204,126.0,4,44,50.0
1653,1653,22793.67494362953,-2557.852665196171,127.0,4,44,50.0
1654,1654,22702.453481493445,-2591.699411811197,128.0,4,44,50.0
1655,1655,22720.16672244137,-2708.571813206722,129.0,4,44,50.0
1656,1656,22768.405400130618,-2823.270023006682,130.0,4,44,50.0
1657,1657,22730.54942556436,-2889.580940126454,132.0,4,44,50.0
1658,1658,22687.987826836463,-2943.2634757051555,133.0,4,44,50.0
1659,1659,22594.263250813307,-2972.578406722629,134.0,4,44,50.0
1660,1660,22611.25643034129,-2934.5026762245498,134.0,4,44,50.0
1661,1661,22512.5198220186,-2966.097503612807,136.0,4,44,50.0
1662,1662,22410.96931773601,-3069.2111197228533,138.0,4,44,50.0
1663,1663,22375.312542247477,-3154.982411769305,140.0,4,44,50.0
1664,1664,22383.37007000364,-3165.7504083660856,140.0,4,44,50.0
1665,1665,22321.469109179056,-3101.283931529858,140.0,4,44,50.0
1666,1666,22262.641534789705,-3202.096971261659,141.0,4,44,50.0
1667,1667,22234.5878688884,-3313.7377154012,143.0,4,44,50.0
1668,1668,22302.88178384847,-3253.452214204566,143.0,4,44,50.0
1669,1669,22245.033242585272,-3361.3604818515414,144.0,4,44,50.0
1670,1670,22228.2968951784,-3459.7589924917943,147.0,4,44,50.0
1671,1671,22178.168484711023,-3418.1300333539875,147.0,4,44,50.0
1672,1672,22169.93323108014,-3529.399108700296,148.0,4,44,50.0
1673,1673,22300.1860292121,-3428.427846814696,148.0,4,44,50.0
1674,1674,22280.699274056107,-3579.782367031509,149.0,4,44,50.0
1675,1675,22334.094594362385,-3490.446180391008,149.0,4,44,50.0
1676,1676,22322.440687552884,-3631.879221866567,150.0,4,44,50.0
1677,1677,22285.161870481203,-3622.295445500785,150.0,4,44,50.0
1678,1678,22229.56159825844,-3710.313528450691,151.0,4,44,50.0
1679,1679,22135.9988981864,-3648.508537079597,152.0,4,44,50.0
1680,1680,22285.68796568062,-3805.583782209633,152.0,4,44,50.0
1681,1681,22203.435679692386,-3796.771657384173,152.0,4,44,50.0
1682,1682,22157.871045234333,-3804.677100578305,154.0,4,44,50.0
1683,1683,22172.328739917208,-3852.479907149364,154.0,4,44,50.0
1684,1684,22128.91584001002,-3897.1023493563744,155.0,4,44,50.0
1685,1685,22056.381310811623,-3891.851996492605,158.0,4,44,50.0
1686,1686,22063.42383459435,-3952.476243020582,158.0,4,44,50.0
1687,1687,22018.41872477754,-4004.03208266036,160.0,4,44,50.0
1688,1688,22000.86898594742,-4074.719676261956,161.0,4,44,50.0
1689,1689,21901.453895472256,-4142.513206868605,162.0,4,44,50.0
1690,1690,22027.6162273717,-4193.744626949925,162.0,4,44,50.0
1691,1691,21976.912309909152,-4275.794029834467,163.0,4,44,50.0
1692,1692,21969.07959745204,-4406.959099141916,164.0,4,44,50.0
1693,1693,21944.022684984982,-4388.906374755557,164.0,4,44,50.0
1694,1694,21949.527400292023,-4395.207072180952,164.0,4,44,50.0
1695,1695,21885.425092586866,-4472.946847475623,165.0,4,44,50.0
1696,1696,21818.48302237045,-4493.157159096532,166.0,4,44,50.0
1697,1697,21775.602229421955,-4583.020653315647,169.0,4,44,50.0
1698,1698,21733.6398794038,-4681.692652698381,170.0,4,44,50.0
1699,1699,21696.855727090544,-4727.688350069785,171.0,4,44,50.0
1700,1700,21806.5188308158,-4789.241655009618,171.0,4,44,50.0
1701,1701,21795.86962394835,-4826.86974604561,172.0,4,44,50.0
1702,1702,21856.24770737089,-4926.987096635359,173.0,4,44,50.0
1703,1703,21772.06185921486,-4962.039631847252,174.0,4,44,50.0
1704,1704,21856.55633548756,-5042.592181769367,174.0,4,44,50.0
1705,1705,21856.901845407057,-5104.6425627472,176.0,4,44,50.0
1706,1706,21752.316397741062,-5086.301731011365,176.0,4,44,50.0
1707,1707,21872.38208311507,-5105.0580182948415,176.0,4,44,50.0
1708,1708,21793.41876240184,-5172.185033021542,177.0,4,44,50.0
1709,1709,21722.41935875601,-5269.812491705372,178.0,4,44,50.0
1710,1710,21793.570357153185,-5291.401887778959,178.0,4,44,50.0
1711,1711,21685.171288661146,-5331.598789045902,180.0,4,44,50.0
1712,1712,21686.261211605964,-5332.714758045807,180.0,4,44,50.0
1713,1713,21691.895378331115,-5332.477910346999,180.0,4,44,50.0
1714,1714,21668.554009876283,-5323.72185007649,180.0,4,44,50.0
1715,1715,21681.80746486338,-5440.765692191233,181.0,4,44,50.0
1716,1716,21613.035498206285,-5385.735557504314,181.0,4,44,50.0
1717,1717,21645.07590173524,-5417.765827791158,181.0,4,44,50.0
1718,1718,21512.54345952301,-5454.709445389439,182.0,4,44,50.0
1719,1719,21574.656891086,-5540.253049171102,184.0,4,44,50.0
1720,1720,21512.3315271682,-5656.951940719251,185.0,4,44,50.0
1721,1721,21442.77808613929,-5711.112910563379,188.0,4,44,50.0
1722,1722,21334.90620740168,-5718.104153863308,189.0,4,44,50.0
1723,1723,21204.762349670174,-5700.920087362244,190.0,4,44,50.0
1724,1724,21335.329043107788,-5801.061154656556,190.0,4,44,50.0
1725,1725,21182.63029105431,-5778.158155485165,191.0,4,44,50.0
1726,1726,21239.535803503804,-5878.778977158003,193.0,4,44,50.0
1727,1727,21143.262374004225,-5864.994430259731,195.0,4,44,50.0
1728,1728,21138.819547756782,-5943.653787627142,197.0,4,44,50.0
1729,1729,21039.80464612957,-5961.431232519692,198.0,4,44,50.0
1730,1730,21015.055228771504,-5981.998707368047,198.0,4,44,50.0
1731,1731,21070.824083403702,-6050.388560714404,199.0,4,44,50.0
1732,1732,20999.601250609547,-6111.640842245183,200.0,4,44,50.0
1733,1733,21033.44042744014,-6167.128798653123,202.0,4,44,50.0
1734,1734,20970.16112045877,-6213.464679651337,202.0,4,44,50.0
1735,1735,20947.66678829109,-6259.163409561003,203.0,4,44,50.0
1736,1736,20893.179491426377,-6343.183334655112,206.0,4,44,50.0
1737,1737,21036.651244784254,-6322.6967205277215,206.0,4,44,50.0
1738,1738,20940.163752082583,-6359.867138599678,206.0,4,44,50.0
1739,1739,20924.85807236931,-6430.386465877558,208.0,4,44,50.0
1740,1740,20987.42024821859,-6497.679816359627,210.0,4,44,50.0
1741,1741,20914.272064523266,-6564.251654848084,211.0,4,44,50.0
1742,1742,20927.27781377668,-6592.136698488668,211.0,4,44,50.0
1743,1743,20826.03905081292,-6583.606311530908,214.0,4,44,50.0
1744,1744,20886.576164659888,-6651.4131788665945,218.0,4,44,50.0
1745,1745,20934.957260429983,-6714.077955812088,219.0,4,44,50.0
1746,1746,20853.50770575009,-6732.054782527455,220.0,4,44,50.0
1747,1747,20821.53361359932,-6814.449931958944,225.0,4,44,50.0
1748,1748,20895.499757911857,-6812.487272029701,225.0,4,44,50.0
1749,1749,20859.56331141064,-6911.349496014791,226.0,4,44,50.0
1750,1750,20834.49647954513,-6962.253310285533,228.0,4,44,50.0
1751,1751,20821.63709046897,-6988.588548001414,228.0,4,44,50.0
1752,1752,20769.13905583314,-7074.422250321795,229.0,4,44,50.0
1753,1753,20857.38452689581,-7072.834547728541,229.0,4,44,50.0
1754,1754,20857.970595068866,-7150.136251533956,230.0,4,44,50.0
1755,1755,20882.72132970812,-7259.468189258819,233.0,4,44,50.0
1756,1756,20827.23279099372,-7238.18360974438,233.0,4,44,50.0
1757,1757,20801.706293508127,-7212.0311626398625,233.0,4,44,50.0
1758,1758,20808.049758279554,-7347.925069468552,234.0,4,44,50.0
1759,1759,20736.68540765338,-7398.401971528347,236.0,4,44,50.0
1760,1760,20712.3046636184,-7481.016753706855,238.0,4,44,50.0
1761,1761,20722.58147758905,-7583.135233548283,241.0,4,44,50.0
1762,1762,20665.608508118767,-7570.29400453783,241.0,4,44,50.0
1763,1763,20645.92792185008,-7534.00869896777,241.0,4,44,50.0
1764,1764,20675.6554488532,-7631.663600184086,242.0,4,44,50.0
1765,1765,20734.69272269791,-7666.927614831317,242.0,4,44,50.0
1766,1766,20651.700769703883,-7693.018758742776,243.0,4,44,50.0
1767,1767,20625.6421836186,-7740.171432423562,243.0,4,44,50.0
1768,1768,20566.376403544447,-7724.882108950031,244.0,4,44,50.0
1769,1769,20487.794888961507,-7843.798699531717,245.0,4,44,50.0
1770,1770,20549.440346770712,-7843.152775425042,245.0,4,44,50.0
1771,1771,20580.12532172254,-7916.903497255173,247.0,4,44,50.0
1772,1772,20498.53404952817,-7950.726501561549,247.0,4,44,50.0
1773,1773,20555.996368008808,-7943.514488918626,247.0,4,44,50.0
1774,1774,20379.227213413036,-7800.445617366397,247.0,4,44,50.0
1775,1775,20502.503624978886,-7986.592561639487,248.0,4,44,50.0
1776,1776,20484.012564837303,-8089.182143463174,249.0,4,44,50.0
1777,1777,20484.083435191777,-8164.404198446591,250.0,4,44,50.0
1778,1778,20435.534433247845,-8263.279802428642,252.0,4,44,50.0
1779,1779,20578.579307624383,-8211.550520259932,252.0,4,44,50.0
1780,1780,20487.57469072601,-8361.308283266899,253.0,4,44,50.0
1781,1781,20453.44616209264,-8438.129049916528,254.0,4,44,50.0
1782,1782,20373.66155806817,-8501.762719775834,256.0,4,44,50.0
1783,1783,20275.457734116564,-8491.939108623828,257.0,4,44,50.0
1784,1784,20272.180823380448,-8586.63586863508,258.0,4,44,50.0
1785,1785,20263.464968890345,-8690.011035618045,259.0,4,44,50.0
1786,1786,20165.41367871649,-8696.330522054659,261.0,4,44,50.0
1787,1787,20200.75463586213,-8773.551776321756,263.0,4,44,50.0
1788,1788,20167.28542845161,-8812.511763602095,263.0,4,44,50.0
1789,1789,20183.81556311577,-8877.738847346702,264.0,4,44,50.0
1790,1790,20095.74343925463,-8912.722125999599,265.0,4,44,50.0
1791,1791,20156.530596685505,-8957.39654984657,265.0,4,44,50.0
1792,1792,20161.088547816144,-9017.715315094616,266.0,4,44,50.0
1793,1793,20022.11299901442,-9007.771402099605,266.0,4,44,50.0
1794,1794,20024.41729054582,-9103.294175673836,267.0,4,44,50.0
1795,1795,20074.66602577585,-9095.3212468988,267.0,4,44,50.0
1796,1796,20021.71342626418,-9188.632998057845,268.0,4,44,50.0
1797,1797,20028.764658925807,-9275.662917976986,270.0,4,44,50.0
1798,1798,19897.56869066605,-9300.98391732899,272.0,4,44,50.0
1799,1799,19818.488207564504,-9353.063829385628,274.0,4,44,50.0
1800,1800,19706.158214013667,-9378.264310469687,276.0,4,44,50.0
1801,1801,19655.9055947347,-9497.612561292784,277.0,4,44,50.0
1802,1802,19627.86430942052,-9386.130075177363,277.0,4,44,50.0
1803,1803,19656.514815773407,-9543.675328372,279.0,4,44,50.0
1804,1804,19599.9734034054,-9639.70362926273,280.0,4,44,50.0
1805,1805,19634.25427487228,-9649.041688183916,280.0,4,44,50.0
1806,1806,19547.111162430127,-9751.534269875508,281.0,4,44,50.0
1807,1807,19636.570387203577,-9743.74584540392,281.0,4,44,50.0
1808,1808,19593.071834218288,-9724.967764614998,281.0,4,44,50.0
1809,1809,19530.036322335087,-9779.019471176664,282.0,4,44,50.0
1810,1810,19393.63928494873,-9793.701334367992,284.0,4,44,50.0
1811,1811,19464.516781165425,-9839.959268374309,284.0,4,44,50.0
1812,1812,19360.24059005812,-9954.068708029612,285.0,4,44,50.0
1813,1813,19368.49982940377,-9891.91106661021,285.0,4,44,50.0
1814,1814,19342.783377348944,-9991.27997859337,286.0,4,44,50.0
1815,1815,19300.94512915364,-10031.688777817664,288.0,4,44,50.0
1816,1816,19377.71367100994,-10106.181681292695,291.0,4,44,50.0
1817,1817,19335.70960780209,-10228.364534099384,293.0,4,44,50.0
1818,1818,19244.50255550144,-10213.381753846925,294.0,4,44,50.0
1819,1819,19124.106122304616,-10243.929393889475,299.0,4,44,50.0
1820,1820,19127.782335147556,-10316.713036089168,301.0,4,44,50.0
1821,1821,19026.65255713816,-10404.320568093452,302.0,4,44,50.0
1822,1822,18907.60943072748,-10372.8989682437,303.0,4,44,50.0
1823,1823,18828.372171312232,-10423.08929555188,304.0,4,44,50.0
1824,1824,18867.674318404723,-10462.182637731406,306.0,4,44,50.0
1825,1825,18892.825705933104,-10604.324048404393,308.0,4,44,50.0
1826,1826,18830.791893537247,-10624.575066622723,309.0,4,44,50.0
1827,1827,18829.78632616007,-10747.533682735622,310.0,4,44,50.0
1828,1828,18712.807883347188,-10713.674987222565,310.0,4,44,50.0
1829,1829,18757.4663682624,-10708.36337102623,310.0,4,44,50.0
1830,1830,18773.769201661897,-10843.145932856682,311.0,4,44,50.0
1831,1831,18677.91854064692,-10754.26333351638,311.0,4,44,50.0
1832,1832,18671.076423445465,-10824.65624541892,312.0,4,44,50.0
1833,1833,18605.98352004816,-10835.401303604896,313.0,4,44,50.0
1834,1834,18689.97376191472,-10896.152093169869,313.0,4,44,50.0
1835,1835,18692.014314628515,-10968.285813681396,314.0,4,44,50.0
1836,1836,18673.930501360694,-10963.375143885743,314.0,4,44,50.0
1837,1837,18587.8875434062,-10929.3794812099,314.0,4,44,50.0
1838,1838,18657.43363968701,-10954.45663528717,314.0,4,44,50.0
1839,1839,18622.791573536804,-11017.773245000284,315.0,4,44,50.0
1840,1840,18593.54200333324,-11070.968320595026,318.0,4,44,50.0
1841,1841,18518.38194764372,-11141.308202957043,319.0,4,44,50.0
1842,1842,18541.696125698578,-11174.549138405044,319.0,4,44,50.0
1843,1843,18620.81319036218,-11170.028374495858,319.0,4,44,50.0
1844,1844,18584.410628199625,-11238.98892754226,320.0,4,44,50.0
1845,1845,18597.667222004704,-11307.522674285172,322.0,4,44,50.0
1846,1846,18574.883755300907,-11333.358807271412,322.0,4,44,50.0
1847,1847,18497.031240767625,-11285.219007931391,322.0,4,44,50.0
1848,1848,18431.90687870109,-11311.195611164789,323.0,4,44,50.0
1849,1849,18368.866008117668,-11397.274722005024,326.0,4,44,50.0
1850,1850,18283.7061040273,-11439.88956423712,330.0,4,44,50.0
1851,1851,18320.42085046869,-11559.624668781307,331.0,4,44,50.0
1852,1852,18325.11692381978,-11501.77965330207,331.0,4,44,50.0
1853,1853,18391.91632599965,-11627.65217978454,333.0,4,44,50.0
1854,1854,18359.65784034353,-11692.865018002714,334.0,4,44,50.0
1855,1855,18362.97796367873,-11726.70903700461,334.0,4,44,50.0
1856,1856,18274.912725161583,-11731.41262528616,337.0,4,44,50.0
1857,1857,18250.15246775785,-11820.290856502896,339.0,4,44,50.0
1858,1858,18143.672609596902,-11832.878145743784,341.0,4,44,50.0
1859,1859,18183.86197331809,-11932.041536887164,343.0,4,44,50.0
1860,1860,18077.36086468058,-11882.244556336556,343.0,4,44,50.0
1861,1861,18154.97818642486,-11953.602046886754,349.0,4,44,50.0
1862,1862,18235.22225766481,-12071.763534876658,351.0,4,44,50.0
1863,1863,18102.78085976836,-12079.3515417055,351.0,4,44,50.0
1864,1864,18229.449629497285,-12155.561435008029,353.0,4,44,50.0
1865,1865,18293.43146823213,-12275.030664233294,355.0,4,44,50.0
1866,1866,18283.921119148374,-12373.282174638984,356.0,4,44,50.0
1867,1867,18181.69625492983,-12313.242856974111,356.0,4,44,50.0
1868,1868,18276.91173794753,-12438.995750264974,357.0,4,44,50.0
1869,1869,18278.41446392784,-12457.654758179724,357.0,4,44,50.0
1870,1870,18296.49796527641,-12551.408727497575,358.0,4,44,50.0
1871,1871,18418.48323160217,-12591.19457359916,360.0,4,44,50.0
1872,1872,18374.44132270447,-12693.678707527526,361.0,4,44,50.0
1873,1873,18419.01221293116,-12684.365233752762,361.0,4,44,50.0
1874,1874,18328.153797394367,-12569.626388086434,361.0,4,44,50.0
1875,1875,18460.26763415984,-12674.355110928063,362.0,4,44,50.0
1876,1876,18447.48799958389,-12772.679297490366,363.0,4,44,50.0
1877,1877,18412.986173146888,-12733.533543051097,363.0,4,44,50.0
1878,1878,18324.53663880401,-12722.49517065851,364.0,4,44,50.0
1879,1879,18251.17077822384,-12742.454842905028,365.0,4,44,50.0
1880,1880,18338.339466876125,-12841.16074730373,365.0,4,44,50.0
1881,1881,18187.065244177254,-12868.158373573891,367.0,4,44,50.0
1882,1882,18209.632325883616,-12924.957600883585,369.0,4,44,50.0
1883,1883,18242.54635428197,-12994.881185932976,370.0,4,44,50.0
1884,1884,18225.065679079205,-13091.73092758414,372.0,4,44,50.0
1885,1885,18124.83808212956,-12977.554221602488,372.0,4,44,50.0
1886,1886,18208.81119454973,-13096.60653306967,372.0,4,44,50.0
1887,1887,18100.004492204866,-13117.606734776082,376.0,4,44,50.0
1888,1888,18119.280897198256,-13187.255160497514,380.0,4,44,50.0
1889,1889,18067.415360778577,-13284.44528031197,381.0,4,44,50.0
1890,1890,18019.73403745275,-13347.963203999578,382.0,4,44,50.0
1891,1891,17975.946355233387,-13443.10772269092,384.0,4,44,50.0
1892,1892,17933.43890712666,-13531.833559824894,385.0,4,44,50.0
1893,1893,17884.925066601747,-13605.820984857171,388.0,4,44,50.0
1894,1894,17912.021445404618,-13628.533889428065,388.0,4,44,50.0
1895,1895,17935.674139148894,-13651.526854518675,388.0,4,44,50.0
1896,1896,17812.96462019906,-13616.90255017659,390.0,4,44,50.0
1897,1897,17868.027743610353,-13568.538717988513,390.0,4,44,50.0
1898,1898,17769.244045957617,-13641.85419707625,391.0,4,44,50.0
1899,1899,17686.640127496434,-13730.233860483058,394.0,4,44,50.0
1900,1900,17712.446514592397,-13703.936796725591,394.0,4,44,50.0
1901,1901,17726.580470168403,-13821.596193203435,395.0,4,44,50.0
1902,1902,17640.54540072084,-13761.648515492536,395.0,4,44,50.0
1903,1903,17603.498836327428,-13869.790867266604,396.0,4,44,50.0
1904,1904,17652.046665781567,-13963.306894982146,397.0,4,44,50.0
1905,1905,17597.057659997146,-14006.965470866213,397.0,4,44,50.0
1906,1906,17563.73904466272,-13976.648325869706,398.0,4,44,50.0
1907,1907,17543.68458330564,-14096.776901706908,399.0,4,44,50.0
1908,1908,17627.700066169684,-13993.59195947167,399.0,4,44,50.0
1909,1909,17628.03776250525,-14034.152738725415,399.0,4,44,50.0
1910,1910,17614.15067108698,-14157.26364256838,400.0,4,44,50.0
1911,1911,17552.362037094168,-14222.835886090264,401.0,4,44,50.0
1912,1912,17547.901525732177,-14232.91885874064,401.0,4,44,50.0
1913,1913,17638.944003604473,-14283.648626677988,402.0,4,44,50.0
1914,1914,17558.398909876123,-14336.800484648174,402.0,4,44,50.0
1915,1915,17546.50533307381,-14404.55215361752,406.0,4,44,50.0
1916,1916,17523.75299074701,-14310.49060586664,406.0,4,44,50.0
1917,1917,17490.50492884277,-14437.305838485918,407.0,4,44,50.0
1918,1918,17437.31137346443,-14508.444619799544,409.0,4,44,50.0
1919,1919,17506.585391414963,-14536.300343185025,409.0,4,44,50.0
1920,1920,17397.634575641263,-14435.709519575368,409.0,4,44,50.0
1921,1921,17358.54208655656,-14480.249686822428,410.0,4,44,50.0
1922,1922,17392.74609112933,-14535.037823442672,410.0,4,44,50.0
1923,1923,17268.55671212003,-14483.086470642344,412.0,4,44,50.0
1924,1924,17232.642473444885,-14586.07710851863,413.0,4,44,50.0
1925,1925,17182.625958939847,-14687.706808463245,416.0,4,44,50.0
1926,1926,17080.6622754153,-14704.033448876558,417.0,4,44,50.0
1927,1927,17155.9652528954,-14780.633284862704,417.0,4,44,50.0
1928,1928,17148.02912831764,-14842.467636346062,418.0,4,44,50.0
1929,1929,17017.475607937653,-14701.295494712733,418.0,4,44,50.0
1930,1930,17084.641711681827,-14810.83207781408,418.0,4,44,50.0
1931,1931,17034.923687097573,-14857.562370323918,419.0,4,44,50.0
1932,1932,13273.833118734394,-14706.71243266122,254.0,-1,-1,-1.0
1933,1933,1917.0199970767355,24545.60522336136,238.0,-1,-1,-1.0
1934,1934,5238.259713526546,1970.1600354230688,489.0,-1,14,-1.0
1935,1935,-30990.05418190691,10748.587015603516,386.0,-1,-1,-1.0
1936,1936,34369.20727180653,36812.50389974774,204.0,-1,-1,-1.0
1937,1937,3476.687316697855,14989.525530502462,216.0,-1,8,-1.0
1938,1938,-30744.33383217361,24499.89364114205,498.0,-1,-1,-1.0
1939,1939,23479.050161714997,18475.586650404017,361.0,-1,-1,-1.0
1940,1940,2420.58100295809,20099.27776214102,393.0,-1,46,-1.0
1941,1941,29755.44471722885,-1604.036843296548,101.0,-1,-1,-1.0
1942,1942,23739.767856511517,2067.5942767225424,287.0,-1,-1,-1.0
1943,1943,8482.971488720555,16008.7847167281,54.0,-1,-1,-1.0
1944,1944,-25383.637968116476,-2235.672063563754,148.0,-1,-1,-1.0
1945,1945,-22572.72892521178,39146.32743125333,79.0,-1,-1,-1.0
1946,1946,-24480.47824936847,36487.2493326164,140.0,-1,-1,-1.0
1947,1947,-23206.02502407322,-24228.14612516263,176.0,-1,-1,-1.0
1948,1948,9027.11633111717,6906.357410327779,408.0,-1,-1,-1.0
1949,1949,25270.57156974948,16272.820690948996,427.0,-1,-1,-1.0
1950,1950,6173.967290624561,34685.38770943553,176.0,-1,-1,-1.0
1951,1951,-36367.96301272453,39472.48491285731,394.0,-1,-1,-1.0
1952,1952,-34737.11696660521,26779.23026376318,43.0,-1,-1,-1.0
1953,1953,28947.917801584397,1981.955620935929,77.0,-1,-1,-1.0
1954,1954,34958.099410099865,-29992.57734937881,44.0,-1,-1,-1.0
1955,1955,34677.13051212733,-21096.497195630785,134.0,-1,-1,-1.0
1956,1956,38415.921113052886,-35904.76087071702,151.0,-1,-1,-1.0
1957,1957,30125.12853322609,33706.76239215954,82.0,-1,-1,-1.0
1958,1958,-21457.007843513675,-23749.258939463056,488.0,-1,-1,-1.0
1959,1959,17460.4016797481,21878.729526845917,216.0,-1,-1,-1.0
1960,1960,27944.407565721573,6170.615283106774,284.0,-1,-1,-1.0
1961,1961,-22399.51406050776,-34741.25232190275,61.0,-1,12,-1.0
1962,1962,-1475.9545669014697,-27001.34024699799,132.0,-1,-1,-1.0
1963,1963,-10909.50182585173,35771.76203199367,286.0,-1,48,-1.0
1964,1964,-3138.383440439888,9806.21678488644,387.0,-1,-1,-1.0
1965,1965,14508.339532715829,24216.26084216116,361.0,-1,-1,-1.0
1966,1966,-14425.695041685856,4585.047143562886,287.0,-1,26,-1.0
1967,1967,-2404.75591704189,12686.32884963631,462.0,-1,-1,-1.0
1968,1968,-38403.77992324208,13014.268045485987,413.0,-1,-1,-1.0
1969,1969,-16534.54146611275,5652.801816425941,446.0,-1,26,-1.0
1970,1970,38063.47627379136,29122.393186929417,219.0,-1,10,-1.0
1971,1971,25959.167033959573,-22577.936297991782,314.0,-1,45,51.0
1972,1972,1500.115775904109,14004.755539633632,37.0,-1,-1,-1.0
1973,1973,25730.71683755194,-10665.524530799788,212.0,-1,-1,-1.0
1974,1974,26554.12242616681,38032.284954876304,234.0,-1,30,-1.0
1975,1975,33549.81571957891,-6525.407664516155,101.0,-1,-1,-1.0
1976,1976,-14301.992175474728,14755.199032543154,182.0,-1,-1,-1.0
1977,1977,-17690.879912758435,26649.35008879472,16.0,-1,48,59.0
1978,1978,-1674.2507346340135,1623.4821677304935,461.0,-1,22,-1.0
1979,1979,-17127.163916661346,16615.23135644867,218.0,-1,-1,-1.0
1980,1980,38472.59943106471,29671.77996212988,151.0,-1,10,-1.0
1981,1981,32966.7109427462,22869.837023078355,31.0,-1,-1,-1.0
1982,1982,35139.5733110109,-27598.605170815863,67.0,-1,-1,-1.0
1983,1983,21487.48714014052,-8945.097558163332,355.0,-1,-1,-1.0
1984,1984,12425.208252804608,18096.064269156777,239.0,-1,-1,-1.0
1985,1985,27523.99937383017,-11838.803940165635,253.0,-1,45,-1.0
1986,1986,-21549.600991609423,-37411.26781445301,169.0,-1,12,-1.0
1987,1987,33023.913184689955,20657.14621205885,204.0,-1,-1,-1.0
1988,1988,-4758.989908069947,11810.411240636102,395.0,-1,-1,-1.0
1989,1989,29257.72421463401,5631.387740381426,239.0,-1,-1,-1.0
1990,1990,-16897.708974786045,-7084.4731841704415,425.0,-1,43,-1.0
1991,1991,12296.407492029575,-37038.48896736947,247.0,-1,4,-1.0
1992,1992,-636.9864594798637,-8565.152826624275,275.0,-1,31,-1.0
1993,1993,-12120.412003330322,4939.568556900718,218.0,-1,26,-1.0
1994,1994,-28218.610775070654,-28604.2957018588,441.0,-1,-1,-1.0
1995,1995,-24406.757122224968,-35078.96162655288,52.0,-1,12,-1.0
1996,1996,-29398.13271065458,-19269.32008181732,319.0,-1,-1,-1.0
1997,1997,14334.324393346184,8801.765984538091,462.0,-1,2,-1.0
1998,1998,-610.0687743367598,9699.16700144927,165.0,-1,-1,-1.0
1999,1999,-28031.951340516483,-38037.6021634407,185.0,-1,-1,-1.0
2000,2000,35857.58879345056,-14990.490974725308,164.0,-1,-1,-1.0
2001,2001,10345.780217781925,-24317.936651738542,284.0,-1,-1,-1.0
2002,2002,-2534.2958211090663,24068.89909974225,382.0,-1,-1,-1.0
2003,2003,29775.216099681114,4074.139578426672,113.0,-1,-1,-1.0
2004,2004,33566.45897972713,4545.16073912532,412.0,-1,-1,-1.0
2005,2005,-35369.19378038528,-39694.886395693975,173.0,-1,-1,-1.0
2006,2006,-27786.489859269423,-17408.597237531732,191.0,-1,-1,-1.0
2007,2007,-25234.185914514797,13572.503112884486,250.0,-1,40,-1.0
2008,2008,-27446.545735679465,-7654.991158760404,299.0,-1,-1,-1.0
2009,2009,-28897.19617575376,17485.774213609096,464.0,-1,40,-1.0
2010,2010,15486.825636658265,-33226.58310054235,97.0,-1,-1,-1.0
2011,2011,-13690.320320267616,26083.88784220988,498.0,-1,48,-1.0
2012,2012,-36744.41153458532,-2513.0837460110124,377.0,-1,-1,-1.0
2013,2013,-38880.65135496327,-31108.98790525505,359.0,-1,20,-1.0
2014,2014,24657.84310415065,-34996.59639910316,481.0,-1,-1,-1.0
2015,2015,-37647.874710314456,-15729.56588966875,483.0,-1,-1,-1.0
2016,2016,29840.866816113048,20150.959744759537,64.0,-1,-1,-1.0
2017,2017,-29738.82445633824,29097.748077817538,110.0,-1,-1,-1.0
2018,2018,14983.682434728828,25149.853488383236,311.0,-1,9,-1.0
2019,2019,-1159.1404998915095,-37483.5791660185,327.0,-1,-1,-1.0
2020,2020,22801.11633015969,33918.85450966851,322.0,-1,-1,-1.0
2021,2021,-7020.197976310206,10000.062522043365,284.0,-1,-1,-1.0
2022,2022,-9392.635022472692,-30431.562481795256,363.0,-1,-1,-1.0
2023,2023,15533.817014545864,25074.737457494342,320.0,-1,9,-1.0
2024,2024,-26683.49950660052,15076.125822938782,419.0,-1,-1,-1.0
2025,2025,7065.697666548163,-14867.767477955986,108.0,-1,31,-1.0
2026,2026,-7414.21633880214,-31156.877252535556,225.0,-1,35,-1.0
2027,2027,38999.30829465187,32921.80460329143,421.0,-1,10,-1.0
2028,2028,-6225.768092348793,28236.248494745523,107.0,-1,48,56.0
2029,2029,31008.03110780832,-18968.278633735008,333.0,-1,-1,-1.0
2030,2030,29136.004975635267,-27503.904343293463,15.0,-1,-1,-1.0
2031,2031,30333.656732746636,22386.219820815764,275.0,-1,-1,-1.0
2032,2032,-19615.33913611268,20950.81499774937,150.0,-1,-1,-1.0
2033,2033,191.1601867750724,29955.45384944437,217.0,-1,48,-1.0
2034,2034,-32125.215084721087,-3364.743479844554,496.0,-1,-1,-1.0
2035,2035,-5734.755227416099,24268.85326578807,386.0,-1,-1,-1.0
2036,2036,-2706.8596354692054,-4003.9465821701087,68.0,-1,-1,-1.0
2037,2037,-13083.17772561228,37073.5336882525,204.0,-1,-1,-1.0
2038,2038,-32421.55432778268,11254.650722499651,115.0,-1,24,-1.0
2039,2039,-1421.9814230005722,37279.96569012143,22.0,-1,-1,-1.0
2040,2040,-1617.7316617456745,-1617.9618998114163,423.0,-1,-1,-1.0
2041,2041,26481.567269701045,30020.633449193905,97.0,-1,-1,-1.0
2042,2042,7670.600619545417,24602.846712882587,458.0,-1,48,56.0
2043,2043,29876.47975831281,-18028.157870466213,291.0,-1,-1,-1.0
2044,2044,28912.48481979026,-38383.80368945213,91.0,-1,-1,-1.0
2045,2045,33954.41351978427,-15303.586492675176,356.0,-1,-1,-1.0
2046,2046,24217.848695722416,-24964.68895359239,31.0,-1,-1,-1.0
2047,2047,-25657.75853086656,7514.036291930744,266.0,-1,-1,-1.0
2048,2048,7013.701520593386,-11094.800530355318,200.0,-1,-1,-1.0
2049,2049,-927.4554952019388,35440.00239583093,200.0,-1,48,-1.0
2050,2050,29093.082626329477,-21129.870250766515,99.0,-1,45,-1.0
2051,2051,-34788.82676438118,-10006.563178950048,194.0,-1,-1,-1.0
2052,2052,-31871.168382701107,21357.90747089863,400.0,-1,40,-1.0
2053,2053,-33846.50343461435,31264.2825935789,135.0,-1,6,-1.0
2054,2054,-27666.998025056037,-18186.73017612574,416.0,-1,-1,-1.0
2055,2055,15270.189306179112,-5605.815107264258,209.0,-1,13,-1.0
2056,2056,22264.43831501995,39948.11257534432,405.0,-1,-1,-1.0
2057,2057,26153.738830776027,-39865.68958767831,440.0,-1,-1,-1.0
2058,2058,4039.5435122037816,-307.0427647848119,204.0,-1,-1,-1.0
2059,2059,-26001.229326235905,-37888.69499109208,39.0,-1,-1,-1.0
2060,2060,12787.92829642092,35680.80593902516,175.0,-1,-1,-1.0
2061,2061,8535.346595312825,-33290.82199617004,140.0,-1,-1,-1.0
2062,2062,22730.723027850378,-19466.770219418875,25.0,-1,-1,-1.0
2063,2063,-10561.153620530697,10875.571990796196,58.0,-1,-1,-1.0
2064,2064,-3921.376449488525,-21974.48767017038,380.0,-1,-1,-1.0
2065,2065,-21449.694413941263,35928.79675127212,33.0,-1,-1,-1.0
2066,2066,-20096.29630528229,8796.101648739364,170.0,-1,-1,-1.0
2067,2067,4347.381537126166,-37874.20615846604,157.0,-1,-1,-1.0
2068,2068,-31700.516758668666,-17588.624875822035,424.0,-1,-1,-1.0
2069,2069,39504.37170540835,35119.417263660274,65.0,-1,-1,-1.0
2070,2070,20449.202428543183,-16722.016458445116,369.0,-1,45,-1.0
2071,2071,-19107.522374292304,17986.86804329189,410.0,-1,-1,-1.0
2072,2072,-35371.138466904944,8091.723927251347,305.0,-1,24,-1.0
2073,2073,-27947.404743567426,856.4089932571515,325.0,-1,-1,-1.0
2074,2074,-12794.382810495365,7458.956472654012,235.0,-1,-1,-1.0
2075,2075,-22249.443831538418,-5649.691776393862,334.0,-1,-1,-1.0
2076,2076,20062.33086896821,1138.5600675420792,273.0,-1,-1,-1.0
2077,2077,-35348.66655753862,-38654.25114061247,215.0,-1,-1,-1.0
2078,2078,-36313.76696377204,-7128.941770548583,271.0,-1,32,38.0
2079,2079,395.0609173634293,9366.02367581406,101.0,-1,27,-1.0
2080,2080,38259.495954709695,15983.057319650914,393.0,-1,-1,-1.0
2081,2081,13882.171233122368,-27299.551359281828,449.0,-1,3,-1.0
2082,2082,3155.6085545863607,-5283.843862792382,70.0,-1,-1,-1.0
2083,2083,-2992.423525872611,-29563.26067458286,58.0,-1,-1,-1.0
2084,2084,-4735.143070939455,-32968.26224081968,141.0,-1,35,-1.0
2085,2085,24229.914480938158,27428.67157616887,307.0,-1,-1,-1.0
2086,2086,-37602.506777710725,-39212.60624243571,1.0,-1,-1,-1.0
2087,2087,22599.083436056,36417.89916711769,300.0,-1,30,-1.0
2088,2088,-23260.003802746443,-4553.186275451095,307.0,-1,-1,-1.0
2089,2089,-28504.759577719065,9223.02490626867,196.0,-1,-1,-1.0
2090,2090,-12915.706043014838,-6901.663893807345,449.0,-1,-1,-1.0
2091,2091,-11153.858620447529,-28275.263560724023,267.0,-1,-1,-1.0
2092,2092,25303.334623692543,10976.849527347622,162.0,-1,-1,-1.0
2093,2093,-4357.513075279479,12425.540467867126,360.0,-1,-1,-1.0
2094,2094,6353.249115543127,6648.8991627668,100.0,-1,-1,-1.0
2095,2095,-19010.845774835365,28034.514381277437,461.0,-1,48,-1.0
2096,2096,26450.04584634742,-21599.170762101698,87.0,-1,45,-1.0
2097,2097,30385.06724647872,-10439.122832624478,50.0,-1,-1,-1.0
2098,2098,23598.339185864228,-6614.968626645081,329.0,-1,-1,-1.0
2099,2099,-10340.742553729357,15377.805113515124,92.0,-1,-1,-1.0
2100,2100,35403.9807059193,-13114.389269334357,442.0,-1,-1,-1.0
2101,2101,-21355.040104131043,-14796.126077089342,287.0,-1,-1,-1.0
2102,2102,-20151.754140620094,-39953.883420127,484.0,-1,-1,-1.0
2103,2103,-18613.413716058327,2276.568645391242,133.0,-1,-1,-1.0
2104,2104,25592.985657485784,-6275.869497547916,314.0,-1,-1,-1.0
2105,2105,-35194.056818666395,-39693.352407194914,36.0,-1,-1,-1.0
2106,2106,-39411.11986833375,-30630.4297952965,397.0,-1,-1,-1.0
2107,2107,14309.605784752028,-30149.039418033262,343.0,-1,3,-1.0
2108,2108,-7412.185765013364,-22851.53067926796,219.0,-1,7,-1.0
2109,2109,25481.161187141275,26784.982268473308,195.0,-1,-1,-1.0
2110,2110,-36483.7597990184,35311.61033962983,124.0,-1,5,-1.0
2111,2111,-10200.14508902624,-39704.08615562863,134.0,-1,-1,-1.0
2112,2112,-12533.948887302504,-36718.32048364637,7.0,-1,36,-1.0
2113,2113,-34574.78500329261,-5553.8661985813305,417.0,-1,-1,-1.0
2114,2114,1779.853710082869,-1960.4552765781336,131.0,-1,-1,-1.0
2115,2115,6293.920422505267,11226.92291449754,51.0,-1,-1,-1.0
2116,2116,-25468.900361162312,-19008.797496376825,65.0,-1,-1,-1.0
2117,2117,16919.331733593186,27589.06126183727,419.0,-1,9,-1.0
2118,2118,4875.95924731173,-13673.214744340668,148.0,-1,31,-1.0
2119,2119,-25742.939049413068,7064.495449375892,15.0,-1,-1,-1.0
2120,2120,31382.021402566723,37572.4520264367,80.0,-1,11,-1.0
2121,2121,-34999.994393446104,-18227.529725461605,0.0,-1,-1,-1.0
2122,2122,-4008.608462906348,963.6984181679436,149.0,-1,27,-1.0
2123,2123,10303.695515528809,-1228.4778004984182,133.0,-1,-1,-1.0
2124,2124,22260.585848287672,-23357.857317494865,148.0,-1,-1,-1.0
2125,2125,-15870.54466517502,-9259.807434701404,25.0,5,43,49.0
2126,2126,-15882.48414207761,-9172.26576742703,26.0,5,43,49.0
2127,2127,-15878.289506737186,-9194.900848696136,26.0,5,43,49.0
2128,2128,-15967.876733489727,-9084.183932259528,27.0,5,43,49.0
2129,2129,-16029.304669137278,-9028.347078660045,28.0,5,43,49.0
2130,2130,-16034.591716373849,-8973.637716200827,28.0,5,43,49.0
2131,2131,-16040.719586369196,-8917.497806568794,30.0,5,43,49.0
2132,2132,-15968.498206995926,-8821.68634324196,31.0,5,43,49.0
2133,2133,-15976.260151887902,-8720.646804230204,32.0,5,43,49.0
2134,2134,-16030.777320782568,-8654.266312693318,33.0,5,43,49.0
2135,2135,-16010.380293321416,-8676.644164260457,33.0,5,43,49.0
2136,2136,-15976.873458149186,-8583.106604255036,34.0,5,43,49.0
2137,2137,-16138.403387910488,-8656.53297038477,34.0,5,43,49.0
2138,2138,-16088.919572043826,-8577.633675133626,34.0,5,43,49.0
2139,2139,-16160.343884875512,-8529.136004401564,36.0,5,43,49.0
2140,2140,-16183.12020770042,-8406.501136389466,39.0,5,43,49.0
2141,2141,-16123.320919559606,-8333.233908764498,40.0,5,43,49.0
2142,2142,-16135.061606210267,-8327.350587099452,40.0,5,43,49.0
2143,2143,-16133.437926566086,-8243.67764812283,41.0,5,43,49.0
2144,2144,-16095.321291420589,-8171.673870582141,43.0,5,43,49.0
2145,2145,-16194.176679700346,-8144.585313164977,43.0,5,43,49.0
2146,2146,-16240.245780654175,-8221.853778740124,43.0,5,43,49.0
2147,2147,-16110.584991732185,-8182.843959651537,43.0,5,43,49.0
2148,2148,-16199.051940519515,-8088.181159106927,44.0,5,43,49.0
2149,2149,-16298.466597860996,-8036.733457029836,47.0,5,43,49.0
2150,2150,-16186.75271787707,-7998.641152810272,47.0,5,43,49.0
2151,2151,-16183.869417468735,-7930.743177963907,49.0,5,43,49.0
2152,2152,-16143.653745188836,-7864.210912752187,51.0,5,43,49.0
2153,2153,-16126.188103766335,-7780.023954704821,52.0,5,43,49.0
2154,2154,-16085.98289722155,-7681.832931903597,54.0,5,43,49.0
2155,2155,-16073.39436200822,-7589.053588951725,56.0,5,43,49.0
2156,2156,-16052.48836372837,-7590.843385452655,56.0,5,43,49.0
2157,2157,-16047.156154756112,-7499.936236284447,58.0,5,43,49.0
2158,2158,-16145.263204449657,-7448.973939515772,59.0,5,43,49.0
2159,2159,-16189.024722094977,-7382.953309819452,61.0,5,43,49.0
2160,2160,-16197.95803461858,-7297.504652207436,62.0,5,43,49.0
2161,2161,-16305.529567965328,-7260.129170686185,63.0,5,43,49.0
2162,2162,-16293.245494662511,-7150.609054953809,66.0,5,43,49.0
2163,2163,-16351.080581206494,-7137.6809763922665,66.0,5,43,49.0
2164,2164,-16244.439962300714,-7116.010823070814,68.0,5,43,49.0
2165,2165,-16315.065208412729,-7033.551845189725,69.0,5,43,49.0
2166,2166,-16267.736657066487,-7028.50133626927,69.0,5,43,49.0
2167,2167,-16214.908221565702,-6982.810091574926,70.0,5,43,49.0
2168,2168,-16444.720659319748,-7043.679749398616,70.0,5,43,49.0
2169,2169,-16234.313378838162,-6936.263428181376,71.0,5,43,49.0
2170,2170,-16263.39070000182,-6915.34660411905,71.0,5,43,49.0
2171,2171,-16192.25401073324,-6895.016326034218,72.0,5,43,49.0
2172,2172,-16148.705504905463,-6804.143245692261,74.0,5,43,49.0
2173,2173,-16201.372741370067,-6710.265090382769,75.0,5,43,49.0
2174,2174,-16250.31822722411,-6813.701628607705,75.0,5,43,49.0
2175,2175,-16184.037627421138,-6681.678537676285,76.0,5,43,49.0
2176,2176,-16174.133954586208,-6585.626658398232,78.0,5,43,49.0
2177,2177,-16116.901146570191,-6591.398733310478,78.0,5,43,49.0
2178,2178,-16329.617278742891,-6675.165787045591,78.0,5,43,49.0
2179,2179,-16269.550682485917,-6549.5712189205,81.0,5,43,49.0
2180,2180,-16358.801032926076,-6561.349313725555,82.0,5,43,49.0
2181,2181,-16430.90612419039,-6505.868319865333,84.0,5,43,49.0
2182,2182,-16306.809468073589,-6469.797767794019,86.0,5,43,49.0
2183,2183,-16375.50914774005,-6376.9858170681855,88.0,5,43,49.0
2184,2184,-16463.315159215486,-6326.277066108201,90.0,5,43,49.0
2185,2185,-16446.650840275503,-6239.295849426019,91.0,5,43,49.0
2186,2186,-16520.508683354892,-6259.310148617037,91.0,5,43,49.0
2187,2187,-16561.338024656707,-6197.213015972888,93.0,5,43,49.0
2188,2188,-16461.97237809293,-6137.455223480463,93.0,5,43,49.0
2189,2189,-16535.807512890733,-6101.331238271537,96.0,5,43,49.0
2190,2190,-16494.935255798217,-6001.361855739981,97.0,5,43,49.0
2191,2191,-16621.8824329498,-6092.09363812122,97.0,5,43,49.0
2192,2192,-16652.16816118519,-5965.294099689905,98.0,5,43,49.0
2193,2193,-16760.244157573215,-6023.884197964965,99.0,5,43,49.0
2194,2194,-16654.00323280607,-5950.129175890057,101.0,5,43,49.0
2195,2195,-16758.422596275876,-5971.226139472797,102.0,5,43,49.0
2196,2196,-16638.465978213717,-5882.644493337893,102.0,5,43,49.0
2197,2197,-16732.148140059908,-5858.508110978369,102.0,5,43,49.0
2198,2198,-16732.940059694134,-5778.982753732226,103.0,5,43,49.0
2199,2199,-16806.284075982396,-5903.2277899430055,103.0,5,43,49.0
2200,2200,-16699.734807003006,-5798.1972782869125,105.0,5,43,49.0
2201,2201,-16732.727802147427,-5711.891506203968,108.0,5,43,49.0
2202,2202,-16827.212614603868,-5655.455728020551,109.0,5,43,49.0
2203,2203,-16761.981385797575,-5589.259085389415,110.0,5,43,49.0
2204,2204,-16854.81462486346,-5511.712507208946,111.0,5,43,49.0
2205,2205,-16728.494435838507,-5538.350817177311,111.0,5,43,49.0
2206,2206,-16800.854723979588,-5435.934493146062,113.0,5,43,49.0
2207,2207,-16810.02744760357,-5332.165101617816,114.0,5,43,49.0
2208,2208,-16866.91387377233,-5249.82324265171,115.0,5,43,49.0
2209,2209,-16704.479836915376,-5265.85786437803,115.0,5,43,49.0
2210,2210,-16868.049217915723,-5279.921304179515,116.0,5,43,49.0
2211,2211,-16812.234273928916,-5145.248069080481,116.0,5,43,49.0
2212,2212,-16721.070592700482,-5188.312205747811,119.0,5,43,49.0
2213,2213,-16749.571566655417,-5093.907942682,120.0,5,43,49.0
2214,2214,-16850.758442364986,-5020.953991109336,122.0,5,43,49.0
2215,2215,-16787.07370709117,-4917.421490244361,123.0,5,43,49.0
2216,2216,-16879.28376431657,-4829.287234973176,125.0,5,43,49.0
2217,2217,-16753.593029976975,-4810.681214028316,125.0,5,43,49.0
2218,2218,-16897.556612188782,-4718.130533632944,126.0,5,43,49.0
2219,2219,-16990.921334303614,-4668.310836162725,128.0,5,43,49.0
2220,2220,-16979.741756750038,-4577.45569070362,129.0,5,43,49.0
2221,2221,-17067.93846772825,-4595.973419243858,130.0,5,43,49.0
2222,2222,-16937.872101779478,-4495.841680280877,130.0,5,43,49.0
2223,2223,-17044.751091108545,-4419.819230476973,131.0,5,43,49.0
2224,2224,-17058.12561529812,-4460.205295533165,131.0,5,43,49.0
2225,2225,-17152.93239185159,-4377.982081159756,132.0,5,43,49.0
2226,2226,-17230.26285982696,-4328.752923750742,135.0,5,43,49.0
2227,2227,-17157.177934660125,-4250.134740629377,135.0,5,43,49.0
2228,2228,-17096.838469993232,-4282.845409579506,137.0,5,43,49.0
2229,2229,-17147.128292159287,-4229.6967520506605,137.0,5,43,49.0
2230,2230,-17162.64312330913,-4215.28936055407,137.0,5,43,49.0
2231,2231,-17046.001040040668,-4291.796204163214,138.0,5,43,49.0
2232,2232,-17236.70174410077,-4199.000822701637,138.0,5,43,49.0
2233,2233,-17129.512978932762,-4151.023394314591,138.0,5,43,49.0
2234,2234,-17105.14250674834,-4122.933330327738,142.0,5,43,49.0
2235,2235,-17209.063760443114,-4135.01370711311,142.0,5,43,49.0
2236,2236,-17275.054818836048,-4092.070685737389,144.0,5,43,49.0
2237,2237,-17370.873087985485,-4014.7085570418144,147.0,5,43,49.0
2238,2238,-17488.190898828223,-3939.3551913915303,148.0,5,43,49.0
2239,2239,-17326.459914524217,-3919.667295878911,148.0,5,43,49.0
2240,2240,-17284.903082416862,-3914.704543834499,148.0,5,43,49.0
2241,2241,-17351.935328254596,-3844.456942373976,149.0,5,43,49.0
2242,2242,-17215.711419593164,-3824.973655501147,150.0,5,43,49.0
2243,2243,-17368.052290184572,-3706.191054367804,150.0,5,43,49.0
2244,2244,-17505.955902210746,-3792.8152781143167,150.0,5,43,49.0
2245,2245,-17561.02691880764,-3726.5015992279286,151.0,5,43,49.0
2246,2246,-17416.308698434343,-3839.8556453424944,152.0,5,43,49.0
2247,2247,-17628.57586640731,-3653.988443315213,152.0,5,43,49.0
2248,2248,-17593.237594020597,-3603.2391783984,152.0,5,43,49.0
2249,2249,-17531.4644893746,-3640.20868555402,152.0,5,43,49.0
2250,2250,-17499.278624560735,-3807.6702758409447,153.0,5,43,49.0
2251,2251,-17690.315832726843,-3568.322078704758,153.0,5,43,49.0
2252,2252,-17611.69130056377,-3560.9075802505736,153.0,5,43,49.0
2253,2253,-17598.92379181949,-3494.8369445975745,153.0,5,43,49.0
2254,2254,-17718.8460387887,-3554.4258452936538,154.0,5,43,49.0
2255,2255,-17484.645969332807,-3714.01953946412,155.0,5,43,49.0
2256,2256,-17463.720201182474,-3707.186456870896,155.0,5,43,49.0
2257,2257,-17743.812119495266,-3476.9143723629018,156.0,5,43,49.0
2258,2258,-17844.893870481596,-3479.823510266853,156.0,5,43,49.0
2259,2259,-17741.681857825577,-3479.5182765465224,156.0,5,43,49.0
2260,2260,-17554.685635056365,-3699.985934857544,157.0,5,43,49.0
2261,2261,-17517.00951377787,-3664.455666384304,157.0,5,43,49.0
2262,2262,-17498.10649255494,-3615.1746262300426,157.0,5,43,49.0
2263,2263,-17856.327175781294,-3372.4581188883994,157.0,5,43,49.0
2264,2264,-17894.902846086763,-3295.9513609033675,158.0,5,43,49.0
2265,2265,-17927.943230284527,-3330.445885262898,158.0,5,43,49.0
2266,2266,-17902.023090976098,-3275.01924557304,158.0,5,43,49.0
2267,2267,-17555.55570729109,-3579.004658881371,159.0,5,43,49.0
2268,2268,-18063.675591852345,-3267.014837079917,159.0,5,43,49.0
2269,2269,-17949.235946496738,-3186.3164471393507,159.0,5,43,49.0
2270,2270,-17672.441619573554,-3568.749324071849,160.0,5,43,49.0
2271,2271,-18080.343829755093,-3191.4289257914143,160.0,5,43,49.0
2272,2272,-17692.18477691041,-3507.418280256531,161.0,5,43,49.0
2273,2273,-17694.08125711157,-3489.415445133304,161.0,5,43,49.0
2274,2274,-17775.902063074172,-3580.07545941682,161.0,5,43,49.0
2275,2275,-18104.902466221367,-3080.127683220971,161.0,5,43,49.0
2276,2276,-18221.253496993177,-3124.833990329966,161.0,5,43,49.0
2277,2277,-17738.68349413203,-3505.8611040327096,162.0,5,43,49.0
2278,2278,-18239.82434571657,-3016.458485795336,162.0,5,43,49.0
2279,2279,-17709.462878904524,-3414.1816289927706,163.0,5,43,49.0
2280,2280,-17673.284059618316,-3310.05712876748,164.0,5,43,49.0
2281,2281,-17688.299893234213,-3285.0627727757765,164.0,5,43,49.0
2282,2282,-18311.324897994065,-2946.1435003483134,164.0,5,43,49.0
2283,2283,-17760.19178583568,-3249.0120114986626,165.0,5,43,49.0
2284,2284,-18318.936874422685,-2842.026182510312,166.0,5,43,49.0
2285,2285,-17717.62270420727,-3138.470738202008,167.0,5,43,49.0
2286,2286,-18226.547413570283,-2769.1071851159427,167.0,5,43,49.0
2287,2287,-18437.159346603534,-2793.457233724778,167.0,5,43,49.0
2288,2288,-17708.312119162143,-3043.1325123709007,169.0,5,43,49.0
2289,2289,-17788.993495623938,-2994.877813013367,170.0,5,43,49.0
2290,2290,-17753.963970386394,-2955.7928057278687,170.0,5,43,49.0
2291,2291,-18401.43744884614,-2644.3212031587686,170.0,5,43,49.0
2292,2292,-17754.604259881686,-2876.809778208792,173.0,5,43,49.0
2293,2293,-17706.695282296478,-2906.041936742176,173.0,5,43,49.0
2294,2294,-18514.25351406745,-2584.9285273444607,173.0,5,43,49.0
2295,2295,-17762.684322187117,-2820.60473431937,175.0,5,43,49.0
2296,2296,-17700.301528856824,-2722.421112533001,176.0,5,43,49.0
2297,2297,-17576.729773905718,-2679.1972478262383,177.0,5,43,49.0
2298,2298,-17701.154146121058,-2613.74549052412,177.0,5,43,49.0
2299,2299,-17664.71380831709,-2629.1910541473158,177.0,5,43,49.0
2300,2300,-18622.08820264817,-2644.167030342273,177.0,5,43,49.0
2301,2301,-17642.2019381719,-2549.354416170004,178.0,5,43,49.0
2302,2302,-17618.498220690504,-2467.7066127256217,179.0,5,43,49.0
2303,2303,-18674.03902985341,-2712.6491459238887,179.0,5,43,49.0
2304,2304,-18521.56024259288,-2622.094914691545,179.0,5,43,49.0
2305,2305,-17578.155484951392,-2433.503598693164,180.0,5,43,49.0
2306,2306,-17708.155437401587,-2424.436433102396,180.0,5,43,49.0
2307,2307,-18687.23110760603,-2566.150010738085,180.0,5,43,49.0
2308,2308,-17715.189926027888,-2436.702218406182,181.0,5,43,49.0
2309,2309,-17670.201809250448,-2302.1727865119487,181.0,5,43,49.0
2310,2310,-17618.175582043026,-2334.1783364907133,183.0,5,43,49.0
2311,2311,-17620.211300070096,-2306.3068526198617,183.0,5,43,49.0
2312,2312,-18723.300969480977,-2443.3374639884664,183.0,5,43,49.0
2313,2313,-18821.03700256215,-2593.15714632144,183.0,5,43,49.0
2314,2314,-18671.669268795853,-2477.5694688754825,183.0,5,43,49.0
2315,2315,-18788.7535439025,-2410.4433744001262,184.0,5,43,49.0
2316,2316,-17635.9005565488,-2217.8027993257024,185.0,5,43,49.0
2317,2317,-17622.083271541112,-2131.86007413852,186.0,5,43,49.0
2318,2318,-18832.287787236462,-2327.2771129924795,186.0,5,43,49.0
2319,2319,-18909.14901911143,-2284.6905765996385,187.0,5,43,49.0
2320,2320,-18909.681974396284,-2281.272299966652,187.0,5,43,49.0
2321,2321,-18960.723841167903,-2424.0480251913104,187.0,5,43,49.0
2322,2322,-19044.178534270348,-2281.5386278102587,188.0,5,43,49.0
2323,2323,-19120.0890033996,-2279.974543269565,189.0,5,43,49.0
2324,2324,-19011.435138589117,-2185.03142120939,189.0,5,43,49.0
2325,2325,-17620.343239786787,-2003.614208743135,190.0,5,43,49.0
2326,2326,-19176.66063461403,-2234.5716124882583,190.0,5,43,49.0
2327,2327,-19002.812385573096,-2185.280748247705,190.0,5,43,49.0
2328,2328,-19162.59181129744,-2134.059388890116,190.0,5,43,49.0
2329,2329,-17628.77833095144,-1913.1172880198935,191.0,5,43,49.0
2330,2330,-19163.448159919863,-2097.2274270659677,191.0,5,43,49.0
2331,2331,-17673.3614947417,-1799.805955014369,192.0,5,43,49.0
2332,2332,-19268.57668266064,-2096.9907173009897,192.0,5,43,49.0
2333,2333,-19167.914172853278,-1992.065560798252,192.0,5,43,49.0
2334,2334,-19223.834663837395,-2031.8411101373697,192.0,5,43,49.0
2335,2335,-19301.970893500053,-2000.9373448829567,193.0,5,43,49.0
2336,2336,-19298.0475915696,-1999.5191113627177,193.0,5,43,49.0
2337,2337,-17612.93680181761,-1712.951054433207,194.0,5,43,49.0
2338,2338,-17626.739905277173,-1703.9046335413873,194.0,5,43,49.0
2339,2339,-19413.630605818395,-1956.4729572214892,194.0,5,43,49.0
2340,2340,-19431.821305131787,-1982.4947042155345,194.0,5,43,49.0
2341,2341,-19387.176101192235,-2016.546316312184,194.0,5,43,49.0
2342,2342,-19412.136968059214,-1939.4458001098076,194.0,5,43,49.0
2343,2343,-19495.160459197952,-1994.1916535146224,195.0,5,43,49.0
2344,2344,-19450.537693176462,-1876.3985021399296,196.0,5,43,49.0
2345,2345,-19553.016573047567,-2054.0112769255325,196.0,5,43,49.0
2346,2346,-19502.000503828796,-1804.7908092201208,197.0,5,43,49.0
2347,2347,-19683.517820092777,-2007.173810167684,197.0,5,43,49.0
2348,2348,-19587.21421090773,-1838.9520337841268,198.0,5,43,49.0
2349,2349,-19771.19439915529,-2031.073618376548,198.0,5,43,49.0
2350,2350,-17548.234607786344,-1625.3532597205372,199.0,5,43,49.0
2351,2351,-19654.989818017155,-1777.7518545871956,199.0,5,43,49.0
2352,2352,-19880.854000248728,-2068.067050260111,199.0,5,43,49.0
2353,2353,-19921.189158322668,-1987.9702344300724,200.0,5,43,49.0
2354,2354,-19985.57241121533,-1980.928241203984,200.0,5,43,49.0
2355,2355,-19929.09711163693,-2112.9643539224544,200.0,5,43,49.0
2356,2356,-20007.777422447263,-2042.940798813557,200.0,5,43,49.0
2357,2357,-17551.638119352727,-1515.121817046324,201.0,5,43,49.0
2358,2358,-20053.218488116527,-2059.874288742806,201.0,5,43,49.0
2359,2359,-19661.86053877873,-1704.6578634459038,202.0,5,43,49.0
2360,2360,-19698.383079787,-1871.564441614712,202.0,5,43,49.0
2361,2361,-20194.776409336213,-2064.9086113686267,202.0,5,43,49.0
2362,2362,-17501.664954016767,-1439.840498610194,203.0,5,43,49.0
2363,2363,-17509.666531481354,-1419.0182643287108,203.0,5,43,49.0
2364,2364,-19747.308402942643,-1721.412883293077,203.0,5,43,49.0
2365,2365,-20211.525206668568,-1970.632406885739,204.0,5,43,49.0
2366,2366,-20266.810662319767,-1972.885081754268,204.0,5,43,49.0
2367,2367,-19826.52562863267,-1723.499077638351,205.0,5,43,49.0
2368,2368,-19822.8400538046,-1854.8699186917036,205.0,5,43,49.0
2369,2369,-20235.369275251167,-2024.8607168179296,205.0,5,43,49.0
2370,2370,-17572.96271453013,-1362.6577684744132,206.0,5,43,49.0
2371,2371,-17471.72179602893,-1358.0984642044352,206.0,5,43,49.0
2372,2372,-17410.768994764287,-1329.4098104217435,206.0,5,43,49.0
2373,2373,-19793.071518868688,-1700.0769895785368,206.0,5,43,49.0
2374,2374,-17603.55828844076,-1378.7122276759162,207.0,5,43,49.0
2375,2375,-20252.675837180643,-1920.742135729696,208.0,5,43,49.0
2376,2376,-17697.378849905912,-1331.9196519522436,209.0,5,43,49.0
2377,2377,-17703.539092727147,-1327.0286239879658,209.0,5,43,49.0
2378,2378,-19860.780000256284,-1605.4100121193287,209.0,5,43,49.0
2379,2379,-19813.173603130585,-1571.8064206113534,209.0,5,43,49.0
2380,2380,-20309.62908902442,-1879.243593698532,209.0,5,43,49.0
2381,2381,-17700.583841273776,-1239.7175733990732,210.0,5,43,49.0
2382,2382,-17710.18396194741,-1222.3007309840218,210.0,5,43,49.0
2383,2383,-17758.12341164033,-1313.545461318873,210.0,5,43,49.0
2384,2384,-20407.44424414924,-1888.4165481701916,210.0,5,43,49.0
2385,2385,-20388.7977909285,-1894.3344146826028,210.0,5,43,49.0
2386,2386,-20375.173205044124,-1819.3375163648732,210.0,5,43,49.0
2387,2387,-19827.204423552208,-1495.42498142733,211.0,5,43,49.0
2388,2388,-20488.0946397402,-1909.2620341272093,211.0,5,43,49.0
2389,2389,-20586.004983439685,-1927.096708759958,212.0,5,43,49.0
2390,2390,-17778.990892691378,-1209.9597392847031,213.0,5,43,49.0
2391,2391,-19835.60157094772,-1394.1443773960248,213.0,5,43,49.0
2392,2392,-19895.1772432072,-1447.2844193571902,214.0,5,43,49.0
2393,2393,-20640.29133588017,-1922.3523665799096,214.0,5,43,49.0
2394,2394,-20663.564369779226,-1948.4289628808324,214.0,5,43,49.0
2395,2395,-17852.97661911567,-1123.027830155219,215.0,5,43,49.0
2396,2396,-19936.644377639663,-1402.0270579298476,215.0,5,43,49.0
2397,2397,-20730.926257798885,-1910.1706708034155,215.0,5,43,49.0
2398,2398,-17885.188778257136,-1043.269658303686,216.0,5,43,49.0
2399,2399,-20022.398411293758,-1421.7608066158157,216.0,5,43,49.0
2400,2400,-20813.956813010303,-1819.5640902760729,216.0,5,43,49.0
2401,2401,-20790.9688328308,-1844.7626810502293,216.0,5,43,49.0
2402,2402,-17949.299057650293,-957.50998216635,217.0,5,43,49.0
2403,2403,-20890.87798455885,-1804.7880732798435,217.0,5,43,49.0
2404,2404,-20895.100890588383,-1904.579858727272,217.0,5,43,49.0
2405,2405,-20819.57866398956,-1759.7583894992729,217.0,5,43,49.0
2406,2406,-18069.61688163824,-937.8384109858388,218.0,5,43,49.0
2407,2407,-18042.10263895875,-987.167242465283,218.0,5,43,49.0
2408,2408,-17900.055145833463,-887.3747695915508,218.0,5,43,49.0
2409,2409,-20925.17190444708,-1730.5586280051034,218.0,5,43,49.0
2410,2410,-20928.97908960553,-1740.9393220512316,218.0,5,43,49.0
2411,2411,-19941.359407292475,-1348.8075896347766,219.0,5,43,49.0
2412,2412,-18119.13685647447,-934.4391595673457,220.0,5,43,49.0
2413,2413,-17897.21252054561,-930.6132867768883,220.0,5,43,49.0
2414,2414,-20966.520329493604,-1716.7661430076992,220.0,5,43,49.0
2415,2415,-21031.467107241588,-1777.2961184810422,220.0,5,43,49.0
2416,2416,-18010.065802137662,-852.1195931447286,221.0,5,43,49.0
2417,2417,-18044.35988287629,-834.7637575510026,221.0,5,43,49.0
2418,2418,-17985.73449378,-794.4108975694335,222.0,5,43,49.0
2419,2419,-17966.252452276396,-713.3196739413168,222.0,5,43,49.0
2420,2420,-19956.383501060474,-1251.7126419967392,222.0,5,43,49.0
2421,2421,-19978.23683215537,-1266.9028650426185,222.0,5,43,49.0
2422,2422,-21080.094494398894,-1675.1042689413168,222.0,5,43,49.0
2423,2423,-20046.172203195303,-1208.190338294076,223.0,5,43,49.0
2424,2424,-21192.6875868666,-1641.231573594856,223.0,5,43,49.0
2425,2425,-21198.62295890052,-1648.5164186625948,223.0,5,43,49.0
2426,2426,-21142.482538337845,-1627.6704838573144,223.0,5,43,49.0
2427,2427,-20034.38459757343,-1122.069130839891,224.0,5,43,49.0
2428,2428,-18061.856144966263,-712.8663608488604,225.0,5,43,49.0
2429,2429,-20122.0789952934,-1188.9125606495857,225.0,5,43,49.0
2430,2430,-21276.698773793145,-1629.8918812867548,225.0,5,43,49.0
2431,2431,-18105.784453596487,-591.8511929803163,226.0,5,43,49.0
2432,2432,26219.97708537047,-23379.76157422216,323.0,-1,45,51.0
2433,2433,-5709.600513381294,12515.89029018161,248.0,-1,27,-1.0
2434,2434,-9505.473722288214,-32796.16569923059,492.0,-1,-1,-1.0
2435,2435,12564.124941820644,-16116.761523571324,115.0,-1,-1,-1.0
2436,2436,-10553.841310819427,21361.39391804912,94.0,-1,-1,-1.0
2437,2437,-39079.90602339691,-24032.41054378567,368.0,-1,-1,-1.0
2438,2438,-2426.2172992763444,28327.29216626205,15.0,-1,-1,-1.0
2439,2439,-14351.3974007163,3182.068575039404,454.0,-1,-1,-1.0
2440,2440,-3610.2694343855474,-36521.31328685828,310.0,-1,-1,-1.0
2441,2441,18393.9206227518,14440.832101723225,108.0,-1,-1,-1.0
2442,2442,-30589.565713745596,8853.898034332895,493.0,-1,-1,-1.0
2443,2443,-31973.73852104913,31836.064619681914,262.0,-1,6,-1.0
2444,2444,-9188.82069580416,-15397.646213127246,374.0,-1,31,-1.0
2445,2445,38502.221231266274,19369.164385795106,107.0,-1,28,-1.0
2446,2446,39958.88542039554,34787.32517640456,451.0,-1,-1,-1.0
2447,2447,22443.82316653475,27054.01386920968,14.0,-1,-1,-1.0
2448,2448,-3498.1617210418844,-10246.365873787698,364.0,-1,31,-1.0
2449,2449,-27117.930721584216,6448.336425089496,147.0,-1,-1,-1.0
2450,2450,-8471.996056711334,36049.41355896169,35.0,-1,48,-1.0
2451,2451,9939.962006239708,2096.455293654326,412.0,-1,-1,-1.0
2452,2452,26792.340683979462,16367.616387923525,20.0,-1,-1,-1.0
2453,2453,-28560.377881778782,-30923.799395863527,139.0,-1,-1,-1.0
2454,2454,16361.926524641196,9273.252712548368,192.0,-1,-1,-1.0
2455,2455,-31833.673631127454,13049.895058886308,390.0,-1,-1,-1.0
2456,2456,-39047.30076650755,-5130.812442281305,81.0,-1,-1,-1.0
2457,2457,16096.934800684518,1432.525314843413,238.0,-1,-1,-1.0
2458,2458,-39309.45713778128,17588.2640114357,224.0,-1,-1,-1.0
2459,2459,23783.59583666724,-6730.294321323621,273.0,-1,-1,-1.0
2460,2460,-12802.68246987194,31904.158734536148,2.0,-1,48,-1.0
2461,2461,-1582.733922731546,8348.787726226255,374.0,-1,-1,-1.0
2462,2462,7327.099942592518,-2312.3283986594324,262.0,-1,-1,-1.0
2463,2463,19998.21345663125,-21409.405278779705,65.0,-1,-1,-1.0
2464,2464,-5118.806835726056,1245.458681573502,203.0,-1,27,-1.0
2465,2465,-26688.77200067889,39654.21072332887,365.0,-1,-1,-1.0
2466,2466,-5825.377372098643,-23725.991703508746,105.0,-1,-1,-1.0
2467,2467,29543.86558659938,-26231.212694723254,433.0,-1,-1,-1.0
2468,2468,7929.026656719958,-9341.465417021278,245.0,-1,31,-1.0
2469,2469,-34754.466524950454,-15057.244696222104,424.0,-1,-1,-1.0
2470,2470,21170.44203679626,23090.9881075014,68.0,-1,-1,-1.0
2471,2471,-33819.86731089035,1579.0773114572876,16.0,-1,-1,-1.0
2472,2472,4957.5666875497045,-39148.02617955095,156.0,-1,-1,-1.0
2473,2473,-26580.911558194843,-3785.987962466803,209.0,-1,-1,-1.0
2474,2474,24107.998795929045,73.78436028585566,148.0,-1,-1,-1.0
2475,2475,15042.362863497983,32164.174473577776,15.0,-1,-1,-1.0
2476,2476,-31450.548623718743,8901.125098796394,440.0,-1,-1,-1.0
2477,2477,32994.33031020635,8458.274486831557,133.0,-1,-1,-1.0
2478,2478,-18707.95591171504,32388.722558938767,3.0,-1,-1,-1.0
2479,2479,-2859.0374284002537,7318.551158797636,247.0,-1,27,-1.0
2480,2480,-37768.6950074468,39963.37502171368,142.0,-1,-1,-1.0
2481,2481,-787.3537443356836,-8795.82331613779,265.0,-1,31,-1.0
2482,2482,-16142.57965083187,-13451.811965816232,480.0,-1,-1,-1.0
2483,2483,24645.96338745876,13698.458973966472,418.0,-1,-1,-1.0
2484,2484,37631.09594049658,-1210.1106765258592,254.0,-1,28,-1.0
2485,2485,7015.57057058956,-2696.2236499748906,358.0,-1,-1,-1.0
2486,2486,-27350.40826047745,-15111.787169994665,175.0,-1,-1,-1.0
2487,2487,-35054.70443121932,370.6902958434293,347.0,-1,29,-1.0
2488,2488,-5368.335922125501,-12242.936461235266,412.0,-1,31,-1.0
2489,2489,-37999.031509089706,4590.219454455975,455.0,-1,-1,-1.0
2490,2490,-25037.5715019732,-7449.953649407242,333.0,-1,-1,-1.0
2491,2491,29896.96179382401,-20432.46134243893,268.0,-1,45,51.0
2492,2492,23573.590693270307,-15232.730398790383,444.0,-1,45,-1.0
2493,2493,14863.971058354,18688.235831841102,19.0,-1,-1,-1.0
2494,2494,-33053.03990587429,39392.13653577439,144.0,-1,-1,-1.0
2495,2495,28954.69397068108,-18171.649314892307,199.0,-1,-1,-1.0
2496,2496,-26962.874804989304,31045.215256256703,290.0,-1,-1,-1.0
2497,2497,-7039.15254997008,7541.62334696851,457.0,-1,-1,-1.0
2498,2498,4866.461860558033,16611.83273731939,224.0,-1,-1,-1.0
2499,2499,-6956.444140981119,19480.73910814424,389.0,-1,-1,-1.0
2500,2500,33128.11669698212,32450.591102658087,426.0,-1,-1,-1.0
2501,2501,31477.86707367777,-24652.611832829203,104.0,-1,45,-1.0
2502,2502,-35543.21214070411,807.9838506516171,491.0,-1,-1,-1.0
2503,2503,21198.41356185413,31923.63033768919,466.0,-1,-1,-1.0
2504,2504,10113.890289208226,11594.798512198227,403.0,-1,-1,-1.0
2505,2505,-19077.124295847945,16453.700999433808,274.0,-1,-1,-1.0
2506,2506,-26731.866380334548,-34814.538009554584,497.0,-1,-1,-1.0
2507,2507,12851.014811185863,-23995.802631046357,164.0,-1,-1,-1.0
2508,2508,266.3466614233912,-14910.9817492484,375.0,-1,31,-1.0
2509,2509,-16271.837838643838,5635.207156896213,290.0,-1,26,-1.0
2510,2510,-21669.2755224293,-24683.43927767852,139.0,-1,-1,-1.0
2511,2511,36749.87220672841,-2417.8733361263585,308.0,-1,-1,-1.0
2512,2512,8025.823879938966,-35339.71292792437,283.0,-1,1,-1.0
2513,2513,-537.1394702806356,-25785.989462686965,149.0,-1,25,-1.0
2514,2514,-8860.058162126468,14938.238069012266,494.0,-1,-1,-1.0
2515,2515,-8836.37160320464,4843.832026456403,32.0,-1,27,-1.0
2516,2516,-3137.075101451752,-33955.76841882945,194.0,-1,-1,-1.0
2517,2517,-13587.22798343253,-29834.824493120148,499.0,-1,-1,-1.0
2518,2518,-7033.704644730125,-34406.53189087025,258.0,-1,35,-1.0
2519,2519,-7232.020804017135,311.6510536545393,367.0,-1,-1,-1.0
2520,2520,11245.020138955166,-12957.465427275922,226.0,-1,-1,-1.0
2521,2521,8034.995753107032,2074.594887130537,120.0,-1,-1,-1.0
2522,2522,-4243.685781361448,1216.7221908258143,389.0,-1,27,-1.0
2523,2523,-14924.140710120037,-22458.658056582844,88.0,-1,-1,-1.0
2524,2524,-13636.97664620136,-39765.85833627446,23.0,-1,-1,-1.0
2525,2525,35707.35274727648,-10132.558867957134,382.0,-1,-1,-1.0
2526,2526,-27041.755953846357,14170.39641220958,419.0,-1,-1,-1.0
2527,2527,23482.569861298165,13006.466239355635,84.0,-1,16,-1.0
2528,2528,4574.680512823121,15702.224748999346,459.0,-1,8,-1.0
2529,2529,11032.29027334934,39376.08742374806,488.0,-1,-1,-1.0
2530,2530,-2087.9863287053813,23382.270042997305,166.0,-1,-1,-1.0
2531,2531,25049.67602752512,-31999.93798508791,317.0,-1,-1,-1.0
2532,2532,1105.2927870356723,-32303.586479686048,231.0,-1,-1,-1.0
2533,2533,-36010.93460239913,-14605.5948993508,459.0,-1,-1,-1.0
2534,2534,2157.9025704908854,-24281.15390395207,285.0,-1,-1,-1.0
2535,2535,2231.074450582797,-32318.77654097548,90.0,-1,1,-1.0
2536,2536,-33242.926080014986,-9961.669037482254,177.0,-1,-1,-1.0
2537,2537,11750.093795331544,-33548.71331652513,183.0,-1,-1,-1.0
2538,2538,-20106.804688205622,-10074.373057448543,124.0,-1,-1,-1.0
2539,2539,-19177.458256726622,21478.45511250573,365.0,-1,-1,-1.0
2540,2540,36138.08558873851,28431.224376928585,474.0,-1,-1,-1.0
2541,2541,-29553.611619167797,12305.802387452626,26.0,-1,-1,-1.0
2542,2542,-33835.899062515244,12555.964514910564,323.0,-1,24,-1.0
2543,2543,-288.0765191253158,33425.112951514806,278.0,-1,-1,-1.0
2544,2544,26384.49320687812,-998.034263208414,317.0,-1,-1,-1.0
2545,2545,38714.20047993884,-16197.031103892074,84.0,-1,-1,-1.0
2546,2546,-6855.388459763977,-13083.935017883396,18.0,-1,31,-1.0
2547,2547,16910.464678552737,24770.651985818527,237.0,-1,9,-1.0
2548,2548,-10784.995696284332,-6901.78080103176,72.0,-1,-1,-1.0
2549,2549,19869.49825327156,396.5524686920762,237.0,-1,-1,-1.0
2550,2550,22898.85835498428,3603.488094817294,196.0,-1,-1,-1.0
2551,2551,11832.836926971358,-10451.380953623062,159.0,-1,-1,-1.0
2552,2552,32921.764436289566,-25528.092285082203,212.0,-1,45,-1.0
2553,2553,-21479.23958630285,21794.711425927417,145.0,-1,-1,-1.0
2554,2554,13263.191144609656,-26389.55392269988,281.0,-1,3,-1.0
2555,2555,-11590.774157713862,-22341.583782702583,92.0,-1,-1,-1.0
2556,2556,12328.248013893128,5918.318682094105,85.0,-1,-1,-1.0
2557,2557,-27781.41098037685,17050.444741284984,162.0,-1,40,-1.0
2558,2558,-22976.743730835977,36251.51253387997,100.0,-1,-1,-1.0
2559,2559,-23800.619423472395,30066.79004524949,48.0,-1,-1,-1.0
2560,2560,-1809.7625023021249,33725.55380772389,299.0,-1,-1,-1.0
2561,2561,19779.75601187297,-39552.75690065688,435.0,-1,-1,-1.0
2562,2562,-32920.56721703442,7558.6123389241475,115.0,-1,-1,-1.0
2563,2563,-1524.7006530675062,-26713.03863882339,50.0,-1,-1,-1.0
2564,2564,2364.2881754015034,-13557.26283057475,495.0,-1,31,-1.0
2565,2565,-23080.133368731327,-39624.21405056049,330.0,-1,-1,-1.0
2566,2566,18086.15040443421,-21050.62914992752,109.0,-1,-1,-1.0
2567,2567,4322.96141066635,15682.717386694783,184.0,-1,-1,-1.0
2568,2568,23749.40756898533,-15022.812810645351,341.0,-1,45,-1.0
2569,2569,1490.5494331793816,-23391.029021217302,210.0,-1,-1,-1.0
2570,2570,14442.045999931615,11034.129182358229,410.0,-1,-1,-1.0
2571,2571,2657.974211946792,-1644.4793937089416,345.0,-1,-1,-1.0
2572,2572,20993.08100301576,13089.708470399111,109.0,-1,-1,-1.0
2573,2573,27161.60172093869,-13568.70286899457,147.0,-1,45,52.0
2574,2574,-7222.676792444334,3607.581286791763,276.0,-1,-1,-1.0
2575,2575,-23219.10519435899,18203.143513985076,76.0,-1,-1,-1.0
2576,2576,-8056.820366988039,-22026.302684304806,91.0,-1,7,-1.0
2577,2577,-410.5801493718536,17684.345306221257,159.0,-1,46,-1.0
2578,2578,-10544.156470649472,-2755.0537801690225,435.0,-1,-1,-1.0
2579,2579,-5517.856354483498,-7406.974545733105,438.0,-1,31,-1.0
2580,2580,26866.34638073208,37468.31157400762,399.0,-1,-1,-1.0
2581,2581,-19230.816948374595,-21055.706989458464,151.0,-1,36,-1.0
2582,2582,-24078.433498371527,32375.12315510187,201.0,-1,-1,-1.0
2583,2583,32332.638221698217,-14346.311694383565,89.0,-1,-1,-1.0
2584,2584,-37278.88928477026,2116.831362497258,429.0,-1,-1,-1.0
2585,2585,-976.0278411071486,-35001.50852078485,240.0,-1,-1,-1.0
2586,2586,-28412.43414006594,10709.74686936305,370.0,-1,-1,-1.0
2587,2587,27797.11917056529,-15243.303802662424,435.0,-1,-1,-1.0
2588,2588,-2821.2442691221004,-7229.809405458451,26.0,-1,31,-1.0
2589,2589,-18999.44607454088,-7271.829642515044,434.0,-1,-1,-1.0
2590,2590,-36781.25251652253,-36184.84315167654,385.0,-1,19,-1.0
2591,2591,-32577.083849461156,17543.59296602004,317.0,-1,-1,-1.0
2592,2592,28699.68797975847,858.9421779231998,144.0,-1,-1,-1.0
2593,2593,25616.914412310784,-39878.85579734569,366.0,-1,-1,-1.0
2594,2594,17623.948797933735,-28139.46271067756,53.0,-1,3,-1.0
2595,2595,-31869.968368209946,-4931.867120309529,347.0,-1,-1,-1.0
2596,2596,-15784.756126003722,9599.621245903969,322.0,-1,-1,-1.0
2597,2597,25681.05767582041,-39931.66907826346,209.0,-1,-1,-1.0
2598,2598,24362.02967644592,-36024.20248739551,5.0,-1,-1,-1.0
2599,2599,-33577.11025072567,-29826.406620691312,334.0,-1,-1,-1.0
2600,2600,37876.45874023812,32805.48758093768,409.0,-1,10,-1.0
2601,2601,-1525.2222275808526,18558.53991695173,361.0,-1,46,-1.0
2602,2602,-23305.23983262151,-28796.884917802352,459.0,-1,-1,-1.0
2603,2603,-33917.12683138407,-2159.5857560405857,140.0,-1,-1,-1.0
2604,2604,25236.472082739827,13984.644644797314,258.0,-1,-1,-1.0
2605,2605,6926.537233584197,-24270.48629576076,489.0,-1,31,-1.0
2606,2606,6257.196998155356,-32910.80755231811,427.0,-1,1,-1.0
2607,2607,10956.633528167193,-35223.10966647247,236.0,-1,4,-1.0
2608,2608,9736.91976794749,-569.3173285043522,8.0,-1,-1,-1.0
2609,2609,-25287.16263021117,35152.184769575004,39.0,-1,-1,-1.0
2610,2610,-7503.946673893395,32394.956071733934,353.0,-1,-1,-1.0
2611,2611,27450.843763137495,-10948.229617872736,277.0,-1,45,-1.0
2612,2612,37481.64544952063,29748.661999243297,362.0,-1,10,-1.0
2613,2613,32684.45123698552,20319.048973613324,198.0,-1,-1,-1.0
2614,2614,23551.106293797267,15547.349135242895,283.0,-1,-1,-1.0
2615,2615,9443.751738805062,9701.180478398785,463.0,-1,-1,-1.0
2616,2616,-893.7702785856891,15125.032731267886,492.0,-1,-1,-1.0
2617,2617,25146.195564431426,-11716.148075647252,209.0,-1,-1,-1.0
2618,2618,-33275.09831992229,-15148.452307196449,98.0,-1,-1,-1.0
2619,2619,-30168.485594397564,26235.73263476232,428.0,-1,-1,-1.0
2620,2620,-31280.924762595765,-13067.461187706853,424.0,-1,-1,-1.0
2621,2621,29122.8430137852,-344.58692209296714,69.0,-1,-1,-1.0
2622,2622,-19501.951459489657,-36173.13421810597,206.0,-1,-1,-1.0
2623,2623,7313.232546590734,-13352.4960308773,482.0,-1,-1,-1.0
2624,2624,-7477.47816635136,27934.960559799627,389.0,-1,48,-1.0
2625,2625,18887.700368754573,-15032.977601094,10.0,-1,-1,-1.0
2626,2626,-30229.815659871885,3839.942662412046,99.0,-1,29,-1.0
2627,2627,-38962.28952187012,795.1187777791638,299.0,-1,-1,-1.0
2628,2628,-28131.52309221543,31425.457351659265,382.0,-1,-1,-1.0
2629,2629,13817.943166944293,-31259.355398403728,285.0,-1,-1,-1.0
2630,2630,8936.237986710657,3414.3156851986423,105.0,-1,-1,-1.0
2631,2631,-36571.34798917274,36280.721006726,408.0,-1,5,-1.0
2632,2632,1964.8023734289677,-34166.34024611273,217.0,-1,-1,-1.0
2633,2633,36945.63332497008,-26567.937408469566,417.0,-1,-1,-1.0
2634,2634,-261.2789597364172,16902.166801578554,420.0,-1,-1,-1.0
2635,2635,25872.547720507355,14210.59984184993,452.0,-1,-1,-1.0
2636,2636,-7560.986633221844,-18539.97639050769,234.0,-1,-1,-1.0
2637,2637,-35612.21607199394,2625.2909928926965,13.0,-1,-1,-1.0
2638,2638,-3020.5877208828388,5802.560134845975,195.0,-1,-1,-1.0
2639,2639,6218.728274020941,35173.834687352515,158.0,-1,-1,-1.0
2640,2640,31974.55809669621,29022.898007150623,135.0,-1,-1,-1.0
2641,2641,4862.132357746348,25242.01852438173,49.0,-1,48,-1.0
2642,2642,-17875.083130811163,32369.33219833442,456.0,-1,-1,-1.0
2643,2643,15749.134374899715,2900.548544311532,353.0,-1,2,-1.0
2644,2644,13235.254219633476,-37757.352143315606,224.0,-1,4,-1.0
2645,2645,30406.521954114243,-13832.730659304016,228.0,-1,-1,-1.0
2646,2646,16768.255552640047,-31859.88138487636,9.0,-1,-1,-1.0
2647,2647,37352.21699391784,-36430.90382666002,129.0,-1,21,-1.0
2648,2648,-37557.17128716165,39782.84731117141,236.0,-1,-1,-1.0
2649,2649,-34453.48606025578,-17330.950307607312,336.0,-1,-1,-1.0
2650,2650,29378.206815602287,13209.94676886194,456.0,-1,-1,-1.0
2651,2651,-25580.52535592421,-29251.61861337415,381.0,-1,38,-1.0
2652,2652,-9324.916038170875,-33537.02396759709,158.0,-1,-1,-1.0
2653,2653,-33358.1660948093,-11084.714566647184,488.0,-1,-1,-1.0
2654,2654,4844.762562507814,-12056.937339558164,129.0,-1,31,-1.0
2655,2655,-13958.301180052928,-29606.12889709944,335.0,-1,-1,-1.0
2656,2656,-34308.48301770125,30605.867150769525,324.0,-1,6,-1.0
2657,2657,31860.58576094384,-5371.041977039735,0.0,-1,-1,-1.0
2658,2658,33742.51440254295,26494.02726698274,495.0,-1,10,-1.0
2659,2659,-27259.58385795871,-34281.75758020813,199.0,-1,-1,-1.0
2660,2660,17846.754990947447,34206.21683732513,385.0,-1,-1,-1.0
2661,2661,23879.42312121171,-35413.94308474734,36.0,-1,-1,-1.0
2662,2662,-19971.68602143013,-2294.570069804009,451.0,-1,43,-1.0
2663,2663,25140.8779727464,4018.1363809796458,32.0,-1,-1,-1.0
2664,2664,-21182.294565506538,-19379.602160752434,102.0,-1,-1,-1.0
2665,2665,37313.84039316283,-254.6660507256529,359.0,-1,-1,-1.0
2666,2666,-22219.073297497893,2207.8320494020954,128.0,-1,-1,-1.0
2667,2667,-6887.330556544897,-30947.048956826075,214.0,-1,-1,-1.0
2668,2668,-18810.05897570353,-35188.90871296827,171.0,-1,-1,-1.0
2669,2669,20058.22034186396,-2869.536296741957,143.0,-1,-1,-1.0
2670,2670,-4945.916416270469,1449.2759739454775,218.0,-1,27,-1.0
2671,2671,-26696.065924357696,-19029.266875235244,145.0,-1,-1,-1.0
2672,2672,-35138.895951259095,-32573.70374560084,230.0,-1,20,-1.0
2673,2673,30866.433235055883,-75.15152789456624,61.0,-1,-1,-1.0
2674,2674,-5324.854674026341,-434.0233994872542,382.0,-1,-1,-1.0
2675,2675,16040.592667901125,33123.22747874689,180.0,6,-1,-1.0
2676,2676,15971.407098639242,33056.878690731704,181.0,6,47,55.0
2677,2677,15934.11715496193,32944.60243491222,182.0,6,47,55.0
2678,2678,15787.949653360534,32969.04403180694,183.0,6,47,55.0
2679,2679,15769.510185013372,33068.54695258467,185.0,6,47,55.0
2680,2680,15671.105405474573,33151.85778323961,186.0,6,47,55.0
2681,2681,15717.20512690992,32970.473003776686,186.0,6,47,55.0
2682,2682,15695.009396626609,33088.899593822,186.0,6,47,55.0
2683,2683,15681.69724503268,33090.91184731608,186.0,6,47,55.0
2684,2684,15621.0559172936,33129.327138412555,187.0,6,47,55.0
2685,2685,15650.651642760922,33014.81336630226,187.0,6,47,55.0
2686,2686,15547.055454512689,33011.4562351052,188.0,6,47,55.0
2687,2687,15458.004532689389,33033.30973086178,189.0,6,47,55.0
2688,2688,15397.978217013031,33098.90551092401,191.0,6,47,55.0
2689,2689,15361.716609022722,33157.82352974958,192.0,6,47,55.0
2690,2690,15278.942779022946,33174.81782005494,195.0,6,47,55.0
2691,2691,15164.64409921904,33145.79927083435,197.0,6,47,55.0
2692,2692,15112.55701653831,33213.47820580432,198.0,6,47,55.0
2693,2693,14965.35835233508,33239.56234730796,199.0,6,47,55.0
2694,2694,14899.345447636424,33315.0876819538,205.0,6,47,55.0
2695,2695,14812.952005169544,33338.798285616074,207.0,6,47,55.0
2696,2696,14779.591181215696,33372.158402598056,207.0,6,47,55.0
2697,2697,14798.438723170524,33368.442502818434,207.0,6,47,55.0
2698,2698,14704.39412790312,33344.11741467594,208.0,6,47,55.0
2699,2699,14642.02905032658,33297.725080640135,209.0,6,47,55.0
2700,2700,14604.21835119803,33467.98627134925,210.0,6,47,55.0
2701,2701,14549.958620002431,33334.39409861953,210.0,6,47,55.0
2702,2702,14528.867305281772,33272.75321990338,213.0,6,47,55.0
2703,2703,14514.298968819696,33451.624103687274,213.0,6,47,55.0
2704,2704,14461.95235518189,33348.53318970823,214.0,6,47,55.0
2705,2705,14439.732283912295,33379.304198124264,214.0,6,47,55.0
2706,2706,14359.79177044343,33270.5750452405,215.0,6,47,55.0
2707,2707,14352.97183393265,33379.90092266888,215.0,6,47,55.0
2708,2708,14244.982994702026,33354.16104830485,216.0,6,47,55.0
2709,2709,14200.30399404701,33265.04040320726,217.0,6,47,55.0
2710,2710,14170.659581243744,33371.52896952107,217.0,6,47,55.0
2711,2711,14139.983268342923,33289.52073349173,219.0,6,47,55.0
2712,2712,14040.917192560935,33242.81547322007,220.0,6,47,55.0
2713,2713,14004.08266218641,33340.83651900614,221.0,6,47,55.0
2714,2714,14029.200814789549,33344.60151448985,221.0,6,47,55.0
2715,2715,13900.829288209095,33290.524591149486,222.0,6,47,55.0
2716,2716,13985.863194569334,33404.00950943686,222.0,6,47,55.0
2717,2717,13862.29378130677,33302.14856082568,223.0,6,47,55.0
2718,2718,13813.904172002787,33222.62077387542,224.0,6,47,55.0
2719,2719,13736.798920746109,33288.459682981455,225.0,6,47,55.0
2720,2720,13608.643566331584,33276.14662374114,226.0,6,47,55.0
2721,2721,13655.31812627492,33344.85217370961,226.0,6,47,55.0
2722,2722,13702.101031584323,33164.033270279724,226.0,6,47,55.0
2723,2723,13582.971593187198,33331.03622361299,227.0,6,47,55.0
2724,2724,13524.017130206705,33288.544239113515,227.0,6,47,55.0
2725,2725,13515.473079279154,33232.80916822441,228.0,6,47,55.0
2726,2726,13510.09720560945,33330.405389185806,231.0,6,47,55.0
2727,2727,13530.233632152582,33140.49848662184,231.0,6,47,55.0
2728,2728,13440.503574614071,33284.9949123564,231.0,6,47,55.0
2729,2729,13440.621816476678,33124.90509662993,231.0,6,47,55.0
2730,2730,13371.01025187944,33186.95719361311,232.0,6,47,55.0
2731,2731,13390.19884920736,33196.83935974161,232.0,6,47,55.0
2732,2732,13264.621324899705,33159.67334573376,233.0,6,47,55.0
2733,2733,13152.164663980007,33223.96065683187,235.0,6,47,55.0
2734,2734,13084.694197241248,33290.552925993776,236.0,6,47,55.0
2735,2735,13031.838395776043,33261.84092890113,238.0,6,47,55.0
2736,2736,12922.271786420511,33218.818667903804,239.0,6,47,55.0
2737,2737,12920.630072057296,33236.675556801805,239.0,6,47,55.0
2738,2738,12979.223563399488,33194.67144155437,242.0,6,47,55.0
2739,2739,12879.305135859611,33302.26918812528,242.0,6,47,55.0
2740,2740,12851.603743668687,33200.94819104852,242.0,6,47,55.0
2741,2741,12843.277078099476,33174.49435640723,244.0,6,47,55.0
2742,2742,12740.201088440968,33140.709296384055,246.0,6,47,55.0
2743,2743,12657.866468861715,33139.62792663296,248.0,6,47,55.0
2744,2744,12684.88155470396,33240.03512172115,252.0,6,47,55.0
2745,2745,12621.66373230619,33056.685681907016,252.0,6,47,55.0
2746,2746,12588.795873284418,33234.42738489084,253.0,6,47,55.0
2747,2747,12550.730346978258,33223.557361330466,253.0,6,47,55.0
2748,2748,12485.829844198712,33216.941881007355,256.0,6,47,55.0
2749,2749,12435.835704686871,33244.61248715522,256.0,6,47,55.0
2750,2750,12379.195784360363,33224.81928763313,260.0,6,47,55.0
2751,2751,12282.368805245504,33147.70021292632,261.0,6,47,55.0
2752,2752,12322.539799416269,33279.828149977664,261.0,6,47,55.0
2753,2753,12337.61978420701,33312.89659641671,261.0,6,47,55.0
2754,2754,12248.466972076503,33197.82765683384,262.0,6,47,55.0
2755,2755,12232.136781343115,33063.61264105672,264.0,6,47,55.0
2756,2756,12149.81731334672,33213.937857408404,264.0,6,47,55.0
2757,2757,12133.294279966947,33198.38223120689,264.0,6,47,55.0
2758,2758,12061.059360774729,33174.16842315197,265.0,6,47,55.0
2759,2759,12077.227199494975,33091.41776659368,265.0,6,47,55.0
2760,2760,12011.371129752892,33205.31703265202,267.0,6,47,55.0
2761,2761,11921.777737578446,33212.73868229918,270.0,6,47,55.0
2762,2762,11859.861029504484,33266.90622150528,271.0,6,47,55.0
2763,2763,11888.130855787133,33321.46887483828,271.0,6,47,55.0
2764,2764,11805.5772162339,33175.57953160418,272.0,6,47,55.0
2765,2765,11687.025608837796,33117.003855472874,273.0,6,47,55.0
2766,2766,11717.12816036701,33098.51642161397,273.0,6,47,55.0
2767,2767,11595.390630393094,33121.02418786961,274.0,6,47,55.0
2768,2768,11612.20694729272,33168.79693758772,274.0,6,47,55.0
2769,2769,11618.413587241468,33121.80879345132,274.0,6,47,55.0
2770,2770,11514.54529135612,33082.44180304484,275.0,6,47,55.0
2771,2771,11587.961771098282,33078.960006682544,275.0,6,47,55.0
2772,2772,11438.662929629489,33069.29142696282,276.0,6,47,55.0
2773,2773,11387.248891463174,32970.48042945428,279.0,6,47,55.0
2774,2774,11372.460056232358,32988.7467313461,279.0,6,47,55.0
2775,2775,11324.755257476943,33143.44499610857,279.0,6,47,55.0
2776,2776,11493.140445015571,32966.26587832247,279.0,6,47,55.0
2777,2777,11297.777774711198,33013.32479172408,282.0,6,47,55.0
2778,2778,11201.31285804926,33000.109814873766,284.0,6,47,55.0
2779,2779,11202.526235354431,33017.65544815867,284.0,6,47,55.0
2780,2780,11121.27619160795,32968.79320753492,286.0,6,47,55.0
2781,2781,11032.46165126446,33010.678497218214,288.0,6,47,55.0
2782,2782,10961.18957492058,33090.35135354253,290.0,6,47,55.0
2783,2783,10870.817671606756,33015.56463475695,291.0,6,47,55.0
2784,2784,10787.08379117025,33019.2580464704,292.0,6,47,55.0
2785,2785,10710.338267770623,33011.9956904502,293.0,6,47,55.0
2786,2786,10705.999988256728,33094.625762653464,293.0,6,47,55.0
2787,2787,10667.774399838954,33102.25670463232,294.0,6,47,55.0
2788,2788,10596.994226443578,33158.09138539461,295.0,6,47,55.0
2789,2789,10591.061405250462,33173.349107394184,295.0,6,47,55.0
2790,2790,10491.701137714788,33157.82422401916,296.0,6,47,55.0
2791,2791,10524.62556136009,33123.01485562321,296.0,6,47,55.0
2792,2792,10474.801976567178,33205.805975503914,296.0,6,47,55.0
2793,2793,10388.348389697385,33129.19084524534,298.0,6,47,55.0
2794,2794,10347.46162852639,33035.50970681103,299.0,6,47,55.0
2795,2795,10301.02768907757,32967.843056220365,300.0,6,47,55.0
2796,2796,10311.13395984648,32965.0595959968,300.0,6,47,55.0
2797,2797,10229.946692787596,33064.34174646561,301.0,6,47,55.0
2798,2798,10267.396085586266,32880.54458725892,301.0,6,47,55.0
2799,2799,10261.598194335143,32989.07357380012,301.0,6,47,55.0
2800,2800,10304.51558867674,33043.82571693709,301.0,6,47,55.0
2801,2801,10159.361950817492,33049.544183893224,302.0,6,47,55.0
2802,2802,10072.637901479702,33029.819863969045,305.0,6,47,55.0
2803,2803,10052.357802714778,32945.708561600964,307.0,6,47,55.0
2804,2804,9893.652156544822,32962.08128215725,309.0,6,47,55.0
2805,2805,9800.204904774424,33003.66522691766,313.0,6,47,55.0
2806,2806,9724.079246359628,32965.08045704448,314.0,6,47,55.0
2807,2807,9677.532963167923,33044.27931686159,314.0,6,47,55.0
2808,2808,9730.65693849603,33051.897856677686,314.0,6,47,55.0
2809,2809,9679.639841240336,33086.3263870911,316.0,6,47,55.0
2810,2810,9640.200026384568,33011.200668114616,316.0,6,47,55.0
2811,2811,9614.191270642568,33028.07116456762,316.0,6,47,55.0
2812,2812,9643.53365817778,33076.01804974995,316.0,6,47,55.0
2813,2813,9618.006433659262,32972.94791532032,319.0,6,47,55.0
2814,2814,9534.99534223316,33064.931946182965,319.0,6,47,55.0
2815,2815,9457.141177429752,33044.729821310706,322.0,6,47,55.0
2816,2816,9375.508798587072,33023.00435712133,326.0,6,47,55.0
2817,2817,9293.845543473357,32972.81838976073,327.0,6,47,55.0
2818,2818,9279.28370734216,32977.846834919,327.0,6,47,55.0
2819,2819,9226.82179366089,33029.249620940784,328.0,6,47,55.0
2820,2820,9225.425775648588,32934.737087337766,329.0,6,47,55.0
2821,2821,9139.198856087056,32974.190562495176,330.0,6,47,55.0
2822,2822,9108.330467332276,32901.15483363085,331.0,6,47,55.0
2823,2823,8992.278707716696,32859.584166834684,333.0,6,47,55.0
2824,2824,9022.702187078665,32973.90001322863,333.0,6,47,55.0
2825,2825,9019.457436826664,32868.18748756491,333.0,6,47,55.0
2826,2826,8905.17827808125,32889.92270664622,334.0,6,47,55.0
2827,2827,8820.41489736855,32932.34306261357,335.0,6,47,55.0
2828,2828,8808.374973829188,33040.04642763489,336.0,6,47,55.0
2829,2829,8721.754240096165,33053.975615054835,337.0,6,47,55.0
2830,2830,8661.478881878018,33099.002509135935,337.0,6,47,55.0
2831,2831,8682.049324441086,33187.36010960675,339.0,6,47,55.0
2832,2832,8615.769623402017,33285.5287024766,341.0,6,47,55.0
2833,2833,8486.569537056748,33238.6570029976,343.0,6,47,55.0
2834,2834,8382.932994533578,33231.68437902561,344.0,6,47,55.0
2835,2835,8291.875136359724,33208.421394331155,345.0,6,47,55.0
2836,2836,8289.628093706937,33186.79388748159,345.0,6,47,55.0
2837,2837,8218.612481977396,33161.78259523066,346.0,6,47,55.0
2838,2838,8223.79519076191,33177.65949693307,346.0,6,47,55.0
2839,2839,8206.974483106285,33282.35285088778,347.0,6,47,55.0
2840,2840,8102.056713544574,33264.79184866019,348.0,6,47,55.0
2841,2841,8022.61336235325,33169.07578837519,349.0,6,47,55.0
2842,2842,8007.140115515141,33314.42634325965,349.0,6,47,55.0
2843,2843,8016.502575709,33172.66187933448,350.0,6,47,55.0
2844,2844,7894.6231999208385,33129.75874192918,351.0,6,47,55.0
2845,2845,7859.336174460717,33206.71003782938,353.0,6,47,55.0
2846,2846,7844.565843526187,33114.956831178,354.0,6,47,55.0
2847,2847,7757.908848719802,33138.51874100767,354.0,6,47,55.0
2848,2848,7719.461700250718,33091.03619414572,355.0,6,47,55.0
2849,2849,7729.359587919888,33090.65471302495,355.0,6,47,55.0
2850,2850,7617.128688446632,33032.962066144,356.0,6,47,55.0
2851,2851,7629.901931869436,33173.209331081714,356.0,6,47,55.0
2852,2852,7656.205171350007,33189.79802127178,356.0,6,47,55.0
2853,2853,7558.766080383016,33066.8588465945,359.0,6,47,55.0
2854,2854,7507.429554666237,33103.78078506461,359.0,6,47,55.0
2855,2855,7450.456804829465,33063.083435686,360.0,6,47,55.0
2856,2856,7461.857847273296,32972.343436780255,363.0,6,47,55.0
2857,2857,7402.884347225215,33071.5572952066,363.0,6,47,55.0
2858,2858,7331.602112013114,33029.52853439829,364.0,6,47,55.0
2859,2859,7343.757534170008,33114.63510369124,366.0,6,47,55.0
2860,2860,7230.285323570004,33048.4796953723,366.0,6,47,55.0
2861,2861,7220.297837180662,33167.566883723004,367.0,6,47,55.0
2862,2862,7119.966511187379,33152.1635139494,368.0,6,47,55.0
2863,2863,7012.698050442867,33116.12182395032,371.0,6,47,55.0
2864,2864,6892.983981607471,33109.513672628986,372.0,6,47,55.0
2865,2865,6925.540021891656,33157.34861126116,372.0,6,47,55.0
2866,2866,6790.136698558813,33186.6057789937,373.0,6,47,55.0
2867,2867,6799.116618842876,33106.11239273723,376.0,6,47,55.0
2868,2868,6715.143889258413,33109.338957939086,377.0,6,47,55.0
2869,2869,6725.890948207631,33050.77149783319,377.0,6,47,55.0
2870,2870,6653.463401351596,33030.68884929512,378.0,6,47,55.0
2871,2871,6678.814342026574,32966.26048139792,378.0,6,47,55.0
2872,2872,6638.103046741585,33012.893805296015,378.0,6,47,55.0
2873,2873,6585.715509874438,33112.18846738035,379.0,6,47,55.0
2874,2874,6716.206553318223,33096.858368224515,379.0,6,47,55.0
2875,2875,6637.309406961579,33010.727208354314,380.0,6,47,55.0
2876,2876,6552.318107911199,33180.81530445683,380.0,6,47,55.0
2877,2877,6540.858670797306,33004.72535766388,381.0,6,47,55.0
2878,2878,6495.141828358394,33086.02287224535,383.0,6,47,55.0
2879,2879,6458.157346899924,33111.91435424179,384.0,6,47,55.0
2880,2880,6397.34872112996,33170.89480326251,385.0,6,47,55.0
2881,2881,6330.026751756306,33185.73333622607,386.0,6,47,55.0
2882,2882,6279.540590003186,33102.872429255105,387.0,6,47,55.0
2883,2883,6266.624592738888,33256.090477590114,387.0,6,47,55.0
2884,2884,6273.915312336479,33075.86731435207,388.0,6,47,55.0
2885,2885,6199.486351240948,33233.10638213839,388.0,6,47,55.0
2886,2886,6137.0582566501525,33159.51627747664,389.0,6,47,55.0
2887,2887,6084.9310272332095,33187.344884800375,390.0,6,47,55.0
2888,2888,6030.103173910905,33183.37332849054,390.0,6,47,55.0
2889,2889,6074.587105604147,33108.97109489454,390.0,6,47,55.0
2890,2890,6077.085948399542,33084.769902911925,390.0,6,47,55.0
2891,2891,6055.447013091351,33193.07198402024,390.0,6,47,55.0
2892,2892,5967.793224323214,33085.597554325934,391.0,6,47,55.0
2893,2893,6029.737947159521,33112.03686586412,391.0,6,47,55.0
2894,2894,5888.023882458437,33125.78081885571,393.0,6,47,55.0
2895,2895,5810.971777492863,33104.27053444395,394.0,6,47,55.0
2896,2896,5779.327128336378,33035.89119422979,395.0,6,47,55.0
2897,2897,5745.892501543612,33197.4362446781,395.0,6,47,55.0
2898,2898,5712.476425149018,33074.52918235804,395.0,6,47,55.0
2899,2899,5704.362142689371,33082.303540938345,395.0,6,47,55.0
2900,2900,5645.8402080179685,33117.93008688543,397.0,6,47,55.0
2901,2901,5685.124378540682,33175.525954733515,397.0,6,47,55.0
2902,2902,5590.279025624028,33075.16304470474,398.0,6,47,55.0
2903,2903,5529.4740693815365,33062.56136440911,399.0,6,47,55.0
2904,2904,5458.273006985299,33051.45787742993,400.0,6,47,55.0
2905,2905,5365.692857506502,33028.57355130558,403.0,6,47,55.0
2906,2906,5313.910695136604,32979.647281995814,404.0,6,47,55.0
2907,2907,5238.159305972661,32926.42560221697,407.0,6,47,55.0
2908,2908,5257.514166383642,33034.926662417696,407.0,6,47,55.0
2909,2909,5204.059889118648,32972.528405642326,409.0,6,47,55.0
2910,2910,5183.316687250341,32943.14938464487,410.0,6,47,55.0
2911,2911,5214.354673607906,33057.68193141163,410.0,6,47,55.0
2912,2912,5155.392817311508,32928.591511479484,410.0,6,47,55.0
2913,2913,5170.3630532663,33020.03046403588,410.0,6,47,55.0
2914,2914,5182.13006502455,32892.779360947214,411.0,6,47,55.0
2915,2915,5147.180130803134,32926.48833710148,411.0,6,47,55.0
2916,2916,5098.348450834078,33013.251404247814,411.0,6,47,55.0
2917,2917,29449.921513564143,25765.755781395725,47.0,-1,-1,-1.0
2918,2918,-16460.64493572342,4522.185549348527,62.0,-1,-1,-1.0
2919,2919,-16831.05507603125,-28770.32327994015,90.0,-1,36,42.0
2920,2920,4853.148680445505,13387.347127318782,50.0,-1,-1,-1.0
2921,2921,33200.41637945559,-28751.06557702023,146.0,-1,-1,-1.0
2922,2922,-37645.84892503228,33353.02930281879,205.0,-1,5,-1.0
2923,2923,-16324.263745124012,12307.568692585191,214.0,-1,-1,-1.0
2924,2924,34277.0202236551,-6657.360592749341,389.0,-1,-1,-1.0
2925,2925,8052.507119925714,-1720.2662926617704,222.0,-1,-1,-1.0
2926,2926,6682.089146623308,-34620.67943205367,171.0,-1,1,-1.0
2927,2927,5852.024871238107,-12919.559162746682,332.0,-1,31,-1.0
2928,2928,-7045.0931266749685,-4865.146336786871,34.0,-1,-1,-1.0
2929,2929,-25143.75858180946,28111.89213493571,35.0,-1,-1,-1.0
2930,2930,29648.373999160078,37210.48650289839,280.0,-1,11,-1.0
2931,2931,-14870.992418065816,38600.18741293381,247.0,-1,-1,-1.0
2932,2932,10274.872882435382,29396.598203418253,178.0,-1,-1,-1.0
2933,2933,32456.98923486311,31945.797797834224,191.0,-1,-1,-1.0
2934,2934,-2710.421669051488,12418.971248276612,121.0,-1,-1,-1.0
2935,2935,8732.180161015698,21155.05025566369,165.0,-1,-1,-1.0
2936,2936,34586.236619196454,-33866.66226702937,427.0,-1,21,-1.0
2937,2937,16139.110865516668,4563.675269952902,10.0,-1,2,-1.0
2938,2938,-19889.311500858104,-24375.95454704643,67.0,-1,-1,-1.0
2939,2939,7264.655414378918,-27481.231494411822,143.0,-1,31,-1.0
2940,2940,-4575.557177598552,-12019.078820753268,64.0,-1,31,-1.0
2941,2941,35374.66047919962,-20511.353905632343,349.0,-1,-1,-1.0
2942,2942,27383.294672528733,-19073.74638011178,7.0,-1,45,-1.0
2943,2943,-16408.875867633404,-32114.485849880348,372.0,-1,36,-1.0
2944,2944,-3192.0957800115066,7484.047633401773,41.0,-1,27,-1.0
2945,2945,9244.956104462086,32510.311330974582,387.0,-1,47,-1.0
2946,2946,29477.733063523163,-16500.596001883005,62.0,-1,-1,-1.0
2947,2947,-244.29416758076692,-10096.467122622926,490.0,-1,31,-1.0
2948,2948,27455.17751519964,31124.00580041451,263.0,-1,-1,-1.0
2949,2949,-29718.434150121317,18924.724997136647,214.0,-1,-1,-1.0
2950,2950,14500.127017967978,-13877.401861646827,155.0,-1,-1,-1.0
2951,2951,19536.7070288073,-37532.56834801902,160.0,-1,-1,-1.0
2952,2952,-8713.932951127383,-11712.803808949098,373.0,-1,31,-1.0
2953,2953,31476.74548300341,-9430.68426143358,25.0,-1,-1,-1.0
2954,2954,-16717.130049949632,29388.49902141,467.0,-1,48,-1.0
2955,2955,26452.654393585457,31317.985670860973,338.0,-1,-1,-1.0
2956,2956,-5695.731933677344,36382.58624027653,74.0,-1,48,-1.0
2957,2957,-24381.051453843564,30125.782165361077,287.0,-1,-1,-1.0
2958,2958,-9773.351780427343,8500.619754126892,7.0,-1,27,-1.0
2959,2959,19435.496399049465,-37578.19473663568,297.0,-1,-1,-1.0
2960,2960,10157.41587970098,-3582.0155585856846,229.0,-1,-1,-1.0
2961,2961,-28560.110048753424,-20674.974468623157,429.0,-1,39,-1.0
2962,2962,17322.437163522758,37885.96689695891,413.0,-1,-1,-1.0
2963,2963,-6818.533497649638,26369.969007321008,447.0,-1,48,-1.0
2964,2964,-13254.246289146957,-10398.220649584811,166.0,-1,-1,-1.0
2965,2965,-11367.799593890391,35467.346502054424,216.0,-1,48,-1.0
2966,2966,20876.5612621332,39914.14866180335,14.0,-1,-1,-1.0
2967,2967,33162.602177457215,1092.7459659874294,219.0,-1,-1,-1.0
2968,2968,27756.27369302708,-3340.8267679805213,480.0,-1,-1,-1.0
2969,2969,-9924.579482637731,-20722.820904523815,245.0,-1,-1,-1.0
2970,2970,23159.972217424773,17470.50557689646,78.0,-1,-1,-1.0
2971,2971,18501.82487858572,-28720.39396477097,448.0,-1,3,-1.0
2972,2972,-2895.7519967608096,-8339.30633790038,121.0,-1,31,36.0
2973,2973,-29949.03013649717,-26164.02361260324,300.0,-1,-1,-1.0
2974,2974,-4408.531440176288,34467.11314580642,413.0,-1,48,-1.0
2975,2975,-2445.4863595449424,-37036.81921544093,32.0,-1,-1,-1.0
2976,2976,-34764.28342040264,8125.198017236791,443.0,-1,24,-1.0
2977,2977,23329.11589622651,-27430.40058124477,280.0,-1,-1,-1.0
2978,2978,-3630.342123586117,29268.00954530746,488.0,-1,-1,-1.0
2979,2979,1390.2699738453591,22360.786310745585,5.0,-1,-1,-1.0
2980,2980,19212.649386358506,-17292.221944636196,365.0,-1,45,-1.0
2981,2981,-29388.45122895316,-25264.419545381785,204.0,-1,-1,-1.0
2982,2982,17269.480434717458,24444.92085481492,183.0,-1,-1,-1.0
2983,2983,-21190.70962901796,-32510.35519575404,409.0,-1,-1,-1.0
2984,2984,39525.171298245885,11148.159156258427,413.0,-1,-1,-1.0
2985,2985,-36677.048873123545,24604.48581217172,35.0,-1,23,-1.0
2986,2986,-28151.542635615857,36121.77968332141,276.0,-1,-1,-1.0
2987,2987,12691.283536963558,34298.00266904365,311.0,-1,-1,-1.0
2988,2988,3419.927318347596,3314.8547298975973,113.0,-1,14,-1.0
2989,2989,22203.446558927368,4871.909157039328,455.0,-1,-1,-1.0
2990,2990,-29060.80868419403,33042.04623630807,242.0,-1,6,-1.0
2991,2991,-17810.849099622377,-1370.87043030349,454.0,-1,43,-1.0
2992,2992,-26004.407238782176,22458.065562739343,31.0,-1,-1,-1.0
2993,2993,9642.07528864743,36306.55997761525,94.0,-1,-1,-1.0
2994,2994,28026.519662685227,17643.632818059734,291.0,-1,-1,-1.0
2995,2995,20953.26957118979,19707.87780022989,150.0,-1,18,-1.0
2996,2996,-25016.871889595684,-8160.67814492941,118.0,-1,-1,-1.0
2997,2997,26713.41172720847,-27195.168204451355,269.0,-1,45,-1.0
2998,2998,24386.678036840694,32226.98694641564,144.0,-1,-1,-1.0
2999,2999,-11125.742480487224,3028.223285103195,282.0,-1,-1,-1.0
3000,3000,-29572.5503713748,206.75321367990543,441.0,-1,-1,-1.0
3001,3001,25709.023292613027,16733.62357782045,470.0,-1,-1,-1.0
3002,3002,38390.235186361184,36996.994391797285,429.0,-1,-1,-1.0
3003,3003,27749.98646491197,35383.727499056185,451.0,-1,-1,-1.0
3004,3004,11217.100760247127,13011.291235893412,309.0,-1,-1,-1.0
3005,3005,-31182.62500108035,21807.117684773897,239.0,-1,-1,-1.0
3006,3006,17267.328974366515,-38626.234631340085,127.0,-1,-1,-1.0
3007,3007,-34608.31058551917,-39309.25681339858,54.0,-1,-1,-1.0
3008,3008,1712.522079783812,1684.5102631493935,311.0,-1,-1,-1.0
3009,3009,28531.06762332196,10052.758175866167,89.0,-1,-1,-1.0
3010,3010,31661.583034706244,-21913.461532457517,80.0,-1,45,-1.0
3011,3011,28926.37924045547,-29658.39937317958,316.0,-1,-1,-1.0
3012,3012,26241.095557270863,39355.85761389769,312.0,-1,-1,-1.0
3013,3013,39865.60759500522,5823.539213114105,393.0,-1,-1,-1.0
3014,3014,9226.154215022878,9057.239685973916,444.0,-1,-1,-1.0
3015,3015,-22094.930659155656,21610.266883103643,255.0,-1,-1,-1.0
3016,3016,-1996.9159584107183,36512.83606239523,434.0,-1,48,-1.0
3017,3017,-25668.43024665225,35865.71716796656,72.0,-1,-1,-1.0
3018,3018,-20924.449304209586,30980.8941781997,469.0,-1,-1,-1.0
3019,3019,-2935.9829629012165,-31524.37696173724,316.0,-1,-1,-1.0
3020,3020,-16341.15434419072,30924.502989762463,428.0,-1,-1,-1.0
3021,3021,-7539.164102821702,-27004.18399993155,450.0,-1,-1,-1.0
3022,3022,10946.644465918063,38197.92549511937,422.0,-1,-1,-1.0
3023,3023,28930.880357736474,-15467.879750125652,414.0,-1,-1,-1.0
3024,3024,21532.973241638152,-29561.967422098096,462.0,-1,-1,-1.0
3025,3025,12983.607698846588,-15762.354506142316,313.0,-1,-1,-1.0
3026,3026,-37783.54050706841,-12176.76608350435,166.0,-1,32,38.0
3027,3027,17061.324378235942,-10656.496678879554,480.0,-1,-1,-1.0
3028,3028,-31512.30385037871,3015.2360102245657,456.0,-1,29,-1.0
3029,3029,-35686.37901551741,-13331.483209159273,29.0,-1,32,38.0
3030,3030,-37334.64288432917,9620.258817451337,333.0,-1,24,-1.0
3031,3031,17712.26173696106,-31639.347812775857,14.0,-1,-1,-1.0
3032,3032,13414.467912955282,-19652.082281152863,493.0,-1,-1,-1.0
3033,3033,-14554.218077421134,-31543.513532997025,223.0,-1,36,-1.0
3034,3034,9263.54258970343,-25310.774839377547,271.0,-1,-1,-1.0
3035,3035,-33623.7190950876,-23765.470474786907,409.0,-1,39,45.0
3036,3036,18968.365237507453,-5833.250684715284,121.0,-1,-1,-1.0
3037,3037,-12055.694300589896,-39956.919614134495,352.0,-1,-1,-1.0
3038,3038,-25564.44441893883,-36810.18434248279,302.0,-1,-1,-1.0
3039,3039,25056.54446925003,39774.92822474186,342.0,-1,-1,-1.0
3040,3040,-31253.07240238853,-22302.343124380364,141.0,-1,39,-1.0
3041,3041,-22851.599674650344,16949.46714540397,177.0,-1,-1,-1.0
3042,3042,-3951.134172761253,-25183.13008611876,267.0,-1,25,-1.0
3043,3043,1103.5301387428772,-21097.35753326305,460.0,-1,31,-1.0
3044,3044,-4213.017990886554,-6606.559279892645,108.0,-1,-1,-1.0
3045,3045,-21538.828283192524,-8423.398273980372,119.0,-1,-1,-1.0
3046,3046,-30605.246440888128,398.67443822045607,414.0,-1,-1,-1.0
3047,3047,-32502.350801665827,-24128.832258430528,398.0,-1,39,-1.0
3048,3048,21968.869181928152,-32985.77922920692,31.0,-1,-1,-1.0
3049,3049,3447.498329171118,-14784.503510749448,303.0,-1,-1,-1.0
3050,3050,34155.719743717054,4163.187343244645,131.0,-1,28,-1.0
3051,3051,-38273.512976879465,-11626.255256970257,323.0,-1,32,38.0
3052,3052,-20981.52694871035,-31123.308241982464,140.0,-1,-1,-1.0
3053,3053,38778.49154064125,28418.654794758186,387.0,-1,-1,-1.0
3054,3054,39150.597940016654,20258.8026744846,499.0,-1,28,-1.0
3055,3055,27066.74902448163,10773.53731333751,379.0,-1,-1,-1.0
3056,3056,-2613.5237417171084,21273.867404407763,327.0,-1,-1,-1.0
3057,3057,-4560.859315319176,1967.984164560003,493.0,-1,27,-1.0
3058,3058,12630.248839177882,-39167.48455699614,29.0,-1,-1,-1.0
3059,3059,29364.03405832761,20463.994287361667,309.0,-1,28,-1.0
3060,3060,-5730.555337776372,37840.08828246534,238.0,-1,-1,-1.0
3061,3061,-26951.77692501893,30444.382436648404,315.0,-1,-1,-1.0
3062,3062,-8915.144660047263,-39558.61799869947,269.0,-1,-1,-1.0
3063,3063,38013.9602798641,22686.309431957012,164.0,-1,-1,-1.0
3064,3064,2513.868094827681,9921.897593158756,341.0,-1,27,-1.0
3065,3065,-18115.83282762273,-28003.90514216172,255.0,-1,36,-1.0
3066,3066,37807.571947125325,18582.37384413542,462.0,-1,28,-1.0
3067,3067,-17691.656263403485,835.6461604958822,398.0,-1,-1,-1.0
3068,3068,-31331.82371987794,21025.280926834115,406.0,-1,40,-1.0
3069,3069,-30586.927199919868,-12739.391802054972,208.0,-1,-1,-1.0
3070,3070,16941.980929612982,25063.94342025605,125.0,-1,9,-1.0
3071,3071,-32230.43329461853,-22990.601478277225,247.0,-1,39,-1.0
3072,3072,-34775.19541469805,38825.41213377977,370.0,-1,5,-1.0
3073,3073,-15126.915927763624,-26513.16682050486,34.0,-1,17,-1.0
3074,3074,-22803.544278307185,15942.497958720734,384.0,-1,-1,-1.0
3075,3075,-18244.3751099641,27463.1177004722,132.0,-1,48,59.0
3076,3076,-33622.73764218897,24014.09724150912,84.0,-1,-1,-1.0
3077,3077,-4036.9269120035606,-29833.21876505944,331.0,-1,25,-1.0
3078,3078,24630.87688248136,-10061.033556319397,366.0,-1,-1,-1.0
3079,3079,-8462.460607255354,8840.502445995,18.0,-1,27,-1.0
3080,3080,2722.338426939096,-3619.226539503921,407.0,-1,-1,-1.0
3081,3081,-14723.777123782083,32589.2365452582,182.0,-1,-1,-1.0
3082,3082,33513.44398331593,20823.913280015626,266.0,-1,-1,-1.0
3083,3083,24621.304113116646,16042.794349477816,361.0,-1,-1,-1.0
3084,3084,33821.10825531384,32373.914591408,346.0,-1,-1,-1.0
3085,3085,-32495.42291109449,-30996.229505108648,323.0,-1,-1,-1.0
3086,3086,-13618.624910538949,19365.02336556509,84.0,-1,-1,-1.0
3087,3087,-36225.60237077221,19720.461141693428,3.0,-1,23,-1.0
3088,3088,11576.536172683613,-25472.32878938238,477.0,-1,-1,-1.0
3089,3089,-3184.313092397329,5834.499206768502,99.0,-1,27,-1.0
3090,3090,21804.05075234613,-12965.41242195362,435.0,-1,-1,-1.0
3091,3091,12242.02537862875,35743.337775730484,112.0,-1,-1,-1.0
3092,3092,14435.942031722268,7818.937386337915,354.0,-1,2,-1.0
3093,3093,-12576.323957734912,-35904.21011174698,201.0,-1,36,-1.0
3094,3094,35587.24301491432,-30143.71595224116,6.0,-1,-1,-1.0
3095,3095,21215.201802588963,-16678.599011506893,33.0,-1,45,-1.0
3096,3096,20755.669680470448,-4886.164134550927,157.0,-1,-1,-1.0
3097,3097,-12055.36055008162,32583.01868836225,466.0,-1,48,-1.0
3098,3098,-20917.10530672444,-4026.160136308601,107.0,-1,-1,-1.0
3099,3099,-20486.61249847004,-21545.948770161533,323.0,-1,-1,-1.0
3100,3100,10777.371891595518,15286.710346021398,210.0,-1,-1,-1.0
3101,3101,-35969.02719526478,-6802.663134881426,497.0,-1,32,38.0
3102,3102,11701.092880651791,-14548.759434065258,262.0,-1,-1,-1.0
3103,3103,-10063.699455005812,39114.85613547421,4.0,-1,48,57.0
3104,3104,-8477.827302540187,18626.036652715982,70.0,-1,-1,-1.0
3105,3105,39519.54135728056,-2035.0277516714489,284.0,-1,-1,-1.0
3106,3106,33203.717623723365,-4363.040781579388,134.0,-1,33,-1.0
3107,3107,-39498.9397049125,38797.83729834139,323.0,-1,-1,-1.0
3108,3108,32880.533623820666,-3846.7600321385535,437.0,-1,33,-1.0
3109,3109,17470.591262020753,-17244.610252650076,17.0,-1,45,-1.0
3110,3110,30996.44623018634,-7022.373838535073,497.0,-1,-1,-1.0
3111,3111,28965.41640047049,38436.884189935285,161.0,-1,-1,-1.0
3112,3112,25420.829866360637,-29866.97045101257,39.0,-1,45,-1.0
3113,3113,-37445.5360611688,-4064.176630161812,220.0,-1,-1,-1.0
3114,3114,25369.408587796977,10131.533063405352,297.0,-1,15,-1.0
3115,3115,-30623.23394197895,-29911.239591597696,375.0,-1,-1,-1.0
3116,3116,-34833.94680465506,-584.6841868921183,192.0,-1,29,-1.0
3117,3117,21707.381785989062,-35539.31990240613,24.0,-1,-1,-1.0
3118,3118,-19716.19130573156,-15358.993183019107,288.0,-1,42,48.0
3119,3119,20288.43844544803,9841.70908951659,423.0,-1,16,-1.0
3120,3120,-29061.55737853385,-7731.826392722611,101.0,-1,41,47.0
3121,3121,-2945.490983331947,-24064.93632100764,387.0,-1,-1,-1.0
3122,3122,37831.07513822662,10593.479338859011,364.0,-1,-1,-1.0
3123,3123,3960.632577880133,27485.28392237512,330.0,-1,48,56.0
3124,3124,19142.276306117208,-30085.496398631265,26.0,-1,-1,-1.0
3125,3125,-32364.44206784328,-36972.85256346683,51.0,-1,-1,-1.0
3126,3126,22559.60319408246,-16775.052704263366,13.0,-1,-1,-1.0
3127,3127,3235.604639651414,-16619.72436235411,303.0,-1,31,-1.0
3128,3128,-25989.49824600252,9912.429338998933,44.0,-1,-1,-1.0
3129,3129,15230.217955650893,-10473.741880842215,491.0,-1,-1,-1.0
3130,3130,5373.670821157146,-12728.85053761744,125.0,-1,31,-1.0
3131,3131,24853.966101404258,-35334.73400866402,301.0,-1,-1,-1.0
3132,3132,-11095.83788564632,29006.051938292483,4.0,-1,-1,-1.0
3133,3133,-35938.844563302824,-38652.94745606974,72.0,-1,-1,-1.0
3134,3134,-23583.86160719186,28104.54314533016,351.0,-1,-1,-1.0
3135,3135,25536.444623086994,28429.27689145338,2.0,-1,-1,-1.0
3136,3136,19278.176315619472,24842.991825733465,274.0,-1,18,-1.0
3137,3137,30313.99042613778,-21109.629574153005,114.0,-1,45,-1.0
3138,3138,-16737.271401397695,-29219.4502229152,367.0,-1,36,-1.0
3139,3139,28867.899505511843,25433.12710200029,277.0,-1,-1,-1.0
3140,3140,7533.432567708594,32002.60225573204,280.0,-1,-1,-1.0
3141,3141,-16976.71255631984,30499.99312876261,407.0,-1,-1,-1.0
3142,3142,-39452.13277126592,10872.888898657286,23.0,-1,-1,-1.0
3143,3143,29550.0713520009,-19858.20929216036,11.0,-1,45,-1.0
3144,3144,364.0179297649447,24307.93668417015,400.0,-1,-1,-1.0
3145,3145,-27326.5738832039,37789.58407932329,439.0,-1,-1,-1.0
3146,3146,9888.876310486768,21038.12222896247,473.0,-1,-1,-1.0
3147,3147,-9909.59693333286,-25784.25424601171,246.0,-1,17,-1.0
3148,3148,-16782.008465219766,-11977.39083840352,413.0,-1,-1,-1.0
3149,3149,30925.53582291512,38825.34085171844,54.0,-1,11,-1.0
3150,3150,23037.07963581649,16279.483132344132,448.0,-1,-1,-1.0
3151,3151,-28151.215745842608,-27287.71551552781,267.0,-1,-1,-1.0
3152,3152,28196.637050573176,8321.553589519637,17.0,-1,15,-1.0
3153,3153,28072.15087589204,-39785.6748570011,388.0,-1,-1,-1.0
3154,3154,-2897.8490283305077,30065.09976133892,406.0,-1,-1,-1.0
3155,3155,32793.33428224834,26391.306053316774,449.0,-1,10,-1.0
3156,3156,-611.269853243517,-14327.037267747906,341.0,-1,31,35.0
3157,3157,33333.80869136976,16532.819735460376,98.0,-1,-1,-1.0
3158,3158,-14757.82667285232,-38186.91630120458,22.0,-1,-1,-1.0
3159,3159,37350.6329571813,27854.004657831145,275.0,-1,-1,-1.0
3160,3160,-15905.421119057646,15236.08163024873,448.0,-1,-1,-1.0
3161,3161,14084.093959609449,31804.7715148874,26.0,-1,-1,-1.0
3162,3162,-36254.30683787631,-33738.47611665047,93.0,-1,20,-1.0
3163,3163,-26447.65907898501,-12278.85314685306,273.0,-1,-1,-1.0
3164,3164,-13660.084579255836,-4234.130180931432,179.0,-1,-1,-1.0
3165,3165,-11460.574848325632,-38332.569775555385,85.0,-1,-1,-1.0
3166,3166,-22465.642742615728,-6020.449137248186,278.0,-1,-1,-1.0
3167,3167,21113.95326201174,-25858.378839230863,164.0,-1,-1,-1.0
3168,3168,-30070.625189424405,8105.953348768977,191.0,-1,-1,-1.0
3169,3169,-6613.0879534613705,17127.750612886615,432.0,-1,-1,-1.0
3170,3170,4831.007250090552,-9914.12462067914,128.0,-1,-1,-1.0
3171,3171,39874.30547895815,30272.304309666448,56.0,-1,-1,-1.0
3172,3172,18870.4671168703,10702.01193156434,49.0,-1,-1,-1.0
3173,3173,18730.871843192188,34796.3224948478,314.0,-1,30,-1.0
3174,3174,35319.41019369429,-13204.36823111872,425.0,-1,-1,-1.0
3175,3175,-34380.40557999673,-4648.399403798001,9.0,-1,-1,-1.0
3176,3176,13883.645827781707,-6092.785966609692,356.0,-1,13,-1.0
3177,3177,14005.64675671856,-16990.16494920882,464.0,-1,-1,-1.0
3178,3178,-6465.071997802668,-19648.42577987516,487.0,-1,-1,-1.0
3179,3179,36583.13644067301,13963.274013199378,485.0,-1,28,-1.0
3180,3180,21311.774865193736,9553.488228588025,301.0,-1,16,-1.0
3181,3181,-12567.201930519474,-33179.98271178553,146.0,-1,-1,-1.0
3182,3182,-5180.787136418003,-25432.61594290869,226.0,-1,-1,-1.0
3183,3183,6231.008312529266,29423.66438414832,264.0,-1,48,-1.0
3184,3184,-30199.207820645624,-10435.736360371422,425.0,-1,-1,-1.0
3185,3185,-22867.944047554465,12075.576523537566,194.0,-1,-1,-1.0
3186,3186,10878.940054397834,-3368.868895996995,180.0,-1,-1,-1.0
3187,3187,7223.261978042588,4245.920705693687,76.0,-1,-1,-1.0
3188,3188,-437.7503976821754,-2351.567385846247,20.0,-1,-1,-1.0
3189,3189,-37296.63016213115,-30333.75553547458,470.0,-1,20,-1.0
3190,3190,-8352.549231990637,7271.535120850873,170.0,-1,27,-1.0
3191,3191,-21987.968067836493,-5972.097463387792,480.0,-1,-1,-1.0
3192,3192,-22780.12420011474,31334.70747360059,287.0,-1,-1,-1.0
3193,3193,22376.1506830854,-38153.74324498549,213.0,-1,-1,-1.0
3194,3194,-20911.587527726504,12865.072029887597,276.0,-1,-1,-1.0
3195,3195,37630.54224188272,-16090.825858064709,375.0,-1,-1,-1.0
3196,3196,11208.787320743038,8686.598662770048,268.0,-1,-1,-1.0
3197,3197,-22285.22766874501,-6835.228629726051,355.0,-1,-1,-1.0
3198,3198,-35617.43576744923,-6211.908341010108,24.0,-1,-1,-1.0
3199,3199,-9366.552211441172,-13119.64498139524,403.0,-1,-1,-1.0
3200,3200,24162.042211301086,-37215.19614633994,342.0,-1,-1,-1.0
3201,3201,-25685.726536535272,-6035.824325653579,83.0,-1,-1,-1.0
3202,3202,-4685.884991461266,21263.848586278076,290.0,-1,-1,-1.0
3203,3203,-2764.346004002058,15744.637765030326,463.0,-1,-1,-1.0
3204,3204,17298.00819674845,36711.138425394165,86.0,-1,-1,-1.0
3205,3205,-36497.356482670206,-4683.774892452704,53.0,-1,-1,-1.0
3206,3206,-38943.50060034629,-25180.86356903954,128.0,-1,-1,-1.0
3207,3207,-29797.01248572935,-30760.998312534397,324.0,-1,-1,-1.0
3208,3208,5289.55662677381,22680.746859122053,182.0,7,46,54.0
3209,3209,5178.657145150768,22698.570880543048,183.0,7,46,54.0
3210,3210,5196.429973444087,22669.17376922339,183.0,7,46,54.0
3211,3211,5094.650738906715,22663.368866824378,184.0,7,46,54.0
3212,3212,5040.186764113912,22567.360057268877,185.0,7,46,54.0
3213,3213,4984.254920582324,22629.29132525713,185.0,7,46,54.0
3214,3214,5000.300270126605,22635.686652194672,185.0,7,46,54.0
3215,3215,4947.119802024633,22546.439639329947,188.0,7,46,54.0
3216,3216,4905.042248600923,22562.262317945137,188.0,7,46,54.0
3217,3217,4832.27090414757,22522.33063757747,189.0,7,46,54.0
3218,3218,4759.661708169004,22462.59867476825,191.0,7,46,54.0
3219,3219,4730.621149723512,22373.747224695348,192.0,7,46,54.0
3220,3220,4662.263313648498,22457.421863914427,192.0,7,46,54.0
3221,3221,4609.025389904875,22425.97768249408,193.0,7,46,54.0
3222,3222,4730.444793011935,22299.575636674414,193.0,7,46,54.0
3223,3223,4707.1029037094695,22278.63406232492,194.0,7,46,54.0
3224,3224,4678.782925346863,22200.002097628192,195.0,7,46,54.0
3225,3225,4635.443500742295,22120.249047142235,197.0,7,46,54.0
3226,3226,4563.303493087607,22078.244915871142,198.0,7,46,54.0
3227,3227,4506.750209650004,22006.204069260533,199.0,7,46,54.0
3228,3228,4428.7457167716975,21961.649546502565,200.0,7,46,54.0
3229,3229,4320.630866461819,22034.732599464165,201.0,7,46,54.0
3230,3230,4399.642538416932,21863.63692961114,201.0,7,46,54.0
3231,3231,4356.237607196231,21836.677578322156,203.0,7,46,54.0
3232,3232,4261.728563141383,21789.560485166792,204.0,7,46,54.0
3233,3233,4156.1745634448325,21795.00714973705,205.0,7,46,54.0
3234,3234,4204.459020408582,21730.010356345443,205.0,7,46,54.0
3235,3235,4315.175737435158,21714.779215506576,205.0,7,46,54.0
3236,3236,4168.244743944602,21665.636214176484,206.0,7,46,54.0
3237,3237,4066.6977822199,21721.991553232598,207.0,7,46,54.0
3238,3238,4075.520132743308,21616.74014228515,208.0,7,46,54.0
3239,3239,3976.424253875967,21569.458414486893,209.0,7,46,54.0
3240,3240,3989.788695429069,21620.10989707729,209.0,7,46,54.0
3241,3241,4005.725426698026,21584.271428598466,209.0,7,46,54.0
3242,3242,3884.824958043694,21644.82995062568,210.0,7,46,54.0
3243,3243,3780.763923755648,21628.292792603093,212.0,7,46,54.0
3244,3244,3797.553334487904,21646.770027657385,212.0,7,46,54.0
3245,3245,3703.708969750873,21588.88100230589,213.0,7,46,54.0
3246,3246,3642.6622727950016,21545.943150469637,215.0,7,46,54.0
3247,3247,3638.2604954114913,21488.593330684827,215.0,7,46,54.0
3248,3248,3613.1797380810167,21548.28495702248,215.0,7,46,54.0
3249,3249,3601.2655283352046,21616.71672423489,215.0,7,46,54.0
3250,3250,3527.129101222893,21604.371693157103,216.0,7,46,54.0
3251,3251,3462.583779036253,21555.92690526623,217.0,7,46,54.0
3252,3252,3367.889519677921,21500.341767084075,218.0,7,46,54.0
3253,3253,3272.299489036477,21457.474967561328,219.0,7,46,54.0
3254,3254,3215.711944070952,21569.744873745523,221.0,7,46,54.0
3255,3255,3155.809459516241,21487.82203034197,222.0,7,46,54.0
3256,3256,3168.0687819349264,21359.057298236832,223.0,7,46,54.0
3257,3257,3134.975903460794,21304.12257611316,224.0,7,46,54.0
3258,3258,3063.3467887225925,21262.01528695104,226.0,7,46,54.0
3259,3259,3080.144745922844,21203.34329213066,227.0,7,46,54.0
3260,3260,3010.3583033228388,21125.26423945962,228.0,7,46,54.0
3261,3261,2931.2016126743665,21144.390254039867,229.0,7,46,54.0
3262,3262,2870.011093014395,21052.513100733915,230.0,7,46,54.0
3263,3263,2823.8057873396933,21151.064427833506,233.0,7,46,54.0
3264,3264,2742.328658578805,21095.040529887552,236.0,7,46,54.0
3265,3265,2801.746785766326,21069.41483340683,236.0,7,46,54.0
3266,3266,2669.588104680227,21027.781453974403,237.0,7,46,54.0
3267,3267,2593.3313250189785,21044.283427963943,241.0,7,46,54.0
3268,3268,2508.334610612809,20976.16845414239,242.0,7,46,54.0
3269,3269,2582.369278310961,20945.38568948648,242.0,7,46,54.0
3270,3270,2464.659238598511,21069.181256391712,242.0,7,46,54.0
3271,3271,2448.3947733429245,21082.685264490603,244.0,7,46,54.0
3272,3272,2419.785352212388,20931.803583822515,244.0,7,46,54.0
3273,3273,2576.352266752853,20902.082167354693,244.0,7,46,54.0
3274,3274,2415.9824450721403,20919.012762683305,245.0,7,46,54.0
3275,3275,2359.646347391165,20876.690218654192,246.0,7,46,54.0
3276,3276,2325.9717612616205,20920.57853726794,246.0,7,46,54.0
3277,3277,2286.046603704747,20944.142723629982,246.0,7,46,54.0
3278,3278,2347.6772309168477,20793.72417869401,248.0,7,46,54.0
3279,3279,2316.7383149069506,20872.784385905303,251.0,7,46,54.0
3280,3280,2277.908480921304,20701.27369085495,251.0,7,46,54.0
3281,3281,2211.7613678855373,20733.85359025296,255.0,7,46,54.0
3282,3282,2108.0889565500947,20665.884663607365,256.0,7,46,54.0
3283,3283,2126.6469830836254,20713.26903966998,256.0,7,46,54.0
3284,3284,2000.5287226678324,20683.06493371893,258.0,7,46,54.0
3285,3285,1900.2963123860711,20680.301313408498,259.0,7,46,54.0
3286,3286,1804.054930748378,20665.324188069008,260.0,7,46,54.0
3287,3287,1761.688778052299,20771.5367692164,262.0,7,46,54.0
3288,3288,1659.5675779892722,20744.81072413468,263.0,7,46,54.0
3289,3289,1541.4595550430963,20732.00731012472,264.0,7,46,54.0
3290,3290,1478.6006149906452,20649.587943905663,266.0,7,46,54.0
3291,3291,1353.6449582834073,20623.211163368745,268.0,7,46,54.0
3292,3292,1287.4274183762675,20631.02365951784,269.0,7,46,54.0
3293,3293,1265.648739933407,20523.182791553318,270.0,7,46,54.0
3294,3294,1170.2778682128444,20630.971715249027,270.0,7,46,54.0
3295,3295,1206.7871245429808,20658.77849205156,270.0,7,46,54.0
3296,3296,1115.0646787495766,20624.00872598437,271.0,7,46,54.0
3297,3297,1030.5857817122728,20575.65522143003,272.0,7,46,54.0
3298,3298,913.7290809635198,20543.742486710667,274.0,7,46,54.0
3299,3299,808.6638109038208,20508.23399677681,275.0,7,46,54.0
3300,3300,742.1059595486781,20444.852502443497,276.0,7,46,54.0
3301,3301,763.9265549690747,20552.984329797484,276.0,7,46,54.0
3302,3302,853.9558033087724,20391.099464826675,276.0,7,46,54.0
3303,3303,669.4366269738648,20472.46975237301,278.0,7,46,54.0
3304,3304,680.0038806913938,20443.18393054208,278.0,7,46,54.0
3305,3305,569.1368272972877,20395.78277270136,280.0,7,46,54.0
3306,3306,441.8341867525815,20349.93881686112,282.0,7,46,54.0
3307,3307,497.8704230877961,20393.732425701102,282.0,7,46,54.0
3308,3308,609.9477404261462,20295.069179166432,282.0,7,46,54.0
3309,3309,462.4148368047517,20281.283577569026,284.0,7,46,54.0
3310,3310,443.0629502060642,20326.021513681782,284.0,7,46,54.0
3311,3311,356.05837149477134,20327.96134386398,285.0,7,46,54.0
3312,3312,538.0094678027499,20208.402672032884,285.0,7,46,54.0
3313,3313,485.320914302467,20111.056604845908,286.0,7,46,54.0
3314,3314,383.9283754111615,20178.905400575622,286.0,7,46,54.0
3315,3315,469.1352510713366,20018.058152169568,287.0,7,46,54.0
3316,3316,383.3507531790293,20072.68234744514,287.0,7,46,54.0
3317,3317,383.80406486791736,20090.78293889568,287.0,7,46,54.0
3318,3318,339.3191558380155,20160.00406303952,288.0,7,46,54.0
3319,3319,236.61531256786228,20182.12765512019,289.0,7,46,54.0
3320,3320,385.77484770570976,19953.288721330893,291.0,7,46,54.0
3321,3321,323.47837933744006,20083.37577116305,292.0,7,46,54.0
3322,3322,160.70625920957565,20278.950678524365,293.0,7,46,54.0
3323,3323,346.28247178892707,19995.683623987155,293.0,7,46,54.0
3324,3324,311.80544427813726,19903.91630445308,294.0,7,46,54.0
3325,3325,240.9976626916728,19830.743182814345,296.0,7,46,54.0
3326,3326,54.668169749385214,20294.54079880133,297.0,7,46,54.0
3327,3327,217.9594385074049,19747.384609915105,297.0,7,46,54.0
3328,3328,137.3224473174148,19843.51670055288,297.0,7,46,54.0
3329,3329,-29.81462027412668,20303.452744098387,298.0,7,46,54.0
3330,3330,-30.953634125212677,20313.067457514306,298.0,7,46,54.0
3331,3331,-66.7893994112911,20285.005697556586,298.0,7,46,54.0
3332,3332,134.53124235032826,19715.68672022806,298.0,7,46,54.0
3333,3333,84.317805308416,19778.172958416293,298.0,7,46,54.0
3334,3334,-113.32983485518312,20200.36757449409,301.0,7,46,54.0
3335,3335,49.06503586777914,19661.508761017296,301.0,7,46,54.0
3336,3336,18.888933995437483,19720.683313091737,301.0,7,46,54.0
3337,3337,89.93601025144727,19664.74401762081,301.0,7,46,54.0
3338,3338,-204.69913315481705,20163.83193159003,302.0,7,46,54.0
3339,3339,-209.58337714412397,20066.166521222887,303.0,7,46,54.0
3340,3340,16.288319119629783,19595.15422081483,303.0,7,46,54.0
3341,3341,25.797684202550865,19562.306683113475,303.0,7,46,54.0
3342,3342,-297.7872448681727,20024.803949020363,305.0,7,46,54.0
3343,3343,-379.32282508236136,19976.106755536108,306.0,7,46,54.0
3344,3344,-5.079468506659424,19493.15626669523,306.0,7,46,54.0
3345,3345,-442.467758881334,19961.10732264591,307.0,7,46,54.0
3346,3346,-331.7387441944836,19855.187482797435,307.0,7,46,54.0
3347,3347,42.89367111173142,19431.483851337336,307.0,7,46,54.0
3348,3348,47.43520333469443,19424.291295548785,307.0,7,46,54.0
3349,3349,-453.8547601717999,19871.03676710522,308.0,7,46,54.0
3350,3350,-68.08348253374855,19441.6716365316,308.0,7,46,54.0
3351,3351,-524.4190847518453,19797.926901389077,309.0,7,46,54.0
3352,3352,-519.574706240929,19698.04410613829,310.0,7,46,54.0
3353,3353,-173.27393627521204,19431.09318206861,310.0,7,46,54.0
3354,3354,-154.384741987833,19467.585227402385,310.0,7,46,54.0
3355,3355,59.44658236177011,19433.110973838637,310.0,7,46,54.0
3356,3356,-132.63603914843475,19387.78670467829,311.0,7,46,54.0
3357,3357,-151.70602331372524,19304.18364570723,312.0,7,46,54.0
3358,3358,-638.1232383001077,19636.76895351484,313.0,7,46,54.0
3359,3359,-220.2932479988827,19190.779745235268,313.0,7,46,54.0
3360,3360,-708.936212752671,19567.076029129155,314.0,7,46,54.0
3361,3361,-776.6599358185362,19614.086332726205,315.0,7,46,54.0
3362,3362,-798.539850701321,19512.596678887847,316.0,7,46,54.0
3363,3363,-868.2294917079887,19575.0348154522,316.0,7,46,54.0
3364,3364,-254.03706723695493,19123.4244742056,316.0,7,46,54.0
3365,3365,-896.2764005930663,19501.909956275493,317.0,7,46,54.0
3366,3366,-307.71508835313625,19200.300163048247,317.0,7,46,54.0
3367,3367,-162.8495298325326,19070.674641921927,317.0,7,46,54.0
3368,3368,-178.78734654592233,19055.010496933795,318.0,7,46,54.0
3369,3369,-985.1155031461216,19452.185473189613,319.0,7,46,54.0
3370,3370,-1024.1589529684218,19505.466707721134,319.0,7,46,54.0
3371,3371,-251.05443995696248,19000.22063366948,319.0,7,46,54.0
3372,3372,-235.8072719703968,18988.481338702048,319.0,7,46,54.0
3373,3373,-269.3976376887341,18957.75497665805,319.0,7,46,54.0
3374,3374,-374.4483287691887,18921.452298980883,320.0,7,46,54.0
3375,3375,-1092.371974626246,19421.469512815813,321.0,7,46,54.0
3376,3376,-1184.3844551743516,19334.553638619505,322.0,7,46,54.0
3377,3377,-1211.6945779891282,19413.22023125761,322.0,7,46,54.0
3378,3378,-446.5061744132093,18880.352113872206,322.0,7,46,54.0
3379,3379,-1251.7762194438446,19289.856264419177,323.0,7,46,54.0
3380,3380,-414.2873119046597,18791.216096219247,324.0,7,46,54.0
3381,3381,-501.1724064282416,18802.24660182373,324.0,7,46,54.0
3382,3382,-407.6541312020146,18816.80920714516,324.0,7,46,54.0
3383,3383,-438.7871075418824,18783.45026116504,324.0,7,46,54.0
3384,3384,-1378.4515582844188,19264.796402848544,325.0,7,46,54.0
3385,3385,-1304.6093855695408,19341.34701698339,325.0,7,46,54.0
3386,3386,-545.9249842360185,18748.93839129949,326.0,7,46,54.0
3387,3387,-518.418039649212,18814.891431683667,326.0,7,46,54.0
3388,3388,-524.4653798196973,18776.65838471208,326.0,7,46,54.0
3389,3389,-603.7055731184822,18682.37793016011,327.0,7,46,54.0
3390,3390,-534.5732579398893,18575.56434408374,328.0,7,46,54.0
3391,3391,-1418.143969866318,19280.274585149386,329.0,7,46,54.0
3392,3392,-660.3313297251855,18558.40746357876,330.0,7,46,54.0
3393,3393,-1457.659812904499,19292.478507086544,331.0,7,46,54.0
3394,3394,-748.6981998072408,18565.042733543996,331.0,7,46,54.0
3395,3395,-1550.6098772007865,19361.35995313999,332.0,7,46,54.0
3396,3396,-798.0911836067773,18522.975550777624,332.0,7,46,54.0
3397,3397,-831.114055819931,18548.776368939973,332.0,7,46,54.0
3398,3398,-736.3162902337141,18489.306336332356,334.0,7,46,54.0
3399,3399,-796.6189737209065,18459.76645382828,335.0,7,46,54.0
3400,3400,-785.157433539632,18422.99391220855,335.0,7,46,54.0
3401,3401,-688.9837226653186,18424.96273830142,335.0,7,46,54.0
3402,3402,-1594.1990684571242,19264.80956617282,336.0,7,46,54.0
3403,3403,-880.9798346082906,18380.875969247558,337.0,7,46,54.0
3404,3404,-1643.0583847716648,19258.090626133544,338.0,7,46,54.0
3405,3405,-1667.4967774744318,19184.02022212373,339.0,7,46,54.0
3406,3406,-1702.8234472921554,19189.145722333586,339.0,7,46,54.0
3407,3407,-908.920352141428,18301.57947802,339.0,7,46,54.0
3408,3408,-990.863753435446,18247.654390582135,340.0,7,46,54.0
3409,3409,-997.43077365637,18218.07963935797,340.0,7,46,54.0
3410,3410,-1028.3813344981115,18128.68232882424,341.0,7,46,54.0
3411,3411,-1774.554217696838,19134.474622715727,342.0,7,46,54.0
3412,3412,-1041.0440948186838,18006.9953338873,342.0,7,46,54.0
3413,3413,-1051.45524258282,17905.522535578075,343.0,7,46,54.0
3414,3414,-1141.9312157053375,17867.727386604998,344.0,7,46,54.0
3415,3415,-1120.409558283809,17868.732071778315,344.0,7,46,54.0
3416,3416,-1874.869600169744,19121.961191566435,345.0,7,46,54.0
3417,3417,-1133.8358058198312,17762.227742082327,346.0,7,46,54.0
3418,3418,-1961.795864986087,19176.834839582352,347.0,7,46,54.0
3419,3419,-1200.1560612228418,17658.34593745742,347.0,7,46,54.0
3420,3420,-2061.480481384601,19175.13612928661,349.0,7,46,54.0
3421,3421,-1316.4484813815793,17596.850793497713,349.0,7,46,54.0
3422,3422,-1283.252336520213,17593.407024265765,349.0,7,46,54.0
3423,3423,-1315.6958420276944,17654.44603331253,349.0,7,46,54.0
3424,3424,-1164.781193399043,17563.652760734447,349.0,7,46,54.0
3425,3425,-2121.6337106053697,19136.92773693613,350.0,7,46,54.0
3426,3426,-1183.2976531958957,17537.51872037311,350.0,7,46,54.0
3427,3427,-1355.7149511088533,17583.28557816648,350.0,7,46,54.0
3428,3428,-1272.500536862201,17507.455748557168,350.0,7,46,54.0
3429,3429,-1345.9612122924202,17489.024526026296,351.0,7,46,54.0
3430,3430,-1218.950849929456,17514.883635012604,351.0,7,46,54.0
3431,3431,-1232.3424867226702,17423.348258502243,351.0,7,46,54.0
3432,3432,-2208.023970613849,19035.359520862672,352.0,7,46,54.0
3433,3433,-1349.6560165965714,17391.42182868651,352.0,7,46,54.0
3434,3434,-1426.9563406861469,17330.620085457693,353.0,7,46,54.0
3435,3435,-2309.223919260919,19046.095585565523,354.0,7,46,54.0
3436,3436,-1458.0858950394436,17218.19285896512,354.0,7,46,54.0
3437,3437,-2279.061387540145,18952.32070372933,355.0,7,46,54.0
3438,3438,-2385.7707502342337,18959.267072859653,356.0,7,46,54.0
3439,3439,-2318.7667548470704,18867.54736688741,356.0,7,46,54.0
3440,3440,-1502.2473959073443,17151.600957236395,356.0,7,46,54.0
3441,3441,-1497.9083086573,17097.209228908552,357.0,7,46,54.0
3442,3442,-1583.8617264613629,17053.696866479302,358.0,7,46,54.0
3443,3443,-2444.736783460846,18882.830123804382,359.0,7,46,54.0
3444,3444,-1659.5058538528692,16955.50977000996,359.0,7,46,54.0
3445,3445,-1644.8012415861515,16968.67786876691,359.0,7,46,54.0
3446,3446,-1652.3147172000313,16971.370932507023,359.0,7,46,54.0
3447,3447,-2596.594067393368,18797.91706349776,360.0,7,46,54.0
3448,3448,-1672.851413564313,16861.465515479304,360.0,7,46,54.0
3449,3449,-1650.9001699908094,16812.75950886548,360.0,7,46,54.0
3450,3450,-1714.3419545497138,16919.72820095184,360.0,7,46,54.0
3451,3451,-2664.7279325867253,18710.341048071485,361.0,7,46,54.0
3452,3452,-1758.707893610254,16834.040825289172,361.0,7,46,54.0
3453,3453,-1749.145175820444,16781.92276645803,361.0,7,46,54.0
3454,3454,-1842.9276132297352,16777.490679200164,362.0,7,46,54.0
3455,3455,-1798.6310835919387,16752.529191635324,362.0,7,46,54.0
3456,3456,-1862.9133717066816,16825.128246585118,362.0,7,46,54.0
3457,3457,-2582.020295029627,18768.285916259105,363.0,7,46,54.0
3458,3458,-2749.1573959840216,18584.119848231174,363.0,7,46,54.0
3459,3459,-2670.701543560689,18559.49963917256,364.0,7,46,54.0
3460,3460,-2792.568795918648,18642.89037523162,364.0,7,46,54.0
3461,3461,-2777.3845399571696,18692.167530518065,364.0,7,46,54.0
3462,3462,-2807.476764250217,18580.15796758798,365.0,7,46,54.0
3463,3463,-1781.4700180982309,16699.016657443346,365.0,7,46,54.0
3464,3464,-2906.5787745321977,18565.10314325041,366.0,7,46,54.0
3465,3465,-1813.621692162637,16632.44561304613,367.0,7,46,54.0
3466,3466,-1906.8955728623796,16644.735759921048,368.0,7,46,54.0
3467,3467,-2979.2210575415293,18611.44604139153,369.0,7,46,54.0
3468,3468,-1947.0521660646623,16574.08393030417,369.0,7,46,54.0
3469,3469,-1872.2364362625103,16524.873680618723,369.0,7,46,54.0
3470,3470,-3060.1129505993235,18669.5858514976,370.0,7,46,54.0
3471,3471,-3084.65368211986,18610.858631964453,370.0,7,46,54.0
3472,3472,-2015.982439714035,16590.322278957887,370.0,7,46,54.0
3473,3473,-1915.3877138641733,16448.441164140408,370.0,7,46,54.0
3474,3474,-3154.2279342512743,18577.04968101194,371.0,7,46,54.0
3475,3475,-3207.5367492057258,18578.28355616075,372.0,7,46,54.0
3476,3476,-2044.1683123137643,16418.37294893178,372.0,7,46,54.0
3477,3477,-1954.983454569116,16432.43605351498,372.0,7,46,54.0
3478,3478,-3266.7066830847875,18644.47686424206,373.0,7,46,54.0
3479,3479,-3319.7358547840745,18615.762082069035,374.0,7,46,54.0
3480,3480,-2075.4685165674227,16351.560489887595,374.0,7,46,54.0
3481,3481,-3425.9452810798525,18578.648438022123,377.0,7,46,54.0
3482,3482,-2131.292086888134,16248.240010422422,377.0,7,46,54.0
3483,3483,-2154.178926502059,16160.944927416142,378.0,7,46,54.0
3484,3484,-2215.728795575692,16069.611853516348,379.0,7,46,54.0
3485,3485,-3434.0504331571565,18679.866547495472,380.0,7,46,54.0
3486,3486,-2274.611267469079,15997.175330382095,380.0,7,46,54.0
3487,3487,-36631.834284376615,-35818.495214804,459.0,-1,19,-1.0
3488,3488,-34047.02032766874,36185.437237231046,430.0,-1,-1,-1.0
3489,3489,20651.673495697323,-14814.105994304393,32.0,-1,-1,-1.0
3490,3490,-14865.707653964117,-11471.930800714095,198.0,-1,-1,-1.0
3491,3491,-36364.69973018813,-32202.251009186788,268.0,-1,20,-1.0
3492,3492,6194.359075936591,-26396.96454763589,492.0,-1,31,-1.0
3493,3493,-6826.830802797624,-27691.26616009232,138.0,-1,25,-1.0
3494,3494,-10580.99151313291,-31081.691405861377,221.0,-1,-1,-1.0
3495,3495,38187.35907277724,-7007.013139657633,419.0,-1,-1,-1.0
3496,3496,-13151.793197500065,35865.59097921586,499.0,-1,-1,-1.0
3497,3497,13763.624535473697,-35576.2568128525,244.0,-1,4,-1.0
3498,3498,-30101.07606348144,-6079.157898829682,387.0,-1,41,-1.0
3499,3499,-10350.193382915477,2946.7606273951824,429.0,-1,26,-1.0
3500,3500,4302.531079264794,30288.707875332257,80.0,-1,48,-1.0
3501,3501,-3122.026635553506,-14171.648706724724,56.0,-1,31,-1.0
3502,3502,-23386.211713538865,33524.57689664577,367.0,-1,-1,-1.0
3503,3503,-6140.026393322129,-19593.69953713538,140.0,-1,-1,-1.0
3504,3504,-37836.85829975883,14947.982705794013,147.0,-1,-1,-1.0
3505,3505,24796.672312979965,4892.781562277858,413.0,-1,-1,-1.0
3506,3506,-17176.357230491365,-32685.600371369583,102.0,-1,36,-1.0
3507,3507,7400.252137488205,-13366.95792703309,443.0,-1,-1,-1.0
3508,3508,28886.48511644568,32588.50731718875,25.0,-1,-1,-1.0
3509,3509,-26202.29674243149,-34214.26832551979,417.0,-1,-1,-1.0
3510,3510,-21704.36554036568,-4345.494839373307,127.0,-1,-1,-1.0
3511,3511,31190.925476916706,22464.64362170155,460.0,-1,-1,-1.0
3512,3512,-35548.17912374834,36391.45040755636,376.0,-1,5,-1.0
3513,3513,38283.36397543304,6472.194800571728,164.0,-1,-1,-1.0
3514,3514,-28464.549989000458,-10286.367275056233,227.0,-1,-1,-1.0
3515,3515,38931.44672197438,-29639.438624253104,155.0,-1,-1,-1.0
3516,3516,5747.053834156191,-16774.7996796561,57.0,-1,-1,-1.0
3517,3517,7470.32218588503,-23598.95246358296,246.0,-1,-1,-1.0
3518,3518,-18529.81281270604,-17526.43733986326,65.0,-1,-1,-1.0
3519,3519,-5312.082395732374,1940.1160100516863,337.0,-1,27,-1.0
3520,3520,-4510.846068665815,31651.08103654676,386.0,-1,-1,-1.0
3521,3521,-17476.145834868228,5504.222641968307,386.0,-1,-1,-1.0
3522,3522,6366.528593506475,-39911.27961176254,263.0,-1,-1,-1.0
3523,3523,-25778.11423975244,32142.98650950825,344.0,-1,-1,-1.0
3524,3524,-15189.925104688651,7626.044974586897,55.0,-1,-1,-1.0
3525,3525,11001.994714474233,17903.370699408886,314.0,-1,-1,-1.0
3526,3526,-17610.657912640014,16146.387030793398,151.0,-1,-1,-1.0
3527,3527,33888.73950606545,2350.455959417676,247.0,-1,-1,-1.0
3528,3528,20343.49576984717,-3344.667270235179,154.0,-1,-1,-1.0
3529,3529,-14447.089611203322,-11102.746253603184,356.0,-1,-1,-1.0
3530,3530,9613.206855331337,18066.387829940555,243.0,-1,-1,-1.0
3531,3531,29292.0408379163,6304.190024441654,103.0,-1,-1,-1.0
3532,3532,13064.237768389998,1256.7975871789167,437.0,-1,-1,-1.0
3533,3533,2284.433960756134,-22326.144416560484,455.0,-1,31,-1.0
3534,3534,35505.63803179008,-7063.06532197912,473.0,-1,33,-1.0
3535,3535,-36967.85356287788,-28023.97316690757,210.0,-1,20,-1.0
3536,3536,32856.07730236484,-39421.59505763821,168.0,-1,-1,-1.0
3537,3537,2080.1882609879394,23027.981872812896,239.0,-1,-1,-1.0
3538,3538,33696.70689496027,-39028.70991234441,489.0,-1,-1,-1.0
3539,3539,30699.89457880257,-24318.786027250728,49.0,-1,45,-1.0
3540,3540,28857.76076105853,8790.612373204902,153.0,-1,-1,-1.0
3541,3541,-7810.9830331515805,-36195.94384031816,358.0,-1,-1,-1.0
3542,3542,-24486.93319270279,-25174.248757707806,335.0,-1,38,-1.0
3543,3543,19728.503059555413,-14248.903232342353,49.0,-1,-1,-1.0
3544,3544,33260.2459760574,4873.896212872183,208.0,-1,-1,-1.0
3545,3545,-29228.236466997303,-23359.69846171329,299.0,-1,-1,-1.0
3546,3546,-4752.062773434591,16373.26211650086,335.0,-1,-1,-1.0
3547,3547,-36267.05089800798,33669.82190986042,173.0,-1,-1,-1.0
3548,3548,24664.01352034915,-28365.86717899969,404.0,-1,-1,-1.0
3549,3549,-14000.193431144136,-7812.00453279636,221.0,-1,-1,-1.0
3550,3550,-14821.155640295976,-28937.394951339724,156.0,-1,-1,-1.0
3551,3551,-1325.4615417256136,-15950.775289901394,295.0,-1,31,-1.0
3552,3552,32996.411459641284,19372.087640851954,295.0,-1,-1,-1.0
3553,3553,7254.03416478516,26394.117343450795,52.0,-1,-1,-1.0
3554,3554,-7386.053075443611,26902.11401406141,333.0,-1,48,-1.0
3555,3555,-20094.189418138478,22597.41078675841,491.0,-1,-1,-1.0
3556,3556,17604.808454443984,3995.553972268026,495.0,-1,-1,-1.0
3557,3557,-3396.4866231447886,8979.728417881837,392.0,-1,27,-1.0
3558,3558,27798.979116931518,7588.109750785428,263.0,-1,15,-1.0
3559,3559,-32828.203115697965,23757.18432863139,171.0,-1,-1,-1.0
3560,3560,-3268.819778858415,-6636.460866538568,399.0,-1,-1,-1.0
3561,3561,-15064.127362227387,14891.856711087568,6.0,-1,-1,-1.0
3562,3562,11260.14059487429,11860.759963521348,414.0,-1,-1,-1.0
3563,3563,6476.683556073192,25727.75426941966,134.0,-1,48,-1.0
3564,3564,-27594.15536407559,26753.924381158256,190.0,-1,-1,-1.0
3565,3565,7175.089835240971,-2390.166251978408,295.0,-1,-1,-1.0
3566,3566,27137.41818407111,-637.0071410039818,2.0,-1,33,-1.0
3567,3567,-30595.86881914241,-11040.612668602502,75.0,-1,-1,-1.0
3568,3568,6637.310703516676,3733.149673505548,298.0,-1,14,-1.0
3569,3569,6572.732986053168,3368.2069658571418,345.0,-1,14,-1.0
3570,3570,-6162.237029377626,38199.95674690086,189.0,-1,-1,-1.0
3571,3571,-7449.976996576664,9565.291473407791,106.0,-1,-1,-1.0
3572,3572,-3407.954203420537,2583.705767840751,71.0,-1,27,-1.0
3573,3573,34591.93169038398,39825.77845267604,22.0,-1,-1,-1.0
3574,3574,-26101.13648067676,17096.750578124702,7.0,-1,-1,-1.0
3575,3575,-14165.379789787592,-37379.28785820386,230.0,-1,36,-1.0
3576,3576,10490.65493759246,-25031.93371753356,481.0,-1,-1,-1.0
3577,3577,16183.945097613743,33267.915930337535,231.0,-1,-1,-1.0
3578,3578,37037.66571458534,20634.534285330417,21.0,-1,28,-1.0
3579,3579,-39304.91503539708,-1105.3282438842944,38.0,-1,-1,-1.0
3580,3580,13063.17934061258,-3795.119932523849,423.0,-1,-1,-1.0
3581,3581,-28370.469766638635,-37239.0247471376,213.0,-1,-1,-1.0
3582,3582,-4481.3040164547565,-23074.120979228497,97.0,-1,-1,-1.0
3583,3583,-32113.819428235023,33905.64725814255,372.0,-1,-1,-1.0
3584,3584,19921.78635682475,-34167.25917848507,324.0,-1,-1,-1.0
3585,3585,19637.279833962857,25666.05105736747,499.0,-1,-1,-1.0
3586,3586,7291.546865778422,36449.65424111867,140.0,-1,-1,-1.0
3587,3587,-17332.719818626538,6301.579194105907,347.0,-1,26,-1.0
3588,3588,31091.04791692771,34107.06965782048,297.0,-1,-1,-1.0
3589,3589,-6035.137905719814,4777.684850302714,249.0,-1,-1,-1.0
3590,3590,-24197.408791345857,-27715.16636313981,82.0,-1,38,-1.0
3591,3591,38943.13995466442,28974.92162170219,498.0,-1,-1,-1.0
3592,3592,27047.511302864583,34783.32735746597,15.0,-1,-1,-1.0
3593,3593,-10413.283416132774,19079.1577838167,119.0,-1,-1,-1.0
3594,3594,-1498.6970761381235,-7082.790004218965,366.0,-1,-1,-1.0
3595,3595,13166.924120669872,17491.58477439102,418.0,-1,-1,-1.0
3596,3596,8842.469398953268,25936.83404538987,445.0,-1,-1,-1.0
3597,3597,12536.811938588507,-23673.799013130727,456.0,-1,-1,-1.0
3598,3598,35801.8232118991,-27854.72826262039,75.0,-1,-1,-1.0
3599,3599,32213.390031648683,2654.100528418385,10.0,-1,-1,-1.0
3600,3600,-37595.5952048321,2914.446969081495,151.0,-1,-1,-1.0
3601,3601,35253.61187197646,29203.25325453833,123.0,-1,-1,-1.0
3602,3602,-34619.134661247415,-21031.602326637043,197.0,-1,-1,-1.0
3603,3603,17910.50410776781,-4413.490478655964,314.0,-1,-1,-1.0
3604,3604,9014.77312288349,39457.0464941933,317.0,-1,-1,-1.0
3605,3605,26015.147506738605,28685.86901855553,222.0,-1,-1,-1.0
3606,3606,-934.4974651253287,-31197.511828577743,467.0,-1,-1,-1.0
3607,3607,-11000.74757162868,39769.38862847454,339.0,-1,-1,-1.0
3608,3608,-9698.763009293394,-13052.84403405655,84.0,-1,-1,-1.0
3609,3609,-36757.24206064964,39091.91225167057,124.0,-1,-1,-1.0
3610,3610,-5070.452539870581,17768.07129657874,197.0,-1,-1,-1.0
3611,3611,16527.240590650523,-30028.11133799178,442.0,-1,-1,-1.0
3612,3612,-36602.32203048774,1526.9526077540067,89.0,-1,-1,-1.0
3613,3613,32002.39555314624,-32098.04014203669,269.0,-1,-1,-1.0
3614,3614,8779.98417528918,32704.336153018143,379.0,-1,47,-1.0
3615,3615,-20232.646115626914,-32189.54152523757,62.0,-1,-1,-1.0
3616,3616,27849.54129454911,-1884.229364200968,351.0,-1,-1,-1.0
3617,3617,-26524.72283827523,31055.1576729207,493.0,-1,-1,-1.0
3618,3618,-21944.307250433965,-2.9275084266191698,203.0,-1,-1,-1.0
3619,3619,14215.036051315948,20374.960609629743,484.0,-1,-1,-1.0
3620,3620,416.19486143468384,13112.555541370915,15.0,-1,-1,-1.0
3621,3621,-14791.208455359756,3892.950177227664,313.0,-1,26,-1.0
3622,3622,-25161.67699993394,-17551.959701320888,387.0,-1,-1,-1.0
3623,3623,28327.821671430826,1911.3520021479344,318.0,-1,-1,-1.0
3624,3624,-38867.10918949402,-18000.646788523707,442.0,-1,0,-1.0
3625,3625,32845.91050143083,6711.637425028181,373.0,-1,-1,-1.0
3626,3626,28710.60160791759,20332.157355927106,26.0,-1,-1,-1.0
3627,3627,-1470.6948477442784,-27861.825544390344,251.0,-1,-1,-1.0
3628,3628,9182.611457946805,31919.47994396108,260.0,-1,-1,-1.0
3629,3629,-14382.82294827326,-25081.17687941512,255.0,-1,-1,-1.0
3630,3630,-25325.40773547952,-28723.21656006705,411.0,-1,-1,-1.0
3631,3631,1557.1477928185925,18291.96022031813,102.0,-1,-1,-1.0
3632,3632,16427.381875947773,25121.750445363607,361.0,-1,9,-1.0
3633,3633,18030.1109796441,-15366.851078382631,453.0,-1,-1,-1.0
3634,3634,36362.03565987974,-21534.87490676789,204.0,-1,-1,-1.0
3635,3635,-24542.32553462295,3477.4702178677617,203.0,-1,-1,-1.0
3636,3636,-18248.12291998678,-21839.55518981596,330.0,-1,-1,-1.0
3637,3637,-35209.355964350914,27082.63675866525,298.0,-1,-1,-1.0
3638,3638,-35656.116951690616,19636.232758816503,258.0,-1,-1,-1.0
3639,3639,-23199.095632892764,25894.2918150528,415.0,-1,48,-1.0
3640,3640,19906.43797288795,30789.48395617638,353.0,-1,30,-1.0
3641,3641,3861.081065542276,34166.976571921114,37.0,-1,-1,-1.0
3642,3642,6217.980786083252,-21591.21533407496,311.0,-1,-1,-1.0
3643,3643,-22889.52081171619,-32565.489789046725,499.0,-1,-1,-1.0
3644,3644,-37885.97204117378,39848.71695503012,187.0,-1,-1,-1.0
3645,3645,-34752.27496839441,-15033.559690143418,465.0,-1,-1,-1.0
3646,3646,-32363.362352627635,23154.544272518026,459.0,-1,-1,-1.0
3647,3647,8549.531397040751,-6281.089184802608,260.0,-1,-1,-1.0
3648,3648,-37420.250834622246,314.13008083335444,89.0,-1,-1,-1.0
3649,3649,29925.394853657446,-38506.72083163818,437.0,-1,-1,-1.0
3650,3650,36772.72007968495,12952.665048022804,184.0,-1,28,-1.0
3651,3651,-8198.64269203701,-8369.014006561778,349.0,-1,31,-1.0
3652,3652,24533.286890686977,-36822.301784931806,77.0,-1,-1,-1.0
3653,3653,-15520.766386537827,-5759.105100376924,160.0,-1,43,-1.0
3654,3654,37218.13425691561,-1089.5809131742426,199.0,-1,-1,-1.0
3655,3655,35584.412064107644,-17494.220605917173,29.0,-1,-1,-1.0
3656,3656,32425.841084309606,30500.2012323667,97.0,-1,10,-1.0
3657,3657,-24638.513741740244,14136.960964334095,251.0,-1,-1,-1.0
3658,3658,-37476.401068591535,26598.573877422285,266.0,-1,-1,-1.0
3659,3659,-34712.81884727146,-7737.1298960818785,193.0,-1,-1,-1.0
3660,3660,7960.494552403856,23503.613823495027,399.0,-1,48,56.0
3661,3661,-5618.606201726208,-9479.549737540598,442.0,-1,31,-1.0
3662,3662,36160.68250280099,-13228.379412907005,447.0,-1,-1,-1.0
3663,3663,39601.20829798213,-6010.732885453748,92.0,-1,-1,-1.0
3664,3664,18247.61820386455,-29782.206364856276,26.0,-1,3,-1.0
3665,3665,-25379.566543895304,20045.431914924346,178.0,-1,37,-1.0
3666,3666,29687.42812140661,-30968.544264145414,90.0,-1,-1,-1.0
3667,3667,-13078.497403801102,-38281.96105845456,84.0,-1,-1,-1.0
3668,3668,14853.285433401155,31327.29936693108,314.0,-1,-1,-1.0
3669,3669,-30557.326851423328,18394.88797096433,26.0,-1,-1,-1.0
3670,3670,26476.270971870763,19709.98335509709,296.0,-1,-1,-1.0
3671,3671,-13968.043351902234,29019.395693980696,432.0,-1,-1,-1.0
3672,3672,29385.084092609453,24289.47929749696,426.0,-1,-1,-1.0
3673,3673,37636.7275874559,393.1911941037033,280.0,-1,-1,-1.0
3674,3674,7012.241450528236,33805.95317921437,128.0,-1,47,-1.0
3675,3675,11758.645387715624,34243.89676314042,185.0,-1,-1,-1.0
3676,3676,-34925.084377572945,7966.752182488744,348.0,-1,24,-1.0
3677,3677,-38614.17121780756,20598.804495158227,453.0,-1,-1,-1.0
3678,3678,26260.05602167599,20362.151027073203,317.0,-1,18,-1.0
3679,3679,-20141.34963427959,-15257.41023457951,95.0,-1,42,-1.0
3680,3680,-38143.83944863251,-29486.87898790945,309.0,-1,20,-1.0
3681,3681,18811.094733419035,34535.31734048377,448.0,-1,-1,-1.0
3682,3682,12694.670664334866,18787.9638710308,284.0,-1,-1,-1.0
3683,3683,-24711.953256474066,25359.451550891517,98.0,-1,48,-1.0
3684,3684,-37398.29344418076,28980.02038338939,335.0,-1,-1,-1.0
3685,3685,-33939.89216058625,-27309.134549879283,487.0,-1,-1,-1.0
3686,3686,-36390.61992160798,30296.108433648857,100.0,-1,-1,-1.0
3687,3687,-15454.690869902708,37797.70623617746,175.0,-1,48,-1.0
3688,3688,-28342.706990607265,385.7714647067187,178.0,-1,-1,-1.0
3689,3689,33596.13855880368,13150.25921029946,272.0,-1,-1,-1.0
3690,3690,6206.289449045806,-12917.976538826722,62.0,-1,31,-1.0
3691,3691,30635.051378821445,-13711.943355416868,432.0,-1,-1,-1.0
3692,3692,18935.086651773323,-10739.395539290894,103.0,-1,44,-1.0
3693,3693,-31270.27912311534,-34648.60634707313,16.0,-1,-1,-1.0
3694,3694,2246.1994274839453,28619.017917207704,375.0,-1,-1,-1.0
3695,3695,21581.1932797882,-30562.52394278033,94.0,-1,-1,-1.0
3696,3696,-31478.31443060856,21115.34003089246,139.0,-1,40,-1.0
3697,3697,-17321.762015989196,28982.27663164817,227.0,-1,48,-1.0
3698,3698,-1640.5008748875189,1288.545835196266,439.0,-1,22,-1.0
3699,3699,-28468.376646788984,-27683.73314280097,481.0,-1,-1,-1.0
3700,3700,-6988.304212767682,39491.671390014686,180.0,-1,-1,-1.0
3701,3701,-16201.437062887766,33373.33871365465,422.0,-1,-1,-1.0
3702,3702,35627.62115634003,15440.41382843475,323.0,-1,28,-1.0
3703,3703,-10338.158124625726,-37519.82679327935,455.0,-1,-1,-1.0
3704,3704,22979.49525032276,-20713.16457347814,357.0,-1,-1,-1.0
3705,3705,16211.614233888477,-26275.77283752044,380.0,-1,3,-1.0
3706,3706,15584.71575364378,-2520.6728598010814,335.0,-1,-1,-1.0
3707,3707,9163.878348783604,-12700.203926874208,439.0,-1,-1,-1.0
3708,3708,-29793.614084211484,-12219.905770791043,365.0,-1,-1,-1.0
3709,3709,-3106.268663883435,14711.929183614831,415.0,-1,-1,-1.0
3710,3710,-23326.005856257078,11232.08078810996,76.0,-1,40,-1.0
3711,3711,20264.785044054668,16903.813932992714,219.0,-1,18,-1.0
3712,3712,4013.5754281632617,4477.922463992341,359.0,-1,14,-1.0
3713,3713,-9165.972237216753,23967.853646441035,360.0,-1,-1,-1.0
3714,3714,11115.792657665776,-13082.605989191754,368.0,-1,-1,-1.0
3715,3715,-8750.897942273525,-13161.325355249894,496.0,-1,-1,-1.0
3716,3716,-35264.15046956708,-262.6395105604388,328.0,-1,29,-1.0
3717,3717,7119.51684216311,-20266.25888079388,252.0,-1,-1,-1.0
3718,3718,-23075.61475721399,-29843.674232991376,58.0,-1,-1,-1.0
3719,3719,30006.53578461161,11162.66114923158,477.0,-1,-1,-1.0
3720,3720,15408.791059072522,28710.66790294375,441.0,-1,9,-1.0
3721,3721,-13126.618179567828,-11931.063643083296,88.0,-1,-1,-1.0
3722,3722,16606.1150455741,-37382.20802737234,409.0,-1,-1,-1.0
3723,3723,17103.972226261147,18368.48496613797,311.0,-1,-1,-1.0
3724,3724,-17560.907935131196,-18184.327093411262,142.0,-1,-1,-1.0
3725,3725,-27776.733894269564,36143.397442310685,299.0,-1,6,-1.0
3726,3726,-8176.592936496858,11286.945872253324,333.0,-1,-1,-1.0
3727,3727,19539.095202959583,-8722.039015671071,180.0,-1,44,-1.0
3728,3728,37560.32430576331,-25498.740408634192,430.0,-1,-1,-1.0
3729,3729,-39392.5359572136,-39533.60302200258,202.0,-1,-1,-1.0
3730,3730,9524.90809376706,1676.04245266239,148.0,-1,-1,-1.0
3731,3731,863.5382694140208,-18747.45388140858,79.0,-1,31,-1.0
3732,3732,-23432.402859757112,-28207.55347449565,113.0,-1,-1,-1.0
3733,3733,36258.97978489978,12864.094013230397,250.0,-1,28,-1.0
3734,3734,-6352.01092750745,-12621.653824379397,268.0,-1,31,-1.0
3735,3735,27402.471530348208,-488.0380769065887,55.0,-1,33,-1.0
3736,3736,2684.957154796648,-20738.876751378437,137.0,-1,31,-1.0
3737,3737,31912.818551327306,18319.457553546767,26.0,-1,28,-1.0
3738,3738,17241.48948912124,3053.327932636181,427.0,-1,-1,-1.0
3739,3739,3806.769697480777,-3111.2635300692564,222.0,-1,-1,-1.0
3740,3740,-36950.96042560253,35230.821311306645,161.0,-1,5,-1.0
3741,3741,-23717.41115593518,37045.38395017215,121.0,-1,-1,-1.0
3742,3742,2058.7558448898417,-37370.783507876986,408.0,-1,1,-1.0
3743,3743,7071.529566100398,29469.55086492129,59.0,-1,48,58.0
3744,3744,5926.812215371785,32239.376249901263,342.0,-1,47,-1.0
3745,3745,20358.965267229723,5784.84565410408,448.0,-1,-1,-1.0
3746,3746,-29147.1576174417,-16992.426756883106,90.0,-1,-1,-1.0
3747,3747,19296.086247621628,-25969.85473778185,472.0,-1,-1,-1.0
3748,3748,-8890.696178893799,19032.306879755957,281.0,-1,-1,-1.0
3749,3749,-2156.006245386336,7552.036277886822,55.0,-1,27,-1.0
3750,3750,-39419.999028143975,21416.64978308892,10.0,-1,-1,-1.0
3751,3751,11796.78292540717,15122.924158684373,272.0,-1,-1,-1.0
3752,3752,-3429.0940533443645,7577.565139991064,115.0,-1,27,-1.0
3753,3753,-5818.084336685475,-23766.1554547288,334.0,-1,-1,-1.0
3754,3754,-31966.81337162893,12960.99686846559,476.0,-1,-1,-1.0
3755,3755,-11968.431900150556,7737.864102651205,129.0,-1,-1,-1.0
3756,3756,-25554.53148312805,27222.241416419056,97.0,-1,-1,-1.0
3757,3757,28740.10147139513,31703.08433008472,45.0,-1,-1,-1.0
3758,3758,21876.76424011302,18317.292162015576,475.0,-1,-1,-1.0
3759,3759,39903.90768959181,38465.755835775984,269.0,-1,-1,-1.0
3760,3760,-1639.6260625202049,-15554.847194511703,211.0,-1,31,-1.0
3761,3761,18911.47228380559,29112.92379087243,21.0,-1,30,-1.0
3762,3762,-21444.812361433214,-32789.85747266376,453.0,-1,-1,-1.0
3763,3763,-32445.87354509321,-18052.823230338858,107.0,-1,-1,-1.0
3764,3764,-35297.70234803485,39555.24762445047,215.0,-1,-1,-1.0
3765,3765,-7536.326034021378,14579.486199036435,296.0,-1,-1,-1.0
3766,3766,28199.93400574854,16617.339849731965,488.0,-1,-1,-1.0
3767,3767,2155.9753329574014,28444.661204907374,154.0,-1,-1,-1.0
3768,3768,19719.56958150728,-20799.519605450776,296.0,-1,-1,-1.0
3769,3769,19620.07956846272,-3509.173471863884,345.0,-1,-1,-1.0
3770,3770,-39619.27038404803,-1465.6542575170388,251.0,-1,-1,-1.0
3771,3771,-4749.79515148935,18967.19273820648,282.0,-1,-1,-1.0
3772,3772,-24840.327656150257,-29863.641333158583,207.0,-1,-1,-1.0
3773,3773,-20460.254129887155,32571.016047614088,65.0,-1,-1,-1.0
3774,3774,6166.524767375915,4169.392606189453,326.0,-1,-1,-1.0
3775,3775,25405.824828277106,-21871.261140605005,0.0,-1,-1,-1.0
3776,3776,-12611.237326752784,30138.045201899196,480.0,-1,48,-1.0
3777,3777,33270.94068544985,30958.347913196587,498.0,-1,10,-1.0
3778,3778,-38376.15743754592,-18015.3614813598,298.0,-1,0,-1.0
3779,3779,-20398.079169579694,20247.50708202411,218.0,-1,-1,-1.0
3780,3780,2932.414638234833,20423.110994576185,475.0,-1,46,-1.0
3781,3781,12606.19906182296,-16907.814505314924,56.0,-1,-1,-1.0
3782,3782,28041.86332347765,25492.89712198435,22.0,-1,-1,-1.0
3783,3783,-23609.843930866267,-22145.775305132007,280.0,-1,-1,-1.0
3784,3784,11029.988331080676,1895.9526940750584,193.0,-1,-1,-1.0
3785,3785,4561.3712825757975,-35950.9808881216,464.0,-1,-1,-1.0
3786,3786,-35125.07036793769,29871.526925827988,163.0,-1,-1,-1.0
3787,3787,-23302.99155627989,-4770.4891725121415,334.0,-1,-1,-1.0
3788,3788,-11123.095561695003,-17048.751775888755,369.0,-1,31,-1.0
3789,3789,-5521.147015479044,18511.2896790909,83.0,-1,-1,-1.0
3790,3790,-12847.64197157239,-18304.5789456993,115.0,-1,-1,-1.0
3791,3791,15757.218632138982,-12708.07410759147,231.0,-1,-1,-1.0
3792,3792,6288.985516013214,-25993.25966715183,419.0,-1,31,-1.0
3793,3793,21529.843698235643,-11019.088389268,342.0,-1,-1,-1.0
3794,3794,-34709.83300547571,-11956.1739738199,28.0,-1,32,38.0
3795,3795,-25409.087943022503,-8206.313613011753,76.0,-1,-1,-1.0
3796,3796,4493.457971474461,39142.50086163891,149.0,-1,-1,-1.0
3797,3797,27337.190886742697,29097.263751820807,474.0,-1,-1,-1.0
3798,3798,-18529.80490758041,27899.840219617385,140.0,-1,48,59.0
3799,3799,-32506.77606419772,37023.05591358867,275.0,-1,-1,-1.0
3800,3800,11422.983187201768,-35257.83112658982,200.0,-1,4,-1.0
3801,3801,31711.711868847156,-8371.758531334155,131.0,-1,-1,-1.0
3802,3802,25046.406697425664,-31422.05530762517,208.0,-1,-1,-1.0
3803,3803,25869.690382474877,19102.77577620781,375.0,-1,-1,-1.0
3804,3804,-14811.600964478348,-16816.39259111778,424.0,-1,-1,-1.0
3805,3805,-9570.98813154989,8000.300947995674,166.0,-1,27,-1.0
3806,3806,6508.4880302612655,-15904.725852214571,474.0,-1,-1,-1.0
3807,3807,12651.359558287217,-23743.74514631583,233.0,-1,-1,-1.0
3808,3808,33109.30989915591,-33190.77271296368,399.0,-1,-1,-1.0
3809,3809,5650.791684427342,-39844.200883033714,334.0,-1,-1,-1.0
3810,3810,26857.21835834095,-30710.61944603121,464.0,-1,-1,-1.0
3811,3811,23652.560545178138,25376.770419072585,177.0,-1,-1,-1.0
3812,3812,-2080.100046610125,-16733.015396464452,234.0,-1,31,-1.0
3813,3813,-27971.996755769906,-38284.09332018545,138.0,-1,-1,-1.0
3814,3814,25660.34186703365,-4579.513168950856,395.0,-1,-1,-1.0
3815,3815,35312.53480874529,-6754.554351221457,231.0,-1,-1,-1.0
3816,3816,-21349.22705309253,14982.276314216351,173.0,-1,-1,-1.0
3817,3817,-24677.209438738784,-22291.081469896533,483.0,-1,-1,-1.0
3818,3818,-1134.6943365925615,22971.681529863163,85.0,-1,-1,-1.0
3819,3819,-35204.314535193,26730.24859891586,33.0,-1,-1,-1.0
3820,3820,18016.393229165333,1840.4124576080503,399.0,-1,-1,-1.0
3821,3821,27903.250650552844,-25739.371455455614,229.0,-1,-1,-1.0
3822,3822,34473.82352072987,-8831.231916553435,6.0,-1,-1,-1.0
3823,3823,-15863.850240325695,-854.2155003688094,306.0,-1,-1,-1.0
3824,3824,-21321.02281295668,12261.453493067793,154.0,-1,-1,-1.0
3825,3825,7995.254308589923,23322.004653695585,180.0,-1,-1,-1.0
3826,3826,-32237.76384706152,4966.941846572736,441.0,-1,-1,-1.0
3827,3827,20196.555149405474,30255.72970298704,88.0,-1,30,-1.0
3828,3828,25610.79144086884,-37840.795627441286,25.0,-1,-1,-1.0
3829,3829,15391.108247029915,37494.52937701691,121.0,-1,-1,-1.0
3830,3830,-24413.83587186058,-15111.690367535502,462.0,-1,-1,-1.0
3831,3831,-4697.959922247101,2800.1123781440183,409.0,-1,27,-1.0
3832,3832,32911.18006295904,-4281.437666171631,413.0,-1,33,-1.0
3833,3833,37458.78914029608,-8360.840818890418,28.0,-1,-1,-1.0
3834,3834,-8840.93619375431,-4664.430711285837,339.0,-1,-1,-1.0
3835,3835,-19990.838644215022,-17882.145371107246,189.0,8,42,48.0
3836,3836,-20033.23129859757,-17789.233853442816,190.0,8,42,48.0
3837,3837,-19951.55011285113,-17727.679677688204,191.0,8,42,48.0
3838,3838,-20170.27791737511,-17813.187829990187,191.0,8,42,48.0
3839,3839,-19975.32022207115,-17723.077530137714,192.0,8,42,48.0
3840,3840,-19988.20436518626,-17661.86897892251,192.0,8,42,48.0
3841,3841,-20101.129329850555,-17673.46138262658,192.0,8,42,48.0
3842,3842,-20073.471967697085,-17706.70813198626,192.0,8,42,48.0
3843,3843,-20052.676479919497,-17584.241173217866,195.0,8,42,48.0
3844,3844,-19992.923104866783,-17589.78845279513,195.0,8,42,48.0
3845,3845,-20100.390266681014,-17480.65242166094,196.0,8,42,48.0
3846,3846,-20066.027358499712,-17425.220032239504,197.0,8,42,48.0
3847,3847,-19980.655781924703,-17455.276010919857,197.0,8,42,48.0
3848,3848,-19897.09409362749,-17385.005778965242,198.0,8,42,48.0
3849,3849,-19810.96114083513,-17359.850655788676,199.0,8,42,48.0
3850,3850,-19896.207515464823,-17298.79578210991,199.0,8,42,48.0
3851,3851,-19816.89374022815,-17388.80921163105,199.0,8,42,48.0
3852,3852,-19871.784954813345,-17258.708577917267,202.0,8,42,48.0
3853,3853,-19796.043494983376,-17229.59470642836,204.0,8,42,48.0
3854,3854,-19802.20841220751,-17107.91695654515,205.0,8,42,48.0
3855,3855,-19751.52467247585,-17146.308515326007,205.0,8,42,48.0
3856,3856,-19853.55809880128,-17049.534169076906,206.0,8,42,48.0
3857,3857,-19945.39039321959,-17006.992156134926,210.0,8,42,48.0
3858,3858,-19783.31142932068,-17042.13237937426,210.0,8,42,48.0
3859,3859,-19846.185330436296,-16960.600241303422,210.0,8,42,48.0
3860,3860,-19848.93258770506,-16947.530953832764,211.0,8,42,48.0
3861,3861,-19728.68757302713,-16887.443871070038,212.0,8,42,48.0
3862,3862,-19623.991542478805,-16814.009221969874,213.0,8,42,48.0
3863,3863,-19564.72790453916,-16779.41201160871,215.0,8,42,48.0
3864,3864,-19631.74010073904,-16685.50325541197,215.0,8,42,48.0
3865,3865,-19540.709341103306,-16645.173179554513,216.0,8,42,48.0
3866,3866,-19541.007445719337,-16651.22113524282,216.0,8,42,48.0
3867,3867,-19519.143770518047,-16562.29994283812,217.0,8,42,48.0
3868,3868,-19437.165603604182,-16520.634154416974,220.0,8,42,48.0
3869,3869,-19441.08781616625,-16429.96712136786,221.0,8,42,48.0
3870,3870,-19326.53698262852,-16389.93421853463,222.0,8,42,48.0
3871,3871,-19442.788495619512,-16325.227092050987,225.0,8,42,48.0
3872,3872,-19501.62340539277,-16238.151927375731,226.0,8,42,48.0
3873,3873,-19478.09238395188,-16153.835754934356,229.0,8,42,48.0
3874,3874,-19475.80305208947,-16141.255444989833,229.0,8,42,48.0
3875,3875,-19486.93586908705,-16039.226176515043,230.0,8,42,48.0
3876,3876,-19470.365623385875,-16051.196332413609,230.0,8,42,48.0
3877,3877,-19502.96761096265,-16053.248970072478,230.0,8,42,48.0
3878,3878,-19439.46315039964,-15970.624295963613,231.0,8,42,48.0
3879,3879,-19384.754376128083,-16038.271726181323,231.0,8,42,48.0
3880,3880,-19406.36753336961,-15912.844734948394,233.0,8,42,48.0
3881,3881,-19511.315217266016,-15834.550146268131,235.0,8,42,48.0
3882,3882,-19311.60039766024,-15886.777959881909,235.0,8,42,48.0
3883,3883,-19404.30588939179,-15788.571812680424,235.0,8,42,48.0
3884,3884,-19503.463174896784,-15770.58748784521,237.0,8,42,48.0
3885,3885,-19463.11679083268,-15692.326965524451,238.0,8,42,48.0
3886,3886,-19534.3722712305,-15672.58801901727,238.0,8,42,48.0
3887,3887,-19561.178697474177,-15679.081164747451,238.0,8,42,48.0
3888,3888,-19429.82553257527,-15638.699833010596,242.0,8,42,48.0
3889,3889,-19438.71521585074,-15539.35569736145,243.0,8,42,48.0
3890,3890,-19354.1604307416,-15453.966555805651,244.0,8,42,48.0
3891,3891,-19515.43716807052,-15451.816953422504,244.0,8,42,48.0
3892,3892,-19373.22490461617,-15471.108705818877,244.0,8,42,48.0
3893,3893,-19350.282830130123,-15511.237593225396,245.0,8,42,48.0
3894,3894,-19329.071871736043,-15398.530613978686,246.0,8,42,48.0
3895,3895,-19270.593891999084,-15302.98029909636,248.0,8,42,48.0
3896,3896,-19228.46918644079,-15229.741224125995,249.0,8,42,48.0
3897,3897,-19165.51959747489,-15323.387424046625,249.0,8,42,48.0
3898,3898,-19208.654951201668,-15201.479791784606,250.0,8,42,48.0
3899,3899,-19088.79500840732,-15298.678274194428,250.0,8,42,48.0
3900,3900,-19258.55040253875,-15243.032230999814,250.0,8,42,48.0
3901,3901,-19092.507886229407,-15387.238999931638,251.0,8,42,48.0
3902,3902,-19087.92651729428,-15295.147981435512,253.0,8,42,48.0
3903,3903,-19120.37146456644,-15270.02933983731,253.0,8,42,48.0
3904,3904,-19030.22920351708,-15221.775422062226,255.0,8,42,48.0
3905,3905,-19086.85142471944,-15112.206462606982,256.0,8,42,48.0
3906,3906,-19065.076365389214,-14997.34348705565,257.0,8,42,48.0
3907,3907,-19136.93823681001,-15024.48205990196,257.0,8,42,48.0
3908,3908,-19013.99934055337,-14948.243785557625,261.0,8,42,48.0
3909,3909,-19096.471670199204,-14860.76982792189,262.0,8,42,48.0
3910,3910,-19177.42919864235,-14836.649947762746,264.0,8,42,48.0
3911,3911,-19092.29115401184,-14774.976715700794,265.0,8,42,48.0
3912,3912,-19178.397321515306,-14731.97802473428,265.0,8,42,48.0
3913,3913,-19029.540451321354,-14788.706653816373,266.0,8,42,48.0
3914,3914,-19044.263249296167,-14671.908206278931,267.0,8,42,48.0
3915,3915,-18982.279012183066,-14730.769811525784,268.0,8,42,48.0
3916,3916,-19008.502298701216,-14541.870867987856,268.0,8,42,48.0
3917,3917,-18961.131031097804,-14569.2546976469,269.0,8,42,48.0
3918,3918,-18885.93279882237,-14500.722833749369,271.0,8,42,48.0
3919,3919,-18875.07803274658,-14389.414892045288,274.0,8,42,48.0
3920,3920,-18878.882233097236,-14328.69987827461,276.0,8,42,48.0
3921,3921,-18865.467559132376,-14293.347315562516,276.0,8,42,48.0
3922,3922,-18825.549823913578,-14349.753961169266,276.0,8,42,48.0
3923,3923,-18810.880926348484,-14258.546974306944,277.0,8,42,48.0
3924,3924,-18796.165316609044,-14172.29651241256,278.0,8,42,48.0
3925,3925,-18790.861938624457,-14154.498667991336,278.0,8,42,48.0
3926,3926,-18855.0433344731,-14109.050083794584,283.0,8,42,48.0
3927,3927,-18808.27283539864,-14062.884521414258,283.0,8,42,48.0
3928,3928,-18714.95843030171,-14138.404243327728,284.0,8,42,48.0
3929,3929,-18649.21963494709,-14068.48105132279,286.0,8,42,48.0
3930,3930,-18575.95601530073,-14031.80655715996,287.0,8,42,48.0
3931,3931,-18789.60190577116,-14043.516638033923,287.0,8,42,48.0
3932,3932,-18714.807004466325,-13918.922467440756,288.0,8,42,48.0
3933,3933,-18710.0340350692,-13959.917708212,288.0,8,42,48.0
3934,3934,-18762.50295874502,-13946.16174394411,288.0,8,42,48.0
3935,3935,-18738.919119707352,-13846.727692847662,291.0,8,42,48.0
3936,3936,-18698.005294381637,-13863.744704629582,291.0,8,42,48.0
3937,3937,-18645.77252986062,-13871.71628194124,291.0,8,42,48.0
3938,3938,-18650.206887320182,-13902.52345994702,291.0,8,42,48.0
3939,3939,-18700.046331909827,-13808.995391158773,295.0,8,42,48.0
3940,3940,-18683.98426558782,-13775.198941040277,295.0,8,42,48.0
3941,3941,-18697.592696386702,-13680.126300195408,296.0,8,42,48.0
3942,3942,-18682.48858338923,-13726.92116816748,296.0,8,42,48.0
3943,3943,-18618.04120927456,-13617.74211226531,297.0,8,42,48.0
3944,3944,-18625.78900471718,-13736.72516018224,297.0,8,42,48.0
3945,3945,-18607.179412843558,-13562.265334408852,300.0,8,42,48.0
3946,3946,-18506.73802269206,-13492.445938449417,301.0,8,42,48.0
3947,3947,-18517.77955414889,-13533.282608213804,301.0,8,42,48.0
3948,3948,-18405.61067198129,-13455.56441250678,302.0,8,42,48.0
3949,3949,-18552.08065290702,-13439.040387372484,302.0,8,42,48.0
3950,3950,-18486.33474073273,-13386.854628323945,302.0,8,42,48.0
3951,3951,-18425.235644918837,-13329.4565762412,303.0,8,42,48.0
3952,3952,-15121.33104551043,-21199.966086855016,95.0,-1,-1,-1.0
3953,3953,-5009.994050810048,5206.423905308489,318.0,-1,27,-1.0
3954,3954,12239.875461940908,-15782.848409349244,35.0,-1,-1,-1.0
3955,3955,-30620.36681618678,7159.30655242013,409.0,-1,-1,-1.0
3956,3956,-2856.345954708515,-35565.43994465998,357.0,-1,-1,-1.0
3957,3957,39712.01622775216,-28178.871685098777,371.0,-1,-1,-1.0
3958,3958,8874.675271674256,28364.04981911571,62.0,-1,-1,-1.0
3959,3959,-25174.36993443047,7784.415005273819,336.0,-1,-1,-1.0
3960,3960,24232.482200068705,22213.607145915597,470.0,-1,-1,-1.0
3961,3961,-29232.036709769345,20901.701705392945,294.0,-1,-1,-1.0
3962,3962,14399.098727611345,390.13795543145534,399.0,-1,2,-1.0
3963,3963,35194.26198186487,-12195.76966942367,418.0,-1,-1,-1.0
3964,3964,-1172.5404096463535,5486.028864152067,380.0,-1,27,-1.0
3965,3965,21544.398218142695,822.2822570809658,448.0,-1,-1,-1.0
3966,3966,33831.184059532054,-8233.479970330412,11.0,-1,33,-1.0
3967,3967,-32387.106388860477,-11759.70464675138,371.0,-1,-1,-1.0
3968,3968,5403.063058898893,-39528.63098742016,243.0,-1,-1,-1.0
3969,3969,-12167.55255206527,17193.17643974886,442.0,-1,-1,-1.0
3970,3970,-14489.710550186246,3581.6222428143883,49.0,-1,-1,-1.0
3971,3971,6462.3611551991125,8600.021478696035,98.0,-1,-1,-1.0
3972,3972,-24699.40723509148,27748.3731151189,478.0,-1,-1,-1.0
3973,3973,-12466.514664510076,35497.92684469624,119.0,-1,48,-1.0
3974,3974,14059.120766731425,23660.31777557368,97.0,-1,-1,-1.0
3975,3975,13376.104049914364,38247.15190968868,181.0,-1,-1,-1.0
3976,3976,1655.8401387891718,9296.007224478051,468.0,-1,27,-1.0
3977,3977,18476.931385617037,36755.33232335317,7.0,-1,-1,-1.0
3978,3978,-15760.63733628203,-3885.593094731179,112.0,-1,-1,-1.0
3979,3979,-3509.585449369588,-4558.357177550657,347.0,-1,-1,-1.0
3980,3980,13707.38830043131,-37317.630419639085,468.0,-1,4,-1.0
3981,3981,-158.84097140238737,-18707.04035067648,349.0,-1,31,35.0
3982,3982,2384.957214073874,33773.93602412625,407.0,-1,48,-1.0
3983,3983,-31259.338121773784,-7960.313717364756,117.0,-1,41,47.0
3984,3984,10584.2210889025,-15819.221346968665,260.0,-1,-1,-1.0
3985,3985,-26825.53830641189,36150.020138187305,98.0,-1,-1,-1.0
3986,3986,-22882.6960398632,22296.133671364038,318.0,-1,-1,-1.0
3987,3987,-13908.228144788656,2263.844005859304,287.0,-1,-1,-1.0
3988,3988,-29865.91745836117,-5005.084753508323,63.0,-1,41,-1.0
3989,3989,-16588.35210891878,19493.941976031438,474.0,-1,-1,-1.0
3990,3990,-28870.21246574348,-37794.22504315257,452.0,-1,-1,-1.0
3991,3991,-38450.72851202122,-27702.212693427377,47.0,-1,-1,-1.0
3992,3992,25558.34672894776,38501.66706726138,4.0,-1,30,-1.0
3993,3993,23289.74227197213,3389.9178768248894,398.0,-1,-1,-1.0
3994,3994,-26891.26544214158,-32619.092891338973,308.0,-1,-1,-1.0
3995,3995,-25525.88860951417,-24738.65949899797,151.0,-1,38,-1.0
3996,3996,8893.762657948871,16902.89006522688,74.0,-1,-1,-1.0
3997,3997,-14357.56405812379,-27521.134349134903,125.0,-1,17,-1.0
3998,3998,27392.27366972252,-19581.16149060901,54.0,-1,45,-1.0
3999,3999,-25832.71504786178,14914.17319997074,39.0,-1,-1,-1.0
4000,4000,-29252.511045378087,23187.061462613758,84.0,-1,-1,-1.0
4001,4001,-15401.402377572016,8547.418608041247,422.0,-1,-1,-1.0
4002,4002,-17036.05391253639,3098.094003918748,45.0,-1,-1,-1.0
4003,4003,-21505.80215015367,27965.071102914924,167.0,-1,-1,-1.0
4004,4004,-5092.586596257112,-35309.71886401274,261.0,-1,-1,-1.0
4005,4005,4104.024573547766,-18410.39527970404,245.0,-1,-1,-1.0
4006,4006,-29311.977169103902,38245.66558364613,479.0,-1,-1,-1.0
4007,4007,4581.135287006422,-31288.149324415084,226.0,-1,1,-1.0
4008,4008,-18743.867476377847,2584.854632075687,294.0,-1,-1,-1.0
4009,4009,1188.7795481910507,-17681.551925124433,173.0,-1,31,-1.0
4010,4010,5531.122305901336,18164.887591385508,420.0,-1,-1,-1.0
4011,4011,22994.887428762253,-11900.863723509538,349.0,-1,-1,-1.0
4012,4012,-21470.704848736383,-15459.72286617001,397.0,-1,-1,-1.0
4013,4013,-34995.504235439395,15359.846292273607,431.0,-1,24,-1.0
4014,4014,25509.131074858204,-18471.62245104177,68.0,-1,-1,-1.0
4015,4015,36467.50679458992,14695.753991687025,372.0,-1,28,-1.0
4016,4016,-11051.379830234946,11152.712473743171,30.0,-1,-1,-1.0
4017,4017,35108.15118780536,-26375.87727600243,283.0,-1,45,-1.0
4018,4018,13703.436538084716,-38869.49518986938,290.0,-1,4,-1.0
4019,4019,24842.94743710008,-11158.006802279408,457.0,-1,-1,-1.0
4020,4020,-7211.477108883038,-32254.293706121254,495.0,-1,35,-1.0
4021,4021,15883.559550161,-26443.420735891214,372.0,-1,-1,-1.0
4022,4022,13746.993550700958,4273.717601982447,293.0,-1,-1,-1.0
4023,4023,12405.221714454485,-25446.42118493781,384.0,-1,-1,-1.0
4024,4024,8315.44737501545,-39271.33224777223,72.0,-1,-1,-1.0
4025,4025,-39091.308818931575,-13898.701118440658,119.0,-1,-1,-1.0
4026,4026,35978.64735544809,-25744.54902271053,307.0,-1,45,-1.0
4027,4027,35770.40670266953,-34954.73338372936,83.0,-1,21,-1.0
4028,4028,-21621.015109022814,-4314.124084820389,147.0,-1,-1,-1.0
4029,4029,-23538.379729375167,39769.219133519175,365.0,-1,-1,-1.0
4030,4030,-4441.535195033808,-6464.87913278614,239.0,-1,-1,-1.0
4031,4031,-31826.489001122507,-26391.989299824672,111.0,-1,-1,-1.0
4032,4032,38152.449906401336,22377.389658547872,403.0,-1,-1,-1.0
4033,4033,34114.67280950313,31182.116958713,287.0,-1,-1,-1.0
4034,4034,20458.10423473046,5413.482354033513,262.0,-1,-1,-1.0
4035,4035,5860.992018428588,29426.35822437222,452.0,-1,48,-1.0
4036,4036,12908.546587580968,-8209.706688870552,392.0,-1,-1,-1.0
4037,4037,-21137.48470695393,13019.600634759763,416.0,-1,-1,-1.0
4038,4038,-26414.49339117248,-25393.41489222448,166.0,-1,38,-1.0
4039,4039,-3705.667967001995,-2039.235378067533,213.0,-1,-1,-1.0
4040,4040,36036.702789330186,33288.722003993535,320.0,-1,-1,-1.0
4041,4041,13352.292565898744,-19887.537086884207,72.0,-1,-1,-1.0
4042,4042,-12246.08860375575,-10057.13870739469,334.0,-1,-1,-1.0
4043,4043,-26536.25520934238,2152.2719407358672,392.0,-1,-1,-1.0
4044,4044,-38397.03846535438,37468.75643395064,143.0,-1,-1,-1.0
4045,4045,-26249.455349311786,-15275.62105572681,409.0,-1,-1,-1.0
4046,4046,-2892.094030745262,32532.84903263746,178.0,-1,48,-1.0
4047,4047,-34474.16896130522,-12542.237203038769,30.0,-1,-1,-1.0
4048,4048,-18923.57344364617,-35616.61425042807,339.0,-1,-1,-1.0
4049,4049,23154.580130915303,-24960.26984241024,114.0,-1,-1,-1.0
4050,4050,-23783.211588142272,-24109.69259483193,414.0,-1,-1,-1.0
4051,4051,-38111.4974339513,-29829.13299531473,363.0,-1,20,-1.0
4052,4052,-19684.110078092515,1958.14755165844,417.0,-1,-1,-1.0
4053,4053,-1872.6443554816212,-7988.927977153857,34.0,-1,31,-1.0
4054,4054,7007.10639515605,-34988.88138091244,205.0,-1,1,-1.0
4055,4055,12.466229610341545,-11278.274317111149,134.0,-1,31,-1.0
4056,4056,-15778.916512289954,19939.29025347285,231.0,-1,-1,-1.0
4057,4057,-7030.4845527343205,-22230.57055440436,214.0,-1,-1,-1.0
4058,4058,-34495.53249252596,12260.590842136737,484.0,-1,24,-1.0
4059,4059,-30079.78387171167,-5404.2692043329225,415.0,-1,41,-1.0
4060,4060,13181.543861153556,22646.615725474658,390.0,-1,-1,-1.0
4061,4061,24970.79131978092,30496.176283741137,367.0,-1,-1,-1.0
4062,4062,-20594.828736292864,37348.77144031008,293.0,-1,-1,-1.0
4063,4063,-1046.182054662946,-19413.84296085018,65.0,-1,31,-1.0
4064,4064,26333.08780013488,-29354.489807070717,108.0,-1,45,-1.0
4065,4065,32503.77106348578,24192.15182665116,206.0,-1,-1,-1.0
4066,4066,-9315.433839230423,-23434.319306323843,86.0,-1,-1,-1.0
4067,4067,-537.2874082441922,28626.47438682732,176.0,-1,-1,-1.0
4068,4068,3981.0155541275744,-21892.525565705357,222.0,-1,31,-1.0
4069,4069,-7960.922191317171,-17103.461589725608,351.0,-1,-1,-1.0
4070,4070,3101.2756818789203,4456.171793754591,41.0,-1,14,-1.0
4071,4071,-35711.63327272027,35076.74962016464,28.0,-1,5,-1.0
4072,4072,-39173.44654456343,25112.622686990864,484.0,-1,-1,-1.0
4073,4073,28650.34985869906,36396.22256532645,396.0,-1,11,-1.0
4074,4074,21861.514651994592,15726.143626615572,465.0,-1,18,-1.0
4075,4075,-16763.643151920667,-25128.971448447803,180.0,-1,36,-1.0
4076,4076,24217.40763432123,-29645.50203397838,354.0,-1,-1,-1.0
4077,4077,9032.835349410168,-39621.837884944944,331.0,-1,-1,-1.0
4078,4078,-27681.24799632176,34187.48594347446,215.0,-1,-1,-1.0
4079,4079,-33494.89817249732,-6080.327172873469,488.0,-1,-1,-1.0
4080,4080,-10313.996204722836,-35227.37805154497,389.0,-1,-1,-1.0
4081,4081,-19977.91542825999,-12096.350835978164,127.0,-1,-1,-1.0
4082,4082,17187.10136322338,12682.701852735663,369.0,-1,-1,-1.0
4083,4083,12555.8395283582,28455.261349051783,351.0,-1,-1,-1.0
4084,4084,31225.520184884543,-12704.103298223614,304.0,-1,-1,-1.0
4085,4085,-25602.55350879691,-15982.421505134203,208.0,-1,-1,-1.0
4086,4086,-18304.96942848975,13482.407526915951,234.0,-1,-1,-1.0
4087,4087,-4331.563928546762,18007.1579182168,370.0,-1,-1,-1.0
4088,4088,33911.5911933226,4496.703831829254,299.0,-1,28,-1.0
4089,4089,-11720.352122550245,24158.68436164807,291.0,-1,-1,-1.0
4090,4090,-3623.450170312121,9358.414049861864,258.0,-1,27,-1.0
4091,4091,33672.536999584525,21379.21328896965,248.0,-1,-1,-1.0
4092,4092,10125.48320927241,29552.387917470085,98.0,-1,-1,-1.0
4093,4093,139.7997568759456,-36218.35993620604,334.0,-1,-1,-1.0
4094,4094,26720.569757709996,34918.10563475768,391.0,-1,30,-1.0
4095,4095,-30867.62068971081,-5803.098724564035,99.0,-1,41,-1.0
4096,4096,-25291.160148671777,18898.65145615481,27.0,-1,37,-1.0
4097,4097,16918.171335737818,3367.322445991369,244.0,-1,2,-1.0
4098,4098,9400.425792107431,-20051.55052549441,313.0,-1,-1,-1.0
4099,4099,-16167.32613025648,-29126.12573686608,123.0,-1,36,-1.0
4100,4100,-22598.489527206355,-34920.75696837481,40.0,-1,12,-1.0
4101,4101,-37599.66687858816,-36757.21576999352,332.0,-1,-1,-1.0
4102,4102,9994.80340380084,-1378.9481871135868,87.0,-1,-1,-1.0
4103,4103,-17373.825524927932,34836.233187385034,42.0,-1,-1,-1.0
4104,4104,13353.750273328837,20298.559230319494,259.0,-1,-1,-1.0
4105,4105,-3155.844236908568,39783.482653208936,334.0,-1,-1,-1.0
4106,4106,356.407852323573,30274.85634681958,240.0,-1,48,-1.0
4107,4107,-1024.504295368817,25851.802137039616,85.0,-1,-1,-1.0
4108,4108,-12515.354942666236,22360.73590746404,93.0,-1,-1,-1.0
4109,4109,-8351.475732924384,4458.12304865945,64.0,-1,27,-1.0
4110,4110,-7855.530643361926,824.9467984418734,124.0,-1,-1,-1.0
4111,4111,26017.25743160676,-17793.484426494208,173.0,-1,45,51.0
4112,4112,15694.590973830993,18499.860640213134,230.0,-1,-1,-1.0
4113,4113,1391.4002382515828,-38516.36466257481,435.0,-1,-1,-1.0
4114,4114,-11256.00004826502,-21083.656189100035,179.0,-1,-1,-1.0
4115,4115,-29208.04142429598,-3322.2799546807,402.0,-1,41,47.0
4116,4116,14482.62496293334,8994.250422711324,309.0,-1,2,-1.0
4117,4117,11840.462534039783,20385.221366681297,322.0,-1,-1,-1.0
4118,4118,39560.22078722353,-18085.443520893143,375.0,-1,-1,-1.0
4119,4119,2512.271401133963,38744.47863298333,316.0,-1,-1,-1.0
4120,4120,24429.152050102908,17065.22120487057,228.0,-1,-1,-1.0
4121,4121,-17630.947730038002,37523.69417987793,226.0,-1,-1,-1.0
4122,4122,-14116.669933418998,-14998.046199382456,356.0,-1,-1,-1.0
4123,4123,15540.679141923065,14916.89161775686,451.0,-1,-1,-1.0
4124,4124,1794.183016780633,-9691.984893063363,435.0,-1,31,35.0
4125,4125,-22488.63932063968,-9135.511812854704,164.0,-1,-1,-1.0
4126,4126,14676.115034973956,17480.274652162472,309.0,-1,-1,-1.0
4127,4127,24446.601270554493,35632.59526600149,65.0,-1,-1,-1.0
4128,4128,-2522.408883826123,35449.46205005348,244.0,-1,48,57.0
4129,4129,-28342.17629387505,-37409.72039833779,111.0,-1,-1,-1.0
4130,4130,34365.07343968871,34797.800906818695,211.0,-1,11,-1.0
4131,4131,38219.03173461523,-35738.16160394646,301.0,-1,-1,-1.0
4132,4132,-11461.376734045723,-11367.774431367705,395.0,-1,-1,-1.0
4133,4133,37073.36827861474,4607.465460927568,373.0,-1,28,32.0
4134,4134,-2913.403250895936,30770.03991490221,339.0,-1,-1,-1.0
4135,4135,-24950.84939318692,-28457.172569158392,297.0,-1,38,-1.0
4136,4136,36329.640315134166,-8262.649062653083,82.0,-1,-1,-1.0
4137,4137,21200.4081124015,22878.26821992201,168.0,-1,18,-1.0
4138,4138,-22221.991778483472,27694.336094372906,423.0,-1,-1,-1.0
4139,4139,6094.162962663853,37523.08155922945,84.0,-1,-1,-1.0
4140,4140,-37478.06517655691,33360.58195042999,107.0,-1,5,-1.0
4141,4141,-20447.16674557896,-34254.40291844681,468.0,-1,-1,-1.0
4142,4142,-17967.063760080313,7147.13318581941,229.0,-1,26,-1.0
4143,4143,-24312.66336548652,4038.8518219529,152.0,-1,-1,-1.0
4144,4144,39333.18705846068,17509.50123377722,419.0,-1,-1,-1.0
4145,4145,362.4110772238855,14627.018993010452,257.0,-1,8,-1.0
4146,4146,26570.01072037853,-7025.724027510136,18.0,-1,-1,-1.0
4147,4147,32470.702122102288,-9117.664826556196,17.0,-1,-1,-1.0
4148,4148,18894.84289283355,21651.25585185331,473.0,-1,-1,-1.0
4149,4149,-32685.908214671785,-22569.036242232996,478.0,-1,39,-1.0
4150,4150,3978.4754401819737,-6387.270085136355,442.0,-1,-1,-1.0
4151,4151,-17362.4283108355,16270.681503542495,151.0,-1,-1,-1.0
4152,4152,-34983.30420624864,-33208.35873153089,205.0,-1,-1,-1.0
4153,4153,-26448.20469594139,-28865.83015279485,209.0,-1,-1,-1.0
4154,4154,-6867.111559091958,28133.94151593352,273.0,-1,48,-1.0
4155,4155,-35980.38589322581,-10039.128162676285,372.0,-1,32,38.0
4156,4156,20917.818589181137,-1988.2194805332765,362.0,-1,-1,-1.0
4157,4157,37942.83942118331,-5034.969920436583,340.0,-1,-1,-1.0
4158,4158,-20817.25181520081,-19991.904426509056,199.0,-1,-1,-1.0
4159,4159,-16554.096122342522,27014.4374860948,372.0,-1,-1,-1.0
4160,4160,25265.530343868813,-38141.12664262162,386.0,-1,-1,-1.0
4161,4161,-6068.068205347285,36108.44281086777,241.0,-1,48,57.0
4162,4162,35200.41975319294,-10846.276403783451,5.0,-1,33,-1.0
4163,4163,27580.336455541736,-18521.045404364704,457.0,-1,45,-1.0
4164,4164,-31844.220138717745,-9015.303314613218,278.0,-1,-1,-1.0
4165,4165,31673.03751141572,-25105.53082077603,235.0,-1,-1,-1.0
4166,4166,-17949.511882477676,-19925.00297931917,437.0,-1,-1,-1.0
4167,4167,30924.97355740417,-35898.90609166067,255.0,-1,-1,-1.0
4168,4168,14417.351934091348,-39001.000604150446,379.0,-1,-1,-1.0
4169,4169,-27254.969145728617,-23485.01125937101,325.0,-1,-1,-1.0
4170,4170,1614.4477978554205,16093.603338394314,235.0,-1,-1,-1.0
4171,4171,-7834.38328095551,-23816.06075942087,45.0,-1,7,-1.0
4172,4172,-25868.770134384773,38586.02353858824,236.0,-1,-1,-1.0
4173,4173,-9916.691279098428,23186.59594568288,267.0,-1,-1,-1.0
4174,4174,-14981.275908402296,3944.078221649026,118.0,-1,26,-1.0
4175,4175,-3378.856655357493,-10002.055716442406,417.0,-1,31,-1.0
4176,4176,-25833.37785957457,-27822.05306690874,301.0,-1,-1,-1.0
4177,4177,-22060.47010383704,-24492.34215917132,471.0,-1,36,-1.0
4178,4178,-22271.34635673839,31011.13595143301,439.0,-1,-1,-1.0
4179,4179,-39266.54492233076,-31535.23443997596,145.0,-1,-1,-1.0
4180,4180,13957.365392341686,-12521.337103613438,45.0,-1,-1,-1.0
4181,4181,3793.2720924404784,-28611.75252819778,468.0,-1,-1,-1.0
4182,4182,-605.1541247093337,23643.50572829993,224.0,-1,-1,-1.0
4183,4183,2463.3784420001466,21026.456728684112,6.0,-1,46,54.0
4184,4184,32743.14295736971,16173.069851468224,114.0,-1,-1,-1.0
4185,4185,-28959.99727958753,-16535.974788473817,416.0,-1,-1,-1.0
4186,4186,4474.573678239751,-10924.552076002848,51.0,-1,31,-1.0
4187,4187,-23641.22602939781,-32473.96816504172,401.0,-1,-1,-1.0
4188,4188,-14371.876217170391,37271.64443120787,135.0,-1,-1,-1.0
4189,4189,22164.36019936136,14009.515480423475,128.0,-1,-1,-1.0
4190,4190,30888.686771324705,-30178.52661092373,134.0,-1,-1,-1.0
4191,4191,-35726.27436609492,-18844.810286401127,49.0,-1,-1,-1.0
4192,4192,3236.0173395420206,-16474.08823152409,381.0,-1,31,-1.0
4193,4193,15454.700107452954,-29021.95864217092,400.0,-1,3,-1.0
4194,4194,-1099.0917654204604,24649.61057660066,362.0,-1,-1,-1.0
4195,4195,11095.59370524266,-3418.58111881918,467.0,-1,-1,-1.0
4196,4196,-12715.089902765372,-28392.89526786004,494.0,-1,-1,-1.0
4197,4197,7883.638414620036,-4800.183001577228,434.0,-1,-1,-1.0
4198,4198,2413.2319734194025,14778.04103712635,195.0,-1,8,-1.0
4199,4199,25231.735844004776,-11981.227011460847,261.0,-1,-1,-1.0
4200,4200,-20503.9748106293,34479.32882178982,339.0,-1,-1,-1.0
4201,4201,5004.512438594014,-1655.416717128668,93.0,-1,-1,-1.0
4202,4202,-12900.420116774683,5513.127034471763,460.0,-1,-1,-1.0
4203,4203,-36999.496933906354,14067.288231175022,495.0,-1,-1,-1.0
4204,4204,14413.170814505866,1475.2119808608622,187.0,-1,2,-1.0
4205,4205,24702.67190803682,28419.541389813967,14.0,-1,-1,-1.0
4206,4206,-9591.116539342089,27642.961586221776,370.0,-1,48,-1.0
4207,4207,-5111.544026256481,21481.27887182111,209.0,-1,-1,-1.0
4208,4208,26694.03820258251,-30545.969968419493,307.0,-1,-1,-1.0
4209,4209,30880.73094679971,-20769.881720566136,304.0,-1,45,51.0
4210,4210,29202.599181707687,1144.0307920350097,386.0,-1,-1,-1.0
4211,4211,-1970.8073756895683,31354.99770179857,144.0,-1,48,-1.0
4212,4212,6831.655324034728,-35624.55802093326,16.0,-1,1,-1.0
4213,4213,2950.0978019516333,22004.48647423803,145.0,-1,46,-1.0
4214,4214,37884.82342187072,-2426.166428844641,275.0,-1,28,-1.0
4215,4215,-26721.310396599707,23116.729366798143,59.0,-1,-1,-1.0
4216,4216,26909.6900398687,-28470.860214481792,384.0,-1,45,-1.0
4217,4217,6209.702715375111,-15515.344354067678,41.0,-1,31,-1.0
4218,4218,-25920.43230277337,39058.60623950782,281.0,-1,-1,-1.0
4219,4219,16402.01750604975,5836.286409879365,392.0,-1,2,-1.0
4220,4220,18857.032564074696,-1345.9043003574698,13.0,-1,-1,-1.0
4221,4221,-19009.73526855361,-39740.147945283126,79.0,-1,-1,-1.0
4222,4222,-5653.709778415192,30680.996623053117,297.0,-1,-1,-1.0
4223,4223,6527.803652045659,-38196.14850493355,72.0,-1,-1,-1.0
4224,4224,22553.06109838566,-39957.49431407172,50.0,-1,-1,-1.0
4225,4225,3569.048260772739,-35263.572116434,254.0,-1,-1,-1.0
4226,4226,29114.99258265829,-8934.452796913029,469.0,-1,-1,-1.0
4227,4227,-19839.549018154223,29068.490005784508,471.0,-1,48,61.0
4228,4228,-10326.228415677178,6740.8105749771785,441.0,-1,-1,-1.0
4229,4229,-4659.045768127515,-2931.4799333130286,402.0,-1,-1,-1.0
4230,4230,-10041.66646422111,-26931.03723895696,442.0,-1,17,-1.0
4231,4231,18733.286848135023,32955.900846577904,157.0,-1,-1,-1.0
4232,4232,-23358.9723206588,18657.31514702953,237.0,-1,37,-1.0
4233,4233,-34479.91253444191,-3102.846637941708,380.0,-1,-1,-1.0
4234,4234,-20528.86903068285,-18692.50522340916,387.0,-1,42,-1.0
4235,4235,39379.51730480758,-36362.17090721672,362.0,-1,-1,-1.0
4236,4236,31148.35434996916,-7874.676398637021,423.0,-1,-1,-1.0
4237,4237,26069.161514826133,34381.13815679132,149.0,-1,30,-1.0
4238,4238,-14326.024896572588,35541.069999546016,302.0,-1,48,-1.0
4239,4239,30676.803029485964,-8127.826252905575,293.0,-1,-1,-1.0
4240,4240,25305.00978257812,-32775.65599222882,98.0,-1,-1,-1.0
4241,4241,-12095.117795016837,27849.74503032434,260.0,-1,48,61.0
4242,4242,24096.30276343511,-22130.26572684757,86.0,-1,-1,-1.0
4243,4243,-17890.46561714682,37683.13684056744,404.0,-1,-1,-1.0
4244,4244,-21855.339158245675,16809.641626114142,370.0,-1,-1,-1.0
4245,4245,-21387.064090625536,12530.654950002936,341.0,-1,-1,-1.0
4246,4246,-37799.97579306699,-2266.309127151231,238.0,-1,-1,-1.0
4247,4247,6094.900062367058,-8333.931847229393,17.0,-1,31,-1.0
4248,4248,-5860.417942967048,5251.354714786183,195.0,-1,-1,-1.0
4249,4249,-37891.82295451883,-20550.497383588747,81.0,-1,0,-1.0
4250,4250,-8905.27818950442,-9779.794138761685,286.0,-1,31,-1.0
4251,4251,-37476.56028309576,-20866.704073183577,50.0,-1,0,-1.0
4252,4252,18751.43072461224,-12683.417105514996,366.0,-1,44,50.0
4253,4253,22299.720461335404,-1215.7876939640628,299.0,-1,-1,-1.0
4254,4254,-3814.696453260876,-1741.0625288766314,388.0,-1,-1,-1.0
4255,4255,19061.13452918756,25053.708484733383,180.0,-1,-1,-1.0
4256,4256,-35992.89899663996,-11920.080102722412,319.0,-1,32,38.0
4257,4257,10757.05553159272,20473.40847647231,133.0,-1,-1,-1.0
4258,4258,-18450.474183638573,-7568.792901559693,93.0,-1,-1,-1.0
4259,4259,-1575.1698348847058,22788.664202207307,466.0,-1,-1,-1.0
4260,4260,662.6828857879736,1627.3847132075753,1.0,-1,22,-1.0
4261,4261,1715.048264034769,19947.89423812636,346.0,-1,46,-1.0
4262,4262,-34445.20461223472,-23323.7530595052,85.0,-1,39,-1.0
4263,4263,16051.297362187956,-21818.703464192007,8.0,-1,-1,-1.0
4264,4264,35075.415655919176,39826.49657774989,160.0,-1,-1,-1.0
4265,4265,-10063.438966281978,28444.53059094635,358.0,-1,-1,-1.0
4266,4266,-26039.980677902822,20624.800055116524,150.0,-1,-1,-1.0
4267,4267,-2808.011811739023,-34373.54600004741,77.0,-1,-1,-1.0
4268,4268,-35799.35435863392,29677.240898204924,230.0,-1,-1,-1.0
4269,4269,30130.31106737396,29306.464205243334,252.0,-1,10,-1.0
4270,4270,38978.05350857669,-31425.44872211075,449.0,-1,-1,-1.0
4271,4271,-25501.428713033754,23320.57336807459,262.0,-1,-1,-1.0
4272,4272,-149.69552012379427,-36815.574997102834,239.0,-1,-1,-1.0
4273,4273,-5709.714466395672,-2739.480448122464,400.0,-1,-1,-1.0
4274,4274,-37792.34654232122,24296.522762416127,215.0,-1,23,-1.0
4275,4275,26674.68310096576,-7552.873138564235,439.0,-1,-1,-1.0
4276,4276,-39706.42883251215,1227.5178607263515,120.0,-1,-1,-1.0
4277,4277,7362.976289564853,11754.454652348584,310.0,-1,8,-1.0
4278,4278,9832.424022062594,-1249.543859401092,324.0,-1,-1,-1.0
4279,4279,-19880.722080779084,-31963.58987192178,33.0,-1,-1,-1.0
4280,4280,8097.050650131932,34873.30174773326,68.0,-1,-1,-1.0
4281,4281,10281.255769613512,-32670.10946326472,373.0,-1,-1,-1.0
4282,4282,16896.846006034757,7932.65385946216,167.0,-1,2,-1.0
4283,4283,-39913.06937671302,29856.690119443025,214.0,-1,-1,-1.0
4284,4284,13296.52868835532,-26425.67661008769,403.0,-1,3,-1.0
4285,4285,-8437.858297549516,5088.506789150692,83.0,-1,27,-1.0
4286,4286,2188.731441074204,-3739.789062100768,198.0,-1,-1,-1.0
4287,4287,-3249.676135601425,26813.573420558547,460.0,-1,48,-1.0
4288,4288,27125.349944947244,19317.836098414016,167.0,-1,-1,-1.0
4289,4289,-29306.490627310755,-28201.7376206694,273.0,-1,-1,-1.0
4290,4290,27818.575954505795,-3519.532894575372,483.0,-1,-1,-1.0
4291,4291,23333.34287940967,-34632.894125530234,165.0,-1,-1,-1.0
4292,4292,30901.51049099723,-36041.774136755135,468.0,-1,-1,-1.0
4293,4293,-34615.01804752632,-8049.893663541148,121.0,-1,-1,-1.0
4294,4294,31879.101596521723,18570.20562662198,407.0,-1,28,-1.0
4295,4295,-8608.222605443894,15020.72374062836,119.0,-1,-1,-1.0
4296,4296,-7568.292239944094,30883.02924141228,422.0,-1,-1,-1.0
4297,4297,-38812.86661514196,1180.9935186925286,415.0,-1,-1,-1.0
4298,4298,-23961.125747751343,-33948.316899327154,491.0,-1,12,-1.0
4299,4299,10029.156348583434,12894.12461978283,305.0,-1,-1,-1.0
4300,4300,-17096.084085254148,-30107.867246533893,174.0,-1,36,42.0
4301,4301,-15823.336444563743,10387.724058644882,397.0,-1,-1,-1.0
4302,4302,-8485.16359229029,-11888.163020621889,297.0,-1,31,-1.0
4303,4303,18574.34256483265,39834.0584857154,38.0,-1,-1,-1.0
4304,4304,24520.147330701948,19106.502164238,323.0,-1,-1,-1.0
4305,4305,-29038.212107964573,-30072.661892174143,196.0,-1,-1,-1.0
4306,4306,-1510.5696954827872,1218.5068720776037,305.0,-1,22,-1.0
4307,4307,6632.920365396763,7714.203504366444,5.0,-1,-1,-1.0
4308,4308,28170.93098483658,-20775.12709941584,316.0,-1,45,-1.0
4309,4309,15352.168168279226,4490.031756295772,329.0,-1,-1,-1.0
4310,4310,11825.474219523014,21604.80572091693,304.0,-1,-1,-1.0
4311,4311,10447.096983146655,-7149.356974376729,325.0,-1,13,-1.0
4312,4312,-4900.809650512034,-14414.646419970377,430.0,-1,31,35.0
4313,4313,32728.913978633645,25046.808252256844,324.0,-1,-1,-1.0
4314,4314,30214.02581585219,9288.045721408336,496.0,-1,-1,-1.0
4315,4315,-34460.32362965601,-21290.39815605446,201.0,-1,-1,-1.0
4316,4316,2166.804011271168,-33941.71766229547,448.0,-1,1,-1.0
4317,4317,27332.107735440964,-19124.787629675327,240.0,-1,45,51.0
4318,4318,29526.31374234517,-39377.60360205836,490.0,-1,-1,-1.0
4319,4319,-25767.92606961248,-12597.304082871306,148.0,-1,-1,-1.0
4320,4320,-37208.9212408793,28410.58454252714,335.0,-1,-1,-1.0
4321,4321,-34627.65748756909,23473.232119780943,3.0,-1,-1,-1.0
4322,4322,-12748.605778636986,39823.575239657366,341.0,-1,-1,-1.0
4323,4323,6739.642685474013,-29594.466576066887,16.0,-1,-1,-1.0
4324,4324,-14711.377231521208,-33582.192692666955,497.0,-1,36,-1.0
4325,4325,-3913.846566145861,-25659.128187763083,110.0,-1,-1,-1.0
4326,4326,-35056.43329544812,-4957.739759019947,376.0,-1,-1,-1.0
4327,4327,-33683.77554131566,34287.92416368943,331.0,-1,-1,-1.0
4328,4328,30161.093373441967,31649.309951046424,274.0,-1,-1,-1.0
4329,4329,15708.817956205889,-2927.4706616286785,467.0,-1,-1,-1.0
4330,4330,28964.65676934613,-21581.585817265237,79.0,-1,45,-1.0
4331,4331,-2443.389108909163,26206.975724910702,398.0,-1,-1,-1.0
4332,4332,4030.983709260647,-16641.521243938318,45.0,-1,31,-1.0
4333,4333,-38421.84135551976,15272.01737978337,440.0,-1,-1,-1.0
4334,4334,-2386.8450402082235,22375.76789342076,3.0,-1,-1,-1.0
4335,4335,-24393.737496812384,16164.077034851216,179.0,-1,-1,-1.0
4336,4336,30744.466778064307,39812.12370205959,104.0,-1,-1,-1.0
4337,4337,-22790.376956309818,-23289.5521241488,178.0,-1,-1,-1.0
4338,4338,-27496.93691554937,-3488.2388317762743,240.0,-1,41,-1.0
4339,4339,-35781.715084122334,-35594.62038563445,466.0,-1,19,-1.0
4340,4340,27264.59581783997,-21015.71176357769,147.0,-1,45,-1.0
4341,4341,-21302.377455428305,23563.86668305291,78.0,-1,-1,-1.0
4342,4342,-20215.43669965417,4272.602589330534,158.0,-1,-1,-1.0
4343,4343,-26235.50174404891,8202.401597831034,318.0,-1,-1,-1.0
4344,4344,15071.986640132767,24992.5166264264,200.0,-1,9,-1.0
4345,4345,-28732.757698850903,-9966.587933914949,101.0,-1,-1,-1.0
4346,4346,-24935.17511898819,2067.702093104017,133.0,-1,-1,-1.0
4347,4347,-5130.827321979821,26014.493100201784,151.0,9,-1,-1.0
4348,4348,-5194.554783557046,25988.598262049207,152.0,9,48,61.0
4349,4349,-5194.513205114741,25969.49520876547,152.0,9,48,61.0
4350,4350,-5216.516319143334,26020.23779631348,152.0,9,48,61.0
4351,4351,-5314.58196376828,25971.74300514925,154.0,9,48,61.0
4352,4352,-5286.218676017648,25950.122405735197,154.0,9,48,61.0
4353,4353,-5275.2043407132805,26020.67999049894,154.0,9,48,61.0
4354,4354,-5377.484469243931,25925.34105527792,155.0,9,48,61.0
4355,4355,-5421.509361147242,26010.60237697744,156.0,9,48,61.0
4356,4356,-5520.443940993564,25955.472530029558,157.0,9,48,61.0
4357,4357,-5576.53661353892,25873.28162186716,160.0,9,48,61.0
4358,4358,-5670.27871873522,25875.26178229229,161.0,9,48,61.0
4359,4359,-5682.078714348758,25866.411486869823,161.0,9,48,61.0
4360,4360,-5563.528190202316,25981.475317451732,161.0,9,48,61.0
4361,4361,-5659.778105986729,25906.143378588746,161.0,9,48,61.0
4362,4362,-5710.511700677003,26006.2351332187,162.0,9,48,61.0
4363,4363,-5815.155092297119,26010.75480442025,163.0,9,48,61.0
4364,4364,-5955.038378445559,26051.479125737354,164.0,9,48,61.0
4365,4365,-6005.282861398496,26151.209234048467,165.0,9,48,61.0
4366,4366,-6048.65711138315,26264.741709282054,166.0,9,48,61.0
4367,4367,-6072.243067322748,26259.271080884973,166.0,9,48,61.0
4368,4368,-6173.113264138174,26267.50193737941,168.0,9,48,61.0
4369,4369,-6139.589345906322,26242.544208534797,168.0,9,48,61.0
4370,4370,-6225.6362067085565,26170.50971492472,169.0,9,48,61.0
4371,4371,-6292.423559955732,26164.800511822985,175.0,9,48,61.0
4372,4372,-6379.50271212343,26252.55689791669,176.0,9,48,61.0
4373,4373,-6464.554004564957,26248.268118413467,179.0,9,48,61.0
4374,4374,-6474.124400418069,26213.253465751328,179.0,9,48,61.0
4375,4375,-6435.617336990665,26290.6168267896,179.0,9,48,61.0
4376,4376,-6503.075713994885,26367.78624493112,180.0,9,48,61.0
4377,4377,-6596.114220775711,26331.76495090923,181.0,9,48,61.0
4378,4378,-6592.144395257031,26424.00322061643,182.0,9,48,61.0
4379,4379,-6694.092834646692,26388.257405916185,185.0,9,48,61.0
4380,4380,-6643.172065826015,26544.834579889804,185.0,9,48,61.0
4381,4381,-6781.017688920296,26440.45729106716,186.0,9,48,61.0
4382,4382,-6822.997729204008,26365.08029539949,189.0,9,48,61.0
4383,4383,-6881.765924493834,26452.74838652872,191.0,9,48,61.0
4384,4384,-6877.1783521387,26348.671387205355,191.0,9,48,61.0
4385,4385,-6936.358540731436,26447.02695478425,191.0,9,48,61.0
4386,4386,-6912.026918926032,26499.93873974841,194.0,9,48,61.0
4387,4387,-6942.199568593916,26417.53564556885,196.0,9,48,61.0
4388,4388,-6937.877541803767,26514.51503318066,197.0,9,48,61.0
4389,4389,-7023.339047390421,26472.792475173326,199.0,9,48,61.0
4390,4390,-7044.7174482549935,26491.398743005397,199.0,9,48,61.0
4391,4391,-7072.0474088831215,26430.207034319006,202.0,9,48,61.0
4392,4392,-7188.298624570324,26398.126487355723,203.0,9,48,61.0
4393,4393,-7150.808339906685,26526.790652762447,203.0,9,48,61.0
4394,4394,-7255.043514553242,26410.20610419828,205.0,9,48,61.0
4395,4395,-7325.023907353308,26485.9105022656,206.0,9,48,61.0
4396,4396,-7324.652883866433,26455.869989301857,206.0,9,48,61.0
4397,4397,-7280.574638242248,26487.163001444475,206.0,9,48,61.0
4398,4398,-7371.7851064038205,26418.897623378376,208.0,9,48,61.0
4399,4399,-7364.7661914922,26484.30075628609,210.0,9,48,61.0
4400,4400,-7462.058015039246,26515.76800562008,211.0,9,48,61.0
4401,4401,-7542.52387408806,26579.31023826232,212.0,9,48,61.0
4402,4402,-7620.059228472082,26593.22782267239,213.0,9,48,61.0
4403,4403,-7678.790303823546,26643.04507249732,219.0,9,48,61.0
4404,4404,-7798.4049559559535,26648.445664659423,220.0,9,48,61.0
4405,4405,-7894.26596044423,26710.062499910397,221.0,9,48,61.0
4406,4406,-7773.239774897126,26707.27907650093,221.0,9,48,61.0
4407,4407,-7846.584278654161,26583.317897014425,221.0,9,48,61.0
4408,4408,-7951.005562030783,26595.1253095523,222.0,9,48,61.0
4409,4409,-7992.792266155194,26495.42865147216,223.0,9,48,61.0
4410,4410,-7982.084158676197,26679.24490514994,223.0,9,48,61.0
4411,4411,-8001.009767034571,26705.29811109796,224.0,9,48,61.0
4412,4412,-8040.2776455992735,26505.78561191848,224.0,9,48,61.0
4413,4413,-8070.512674783426,26563.28550958992,224.0,9,48,61.0
4414,4414,-8105.963500170563,26639.12047883896,225.0,9,48,61.0
4415,4415,-8165.388501553693,26665.87034384586,226.0,9,48,61.0
4416,4416,-8271.218175296208,26700.53656519003,227.0,9,48,61.0
4417,4417,-8369.22239976281,26744.29792169703,228.0,9,48,61.0
4418,4418,-8446.184533956684,26680.784955346724,229.0,9,48,61.0
4419,4419,-8551.703959163475,26763.080403263717,231.0,9,48,61.0
4420,4420,-8662.4987888299,26814.416885926985,232.0,9,48,61.0
4421,4421,-8725.946118907685,26859.78055746801,234.0,9,48,61.0
4422,4422,-8773.974619802386,26829.617411026444,234.0,9,48,61.0
4423,4423,-8730.438200128612,26853.56269773076,234.0,9,48,61.0
4424,4424,-8773.752065654595,26824.019434934293,234.0,9,48,61.0
4425,4425,-8841.246865267209,26812.37215937785,235.0,9,48,61.0
4426,4426,-8880.915323643821,26839.746902275187,235.0,9,48,61.0
4427,4427,-8952.94455737437,26832.002806951277,236.0,9,48,61.0
4428,4428,-8980.555359856957,26861.39073961004,236.0,9,48,61.0
4429,4429,-8924.461203285182,26846.63480401049,236.0,9,48,61.0
4430,4430,-9037.000172920398,26844.113071561977,237.0,9,48,61.0
4431,4431,-9115.775994134125,26933.934260770464,238.0,9,48,61.0
4432,4432,-9194.820901220826,26962.20856944789,240.0,9,48,61.0
4433,4433,-9253.354483151665,26939.04197060265,240.0,9,48,61.0
4434,4434,-9230.80499852427,26932.461464601027,240.0,9,48,61.0
4435,4435,-9309.981757437745,26842.6173806906,243.0,9,48,61.0
4436,4436,-9333.727490945095,26903.211936128024,243.0,9,48,61.0
4437,4437,-9343.10036139701,26957.994911650872,244.0,9,48,61.0
4438,4438,-9449.186723474431,26990.32330353541,245.0,9,48,61.0
4439,4439,-9573.312492216388,26997.397524594737,248.0,9,48,61.0
4440,4440,-9617.994412823527,26981.058535517037,249.0,9,48,61.0
4441,4441,-9651.482271880206,26994.786850442044,249.0,9,48,61.0
4442,4442,-9636.17450316028,26962.978918820845,249.0,9,48,61.0
4443,4443,-9655.844215249794,26936.802728951287,249.0,9,48,61.0
4444,4444,-9718.648781429803,27046.98176098468,250.0,9,48,61.0
4445,4445,-9721.03263726658,27022.181138692184,250.0,9,48,61.0
4446,4446,-9709.381236299305,26861.927984080943,250.0,9,48,61.0
4447,4447,-9815.44125919129,27012.825460293752,252.0,9,48,61.0
4448,4448,-9874.87171821274,27091.05759381725,255.0,9,48,61.0
4449,4449,-9974.49620982703,27094.3978702324,259.0,9,48,61.0
4450,4450,-10044.6392699753,27066.76386334597,260.0,9,48,61.0
4451,4451,-10111.001661065906,26962.28217904666,261.0,9,48,61.0
4452,4452,-10219.743402653608,26908.33035288504,262.0,9,48,61.0
4453,4453,-10315.446656812432,26893.159271054126,263.0,9,48,61.0
4454,4454,-10396.990012863982,26921.77285565258,264.0,9,48,61.0
4455,4455,-10442.69384585745,26864.138848982955,268.0,9,48,61.0
4456,4456,-10502.59525271508,26805.52389538505,269.0,9,48,61.0
4457,4457,-10512.746027449088,26926.744916396325,269.0,9,48,61.0
4458,4458,-10595.518617665995,26918.99551661523,271.0,9,48,61.0
4459,4459,-10602.364088985476,26871.511127458187,271.0,9,48,61.0
4460,4460,-10605.583881779392,26791.07310414267,271.0,9,48,61.0
4461,4461,-10595.077350460584,26962.53585324182,271.0,9,48,61.0
4462,4462,-10628.651193901853,26943.41064331686,272.0,9,48,61.0
4463,4463,-10718.4540935079,26956.927891027564,273.0,9,48,61.0
4464,4464,-10809.074833707537,26930.79691944166,274.0,9,48,61.0
4465,4465,-10770.595271258982,26992.380928866227,275.0,9,48,61.0
4466,4466,-10898.332340561185,26966.18528832076,275.0,9,48,61.0
4467,4467,-10856.401438120263,26889.52121979193,276.0,9,48,61.0
4468,4468,-10901.825401352076,27026.20539346272,276.0,9,48,61.0
4469,4469,-10907.6957220605,27019.218883225964,280.0,9,48,61.0
4470,4470,-10978.655021688784,26915.564869522164,280.0,9,48,61.0
4471,4471,-11024.584985540978,26919.56455730062,281.0,9,48,61.0
4472,4472,-10910.955476563466,26883.6256352475,281.0,9,48,61.0
4473,4473,-11066.627198216876,26944.635514631176,282.0,9,48,61.0
4474,4474,-11142.459915763691,26812.679931261027,283.0,9,48,61.0
4475,4475,-11056.152527031563,27032.54617609048,283.0,9,48,61.0
4476,4476,-11106.857166713302,26822.34910484937,283.0,9,48,61.0
4477,4477,-11165.807934617937,27002.1404553632,284.0,9,48,61.0
4478,4478,-11191.759976253194,26934.184690641363,284.0,9,48,61.0
4479,4479,-11181.896569855366,26855.8353411708,284.0,9,48,61.0
4480,4480,-11242.217992461738,27048.085007925,285.0,9,48,61.0
4481,4481,-11305.39797329261,27113.50600150041,286.0,9,48,61.0
4482,4482,-11418.864538351085,27122.804583608297,287.0,9,48,61.0
4483,4483,-11503.46146020899,27161.720772779758,288.0,9,48,61.0
4484,4484,-11586.62903403833,27179.502041519707,292.0,9,48,61.0
4485,4485,-11674.58997690441,27215.228737750927,293.0,9,48,61.0
4486,4486,-11714.241055192118,27341.88558487677,294.0,9,48,61.0
4487,4487,-11730.33901326364,27118.28489414768,294.0,9,48,61.0
4488,4488,-11826.832538112638,27216.91064124181,295.0,9,48,61.0
4489,4489,-11798.968667709752,27272.42685288965,295.0,9,48,61.0
4490,4490,-11793.301080911597,27150.453931503347,296.0,9,48,61.0
4491,4491,-11881.024176955036,27303.88495350904,296.0,9,48,61.0
4492,4492,-11842.459579398768,27317.83767358033,296.0,9,48,61.0
4493,4493,-11859.954795781146,27164.165562480383,296.0,9,48,61.0
4494,4494,-11892.218614637884,27336.26034491384,297.0,9,48,61.0
4495,4495,-11948.255739401757,27177.137625106792,297.0,9,48,61.0
4496,4496,-11993.241098349949,27180.005047006773,298.0,9,48,61.0
4497,4497,-12072.279194833967,27149.9267118039,299.0,9,48,61.0
4498,4498,-12084.771701524973,27221.70906998488,299.0,9,48,61.0
4499,4499,-12169.136239159508,27199.122050027738,300.0,9,48,61.0
4500,4500,-12225.377709593044,27296.51988391281,301.0,9,48,61.0
4501,4501,-12270.128239035605,27216.707225021528,301.0,9,48,61.0
4502,4502,-12321.332356615456,27209.5113064166,302.0,9,48,61.0
4503,4503,-12323.994344974722,27305.724447277295,302.0,9,48,61.0
4504,4504,-12330.929859439297,27315.914173863413,302.0,9,48,61.0
4505,4505,-12405.822779404603,27293.27827966796,303.0,9,48,61.0
4506,4506,-12453.54346128512,27349.011750696063,304.0,9,48,61.0
4507,4507,-12524.183210300818,27360.54873958133,305.0,9,48,61.0
4508,4508,-12547.379264042283,27376.967116117416,305.0,9,48,61.0
4509,4509,-12618.11511995459,27363.14333226229,306.0,9,48,61.0
4510,4510,-12605.991935132835,27396.260948391093,306.0,9,48,61.0
4511,4511,-12692.976769733825,27331.274141567068,307.0,9,48,61.0
4512,4512,-12783.58664380314,27291.485184241992,308.0,9,48,61.0
4513,4513,-12834.029478156071,27205.671661526176,312.0,9,48,61.0
4514,4514,-12889.31952741732,27124.99966239594,314.0,9,48,61.0
4515,4515,-13000.486162271967,27107.194452455464,316.0,9,48,61.0
4516,4516,-12910.463628872669,27205.69215962636,316.0,9,48,61.0
4517,4517,-13030.91974564345,27260.254944573477,317.0,9,48,61.0
4518,4518,-13116.215611404294,27184.36042933045,319.0,9,48,61.0
4519,4519,-13167.33176041456,27252.050839178777,320.0,9,48,61.0
4520,4520,-13266.366911046198,27248.533254668164,321.0,9,48,61.0
4521,4521,-13219.61888289605,27394.95683401181,322.0,9,48,61.0
4522,4522,-13275.617793183746,27463.06002373794,326.0,9,48,61.0
4523,4523,-13363.811289017369,27487.2485965108,327.0,9,48,61.0
4524,4524,-13348.906216987336,27456.10589089003,327.0,9,48,61.0
4525,4525,-13434.797019803284,27507.75855241431,329.0,9,48,61.0
4526,4526,-13542.095682691035,27530.52281202569,332.0,9,48,61.0
4527,4527,-13493.938490696151,27400.272783132878,332.0,9,48,61.0
4528,4528,-13597.05723813058,27388.10217950048,333.0,9,48,61.0
4529,4529,-13683.987573227909,27435.63533815341,335.0,9,48,61.0
4530,4530,-13668.292314327082,27398.068943383496,335.0,9,48,61.0
4531,4531,-13782.376441629403,27436.043335957376,336.0,9,48,61.0
4532,4532,-13869.398049487232,27458.527779436117,337.0,9,48,61.0
4533,4533,-13966.733297972503,27423.4450848641,339.0,9,48,61.0
4534,4534,-14004.3555711016,27445.41599542077,339.0,9,48,61.0
4535,4535,-14072.097173571068,27486.36390597248,340.0,9,48,61.0
4536,4536,-14101.383039207398,27467.62650616493,340.0,9,48,61.0
4537,4537,-14193.573076500235,27468.761191671547,344.0,9,48,61.0
4538,4538,-14089.925610430277,27587.26488812881,344.0,9,48,61.0
4539,4539,-14146.579919570691,27646.43747730405,345.0,9,48,61.0
4540,4540,-14260.715976643158,27617.80644909667,346.0,9,48,61.0
4541,4541,-14349.833173692085,27618.196020051902,347.0,9,48,61.0
4542,4542,-14367.209866044815,27680.109688141965,348.0,9,48,61.0
4543,4543,-14441.283134005644,27687.36586932207,350.0,9,48,61.0
4544,4544,-14448.100979098788,27726.489600705187,350.0,9,48,61.0
4545,4545,-14540.750041508034,27714.68086797349,351.0,9,48,61.0
4546,4546,-14522.656629264084,27749.41467379976,351.0,9,48,61.0
4547,4547,-14541.637917677112,27744.889034085936,353.0,9,48,61.0
4548,4548,-14530.86243062955,27871.03707849265,353.0,9,48,61.0
4549,4549,-14641.605569738716,27793.006923941102,360.0,9,48,61.0
4550,4550,-14614.661581393077,27750.181626793063,360.0,9,48,61.0
4551,4551,-14637.5857885093,27869.809419360627,361.0,9,48,61.0
4552,4552,-14730.940753738196,27762.31561881735,361.0,9,48,61.0
4553,4553,-14741.333707707863,27906.701244732205,363.0,9,48,61.0
4554,4554,-14816.821437311744,27811.375825646133,365.0,9,48,61.0
4555,4555,-14873.284639378717,27882.123637830453,366.0,9,48,61.0
4556,4556,-14883.471217742,27814.04659036946,366.0,9,48,61.0
4557,4557,-14910.659958762428,27756.87404613005,366.0,9,48,61.0
4558,4558,-14958.33435915139,27911.30181902737,370.0,9,48,61.0
4559,4559,-15004.85459945092,27771.53930137097,370.0,9,48,61.0
4560,4560,-15077.279094322605,27816.227180334925,372.0,9,48,61.0
4561,4561,-15057.643873559638,27878.910105760377,372.0,9,48,61.0
4562,4562,-15185.518858062083,27853.391618786824,373.0,9,48,61.0
4563,4563,-15240.110102758268,27889.100075659226,374.0,9,48,61.0
4564,4564,-15266.65275082754,27954.1075370304,375.0,9,48,61.0
4565,4565,-15339.357741675118,27946.18115189385,375.0,9,48,61.0
4566,4566,-15405.140911242504,27923.158458420898,377.0,9,48,61.0
4567,4567,-15369.934778473837,27990.477861093503,377.0,9,48,61.0
4568,4568,-15460.245897554229,28052.12479374674,378.0,9,48,61.0
4569,4569,-15543.266719808344,28129.59035014025,379.0,9,48,61.0
4570,4570,-15550.490985056116,28237.37374195407,380.0,9,48,61.0
4571,4571,-15621.012618697074,28306.77104436944,381.0,9,48,61.0
4572,4572,-15717.7702045757,28264.68583982537,382.0,9,48,61.0
4573,4573,-15738.013935740326,28341.441671539284,382.0,9,48,61.0
4574,4574,-15830.67252394446,28323.69147308268,383.0,9,48,61.0
4575,4575,-15940.842986876223,28277.013588549835,384.0,9,48,61.0
4576,4576,-15876.704315853764,28446.099879488596,384.0,9,48,61.0
4577,4577,-15994.5765304675,28407.79424712931,385.0,9,48,61.0
4578,4578,-16067.093319247224,28318.882728895525,386.0,9,48,61.0
4579,4579,-16134.962447365764,28410.762176811248,387.0,9,48,61.0
4580,4580,-16189.353735084014,28476.398545366446,388.0,9,48,61.0
4581,4581,-16145.016408022964,28469.42641945122,388.0,9,48,61.0
4582,4582,-16179.029004141688,28493.154805216185,388.0,9,48,61.0
4583,4583,-16176.339315404586,28608.55559234209,392.0,9,48,61.0
4584,4584,-16257.200549284107,28433.92201489323,392.0,9,48,61.0
4585,4585,-16320.600407694028,28520.702240329945,393.0,9,48,61.0
4586,4586,-16283.898396317676,28631.67678185056,395.0,9,48,61.0
4587,4587,-16415.234510790182,28592.17731798402,397.0,9,48,61.0
4588,4588,-16354.107359098203,28702.64433634057,397.0,9,48,61.0
4589,4589,-16307.826887555222,28736.53314123358,397.0,9,48,61.0
4590,4590,-16440.399249077152,28742.063242166794,398.0,9,48,61.0
4591,4591,-16430.855268507075,28612.64772562193,398.0,9,48,61.0
4592,4592,-16535.53184764271,28710.66912786904,399.0,9,48,61.0
4593,4593,-16504.6837387752,28645.080555925237,399.0,9,48,61.0
4594,4594,-16641.641072253413,28656.83320563584,401.0,9,48,61.0
4595,4595,-16584.453213124154,28582.50005577149,401.0,9,48,61.0
4596,4596,-16715.362013681726,28622.096859147736,402.0,9,48,61.0
4597,4597,-16807.14097381812,28667.308567005883,404.0,9,48,61.0
4598,4598,-16827.391187029076,28603.708096780192,404.0,9,48,61.0
4599,4599,-16909.126913790562,28681.654890559428,405.0,9,48,61.0
4600,4600,-17006.2372037817,28715.552890042243,406.0,9,48,61.0
4601,4601,-17033.31030520271,28799.096733850176,407.0,9,48,61.0
4602,4602,-17115.797254605026,28763.595167963565,407.0,9,48,61.0
4603,4603,-17197.71717414225,28779.63378443722,411.0,9,48,61.0
4604,4604,-17167.515919088088,28832.02198476615,411.0,9,48,61.0
4605,4605,-17197.245952310474,28899.032547532548,412.0,9,48,61.0
4606,4606,-17261.483427024363,28863.46245439616,413.0,9,48,61.0
4607,4607,-17317.52141498491,28785.882595246883,416.0,9,48,61.0
4608,4608,-17401.782687012885,28854.13506817541,417.0,9,48,61.0
4609,4609,-17504.770324562905,28815.87382933529,418.0,9,48,61.0
4610,4610,-17443.25639635713,28942.30315317732,418.0,9,48,61.0
4611,4611,-17475.753260840087,28979.56952893527,419.0,9,48,61.0
4612,4612,-17497.443642946317,29041.80750938723,420.0,9,48,61.0
4613,4613,-17537.918268022073,29031.98076336776,420.0,9,48,61.0
4614,4614,-17581.38574309101,29096.220314114184,421.0,9,48,61.0
4615,4615,-17720.258469637112,29144.287457799383,422.0,9,48,61.0
4616,4616,-17808.436228903687,29264.358526833505,423.0,9,48,61.0
4617,4617,-17849.874586280814,29367.73234380494,424.0,9,48,61.0
4618,4618,-17927.25348619819,29216.073443898524,424.0,9,48,61.0
4619,4619,-17992.648065710306,29308.45382037341,425.0,9,48,61.0
4620,4620,-17955.14989875389,29320.9965081474,425.0,9,48,61.0
4621,4621,-17979.391278362524,29335.07262455222,425.0,9,48,61.0
4622,4622,-18037.79091175148,29333.57409216782,426.0,9,48,61.0
4623,4623,-18041.91430224071,29375.415647639937,426.0,9,48,61.0
4624,4624,-18143.128880347336,29312.118716059063,428.0,9,48,61.0
4625,4625,-18136.940376228747,29323.400632917783,428.0,9,48,61.0
4626,4626,-18060.88070763809,29417.488838993217,428.0,9,48,61.0
4627,4627,-18201.373796125128,29291.370684215188,429.0,9,48,61.0
4628,4628,-18248.95784074132,29192.254774990062,431.0,9,48,61.0
4629,4629,-18177.50924121515,29286.591089517427,435.0,9,48,61.0
4630,4630,-18384.623235014187,29231.222704563548,435.0,9,48,61.0
4631,4631,-18376.2058900218,29323.62548524701,436.0,9,48,61.0
4632,4632,-18446.03307220224,29283.68216831823,437.0,9,48,61.0
4633,4633,-18450.914001506942,29339.814380819767,437.0,9,48,61.0
4634,4634,-18538.50740723525,29389.11637370683,439.0,9,48,61.0
4635,4635,-18530.162839965476,29380.30523464702,439.0,9,48,61.0
4636,4636,-18540.687903999,29355.46311201508,439.0,9,48,61.0
4637,4637,-18617.894789315556,29274.610145785224,440.0,9,48,61.0
4638,4638,-18649.428893328128,29404.27697312134,440.0,9,48,61.0
4639,4639,-18715.12455863921,29296.566032749102,442.0,9,48,61.0
4640,4640,-18744.80286158187,29358.000003426085,442.0,9,48,61.0
4641,4641,-18797.950836011256,29416.22605667395,443.0,9,48,61.0
4642,4642,-18852.5537712313,29256.01218234358,443.0,9,48,61.0
4643,4643,-18897.705886406635,29356.52999724156,444.0,9,48,61.0
4644,4644,-18910.864990245074,29256.880935657893,444.0,9,48,61.0
4645,4645,-19031.82393158801,29320.52482457917,446.0,9,48,61.0
4646,4646,-18972.21351232802,29377.174749162517,446.0,9,48,61.0
4647,4647,-19146.315161894065,29379.21906970365,448.0,9,48,61.0
4648,4648,-19147.654527706727,29484.89642866408,450.0,9,48,61.0
4649,4649,-19244.641984442784,29317.41138044692,450.0,9,48,61.0
4650,4650,-19311.027212667363,29472.9940560354,451.0,9,48,61.0
4651,4651,-19306.03933547693,29376.450922467608,451.0,9,48,61.0
4652,4652,-19351.289275368577,29471.908876979785,452.0,9,48,61.0
4653,4653,-19436.627929230795,29495.159711684057,454.0,9,48,61.0
4654,4654,-19525.875008216342,29481.822085431428,455.0,9,48,61.0
4655,4655,-19634.056408427823,29511.205479571603,456.0,9,48,61.0
4656,4656,-19606.32430030663,29445.86942061057,456.0,9,48,61.0
4657,4657,-19695.106671022644,29526.347021280813,457.0,9,48,61.0
4658,4658,-19754.585267530987,29451.00799284737,461.0,9,48,61.0
4659,4659,-19802.73784694101,29562.8797770291,461.0,9,48,61.0
4660,4660,-19793.37687825707,29569.981345897853,461.0,9,48,61.0
4661,4661,-19842.99804195445,29452.39678833105,462.0,9,48,61.0
4662,4662,-19946.82821954543,29481.65449652293,463.0,9,48,61.0
4663,4663,-19925.18279887793,29516.370299164355,463.0,9,48,61.0
4664,4664,-20050.6389187271,29477.66974252909,464.0,9,48,61.0
4665,4665,-20139.950087966423,29499.8024917444,465.0,9,48,61.0
4666,4666,-20193.15154714828,29505.840701657475,467.0,9,48,61.0
4667,4667,-20280.734383114755,29550.765635238306,469.0,9,48,61.0
4668,4668,-20352.9062530949,29602.311024899565,472.0,9,48,61.0
4669,4669,-20429.801090883266,29687.256855100164,473.0,9,48,61.0
4670,4670,-20491.48054693689,29647.45496457788,474.0,9,48,61.0
4671,4671,-20493.688358594925,29654.601818928084,474.0,9,48,61.0
4672,4672,-20562.084142191838,29682.878639779414,476.0,9,48,61.0
4673,4673,-20601.822477635236,29701.912161627788,476.0,9,48,61.0
4674,4674,-20634.21150663901,29675.097611689347,477.0,9,48,61.0
4675,4675,-20731.03073649376,29706.863726070173,478.0,9,48,61.0
4676,4676,-20806.35298295461,29677.69388312502,479.0,9,48,61.0
4677,4677,-20839.14124984444,29714.651016972948,479.0,9,48,61.0
4678,4678,-20961.033036599736,29701.401316291605,480.0,9,48,61.0
4679,4679,-21030.738600376902,29779.556996303007,481.0,9,48,61.0
4680,4680,-21119.616268346595,29755.96671417196,482.0,9,48,61.0
4681,4681,-21102.890668733064,29767.759102228345,482.0,9,48,61.0
4682,4682,-21124.615253307587,29780.21590273308,482.0,9,48,61.0
4683,4683,21827.8123868332,14437.51645078232,267.0,-1,-1,-1.0
4684,4684,5866.167011305537,22031.81309717206,376.0,-1,-1,-1.0
4685,4685,-19835.208122805987,9641.148063436784,280.0,-1,-1,-1.0
4686,4686,34938.400784179204,20693.30480269066,386.0,-1,28,-1.0
4687,4687,-35340.116133272415,4798.667854540065,484.0,-1,-1,-1.0
4688,4688,-5136.599745824875,7984.280758560926,261.0,-1,-1,-1.0
4689,4689,14418.604687706917,32307.612225143224,157.0,-1,-1,-1.0
4690,4690,23550.5074101856,39440.57716618288,191.0,-1,-1,-1.0
4691,4691,-22268.552960259127,-37591.71125245576,421.0,-1,12,-1.0
4692,4692,27625.03259103444,-34215.673805429135,197.0,-1,-1,-1.0
4693,4693,-32977.34092993223,-36591.55170111208,468.0,-1,-1,-1.0
4694,4694,1383.5115647351631,-3551.7883646154296,380.0,-1,-1,-1.0
4695,4695,5964.004144800805,-9989.599845532137,50.0,-1,31,-1.0
4696,4696,4179.150474609698,22919.37842219776,472.0,-1,46,-1.0
4697,4697,-15141.01352163369,-7874.239440564768,434.0,-1,43,-1.0
4698,4698,-1643.6289774428003,14937.851554117362,78.0,-1,-1,-1.0
4699,4699,35736.10095217993,25891.573491677424,197.0,-1,10,-1.0
4700,4700,-23959.880208091177,2578.3321172522046,343.0,-1,-1,-1.0
4701,4701,-9333.137012127856,19181.740577617733,155.0,-1,-1,-1.0
4702,4702,16532.2745673308,17394.747219085017,488.0,-1,-1,-1.0
4703,4703,-33649.62255565633,33374.78623065847,299.0,-1,-1,-1.0
4704,4704,30395.18763681079,4731.185897982563,415.0,-1,-1,-1.0
4705,4705,-25613.97335290032,-19145.699097801848,24.0,-1,-1,-1.0
4706,4706,29867.01229987554,2445.393191451367,289.0,-1,-1,-1.0
4707,4707,-14125.618288785474,-2714.004093546835,157.0,-1,-1,-1.0
4708,4708,19747.9903771746,-199.53093919050295,114.0,-1,-1,-1.0
4709,4709,-27184.01385303249,-12587.037249737516,232.0,-1,-1,-1.0
4710,4710,-5510.394996892064,2903.83439006345,287.0,-1,-1,-1.0
4711,4711,-16598.458511722896,13529.489281377602,141.0,-1,-1,-1.0
4712,4712,-7943.765721073178,21632.09213991431,38.0,-1,-1,-1.0
4713,4713,20537.2763774346,35632.18954637238,254.0,-1,30,-1.0
4714,4714,-24985.72348804164,25607.028296645334,299.0,-1,48,59.0
4715,4715,-4430.037632376079,10538.0983736443,323.0,-1,27,-1.0
4716,4716,-17419.60654332826,-23387.416479611173,326.0,-1,36,-1.0
4717,4717,26568.0043122442,36754.43405716076,143.0,-1,-1,-1.0
4718,4718,-24298.072075326563,-12383.202248376674,140.0,-1,-1,-1.0
4719,4719,-10213.686767821946,31714.35411585457,134.0,-1,-1,-1.0
4720,4720,12397.886017772507,26562.676807148368,465.0,-1,-1,-1.0
4721,4721,-29579.5109723432,35702.36991815192,196.0,-1,-1,-1.0
4722,4722,-10108.632570790509,13653.893505049222,3.0,-1,-1,-1.0
4723,4723,2600.4382382209224,-27679.389347141565,129.0,-1,25,-1.0
4724,4724,9048.787331988642,-29175.05718647777,396.0,-1,-1,-1.0
4725,4725,25568.311609792523,-33040.96853880625,37.0,-1,-1,-1.0
4726,4726,19013.12790949709,-7672.226904284249,105.0,-1,-1,-1.0
4727,4727,-39152.44540891182,17170.79743631302,30.0,-1,-1,-1.0
4728,4728,11193.786189986007,33837.13205574732,119.0,-1,47,-1.0
4729,4729,29358.010510890148,32437.980339627054,265.0,-1,-1,-1.0
4730,4730,3011.027130954477,19668.458766947864,454.0,-1,-1,-1.0
4731,4731,22330.59839188556,-3093.5198066356315,347.0,-1,44,-1.0
4732,4732,-26851.789500972474,22353.91794357468,249.0,-1,-1,-1.0
4733,4733,-39772.24954533553,-27597.577458341104,100.0,-1,-1,-1.0
4734,4734,5226.361769708383,31269.55843998156,78.0,-1,48,-1.0
4735,4735,-4077.4378060886665,-2154.163584196198,200.0,-1,-1,-1.0
4736,4736,15193.168766018856,-11476.515581480184,301.0,-1,-1,-1.0
4737,4737,-18907.392535240902,15693.157273973491,484.0,-1,-1,-1.0
4738,4738,-4440.059419995414,11605.698390675903,436.0,-1,-1,-1.0
4739,4739,-3624.1744363556063,-5021.488661260635,406.0,-1,-1,-1.0
4740,4740,3848.6950156435632,1653.3419645466274,393.0,-1,-1,-1.0
4741,4741,22898.897353576693,-33705.19264282859,299.0,-1,-1,-1.0
4742,4742,-16024.162141830588,-150.65311700947495,113.0,-1,-1,-1.0
4743,4743,16549.62167311125,-12276.932643292486,184.0,-1,-1,-1.0
4744,4744,-34450.270801794264,-34743.71274327656,111.0,-1,-1,-1.0
4745,4745,-31088.31222531574,-25676.44587133391,228.0,-1,34,-1.0
4746,4746,-10800.666129824243,-7202.789730558136,101.0,-1,-1,-1.0
4747,4747,-31488.290951957963,-10335.695153120516,393.0,-1,-1,-1.0
4748,4748,-19152.565904149084,-6874.641519656521,461.0,-1,-1,-1.0
4749,4749,-5755.147034394497,24279.91351814731,103.0,-1,-1,-1.0
4750,4750,6617.134544603177,-26661.48675526833,3.0,-1,31,35.0
4751,4751,6727.486576735348,15398.881546641069,282.0,-1,8,-1.0
4752,4752,-29791.26178564112,11185.810520060617,450.0,-1,-1,-1.0
4753,4753,35801.336467367175,23934.21689561288,41.0,-1,-1,-1.0
4754,4754,19172.807526481607,8977.327923340825,156.0,-1,-1,-1.0
4755,4755,-4603.752482583273,39145.89895526997,451.0,-1,-1,-1.0
4756,4756,24001.799621709422,20183.079911862667,476.0,-1,-1,-1.0
4757,4757,12004.078903248716,13434.297871326904,374.0,-1,-1,-1.0
4758,4758,30433.30227714659,28360.543365526813,185.0,-1,10,-1.0
4759,4759,14997.610666329383,-846.9819180833583,356.0,-1,-1,-1.0
4760,4760,-36366.44081534066,-36728.60025441536,140.0,-1,19,-1.0
4761,4761,-4453.342407030927,18362.409321258277,286.0,-1,-1,-1.0
4762,4762,13427.277396200749,-25688.33006303837,79.0,-1,3,-1.0
4763,4763,4455.011032107082,7533.058516283345,211.0,-1,27,-1.0
4764,4764,-26371.3324189072,29407.50126995225,396.0,-1,-1,-1.0
4765,4765,-23006.206879966485,8429.632176854313,368.0,-1,-1,-1.0
4766,4766,-11020.696364099776,-24280.677514753872,157.0,-1,-1,-1.0
4767,4767,-4719.801460244482,-212.19886704361124,450.0,-1,-1,-1.0
4768,4768,5824.837458348156,36249.77340033975,162.0,-1,-1,-1.0
4769,4769,13486.145807765795,-6650.612871280158,222.0,-1,13,-1.0
4770,4770,-32014.62830094137,-33558.79708475282,414.0,-1,-1,-1.0
4771,4771,-18626.7152260577,-207.6847598975364,157.0,-1,43,-1.0
4772,4772,32057.9701723466,-9955.927690258924,438.0,-1,-1,-1.0
4773,4773,-5916.184190837121,32146.00526302551,34.0,-1,-1,-1.0
4774,4774,9818.627906946887,33785.320360335856,439.0,-1,47,-1.0
4775,4775,33899.373807767915,-26001.270540301,393.0,-1,45,-1.0
4776,4776,24640.386735310796,32211.31332419073,165.0,-1,-1,-1.0
4777,4777,30207.329258219903,-19419.756895745897,233.0,-1,-1,-1.0
4778,4778,-10849.58109574626,-7066.691071666042,247.0,-1,-1,-1.0
4779,4779,16528.302084130424,21093.752930051716,97.0,-1,-1,-1.0
4780,4780,-16599.25122109273,-32128.98796359848,71.0,-1,36,-1.0
4781,4781,34514.12487732743,-15551.24289506246,341.0,-1,-1,-1.0
4782,4782,-21105.454679424103,-25453.304213528023,338.0,-1,-1,-1.0
4783,4783,-26222.59740583716,18612.18340690658,39.0,-1,-1,-1.0
4784,4784,-38490.77074503133,18200.60595699198,356.0,-1,-1,-1.0
4785,4785,-33654.15370289894,1604.5728508352477,169.0,-1,-1,-1.0
4786,4786,5452.596312013782,-11902.342869798124,105.0,-1,31,-1.0
4787,4787,-18996.90592411037,39785.84938595761,287.0,-1,-1,-1.0
4788,4788,2577.1312574744443,31972.990554202115,258.0,-1,48,58.0
4789,4789,9535.035008948713,-10671.370479167308,299.0,-1,-1,-1.0
4790,4790,13786.696929885817,-1996.64306545772,460.0,-1,-1,-1.0
4791,4791,-28917.049061184516,28530.50016823101,118.0,-1,-1,-1.0
4792,4792,1551.1315091554643,32659.51264664569,494.0,-1,-1,-1.0
4793,4793,22429.938793733803,20767.71102615052,230.0,-1,-1,-1.0
4794,4794,15538.32377532473,3360.4819888576967,447.0,-1,2,-1.0
4795,4795,23924.27641540809,16040.362778609662,138.0,-1,-1,-1.0
4796,4796,38449.96172311764,-23259.289682884788,396.0,-1,-1,-1.0
4797,4797,-20321.244516102957,28478.813928994103,414.0,-1,-1,-1.0
4798,4798,27390.874766373905,-197.4944722200962,212.0,-1,33,-1.0
4799,4799,2432.976180025384,14271.228686536951,74.0,-1,8,-1.0
4800,4800,4764.573416333493,-25245.49404128712,278.0,-1,31,-1.0
4801,4801,21109.077535476856,-6381.025173346134,197.0,-1,44,50.0
4802,4802,28189.10129584357,-39470.50898360816,214.0,-1,-1,-1.0
4803,4803,21915.72771497712,9937.095666309237,490.0,-1,-1,-1.0
4804,4804,-34711.43240680558,536.4161057257297,267.0,-1,29,-1.0
4805,4805,932.8427155300668,-29776.67845000485,299.0,-1,-1,-1.0
4806,4806,-15654.22383142076,-20120.140734706976,255.0,-1,-1,-1.0
4807,4807,-32457.523993705032,37390.440007656565,322.0,-1,-1,-1.0
4808,4808,10825.550681336705,5608.574633195916,406.0,-1,2,-1.0
4809,4809,9324.033072298458,-30201.35942041649,472.0,-1,-1,-1.0
4810,4810,16612.474503847254,38972.52501748444,394.0,-1,-1,-1.0
4811,4811,-5897.617018559933,34100.91192795821,151.0,-1,-1,-1.0
4812,4812,-36122.53066614752,-22900.510014976688,419.0,-1,-1,-1.0
4813,4813,-28016.40809073261,1097.9582312954226,5.0,-1,-1,-1.0
4814,4814,-10115.92954185076,-25391.277941176264,410.0,-1,17,-1.0
4815,4815,31281.66070791864,-20165.397622417036,204.0,-1,-1,-1.0
4816,4816,-11590.532873259446,15440.35734650975,243.0,-1,-1,-1.0
4817,4817,22384.633878009627,-26374.396266897755,335.0,-1,-1,-1.0
4818,4818,38334.17835409491,-21218.98663904438,144.0,-1,-1,-1.0
4819,4819,20673.621755706637,-30998.38978925843,249.0,-1,-1,-1.0
4820,4820,-14431.84937231366,39913.71324612755,450.0,-1,-1,-1.0
4821,4821,31409.422882982224,-28675.537686464813,174.0,-1,-1,-1.0
4822,4822,-10840.042046768933,32868.421210262095,340.0,-1,48,60.0
4823,4823,34018.39084616907,-1606.4201989866924,141.0,-1,-1,-1.0
4824,4824,-7442.28640621162,-27024.75534866809,145.0,-1,-1,-1.0
4825,4825,-7751.002849517645,5343.700431794394,39.0,-1,27,-1.0
4826,4826,27577.43386743077,-19128.842879424494,96.0,-1,45,-1.0
4827,4827,-20850.585998307248,23180.14301597151,23.0,-1,-1,-1.0
4828,4828,-38223.83152710261,-35659.78897728694,146.0,-1,-1,-1.0
4829,4829,7051.8523852767175,22360.007418904832,34.0,-1,-1,-1.0
4830,4830,9719.311870905723,-17538.183656821573,267.0,-1,-1,-1.0
4831,4831,26755.196574444883,26105.979148107115,470.0,-1,-1,-1.0
4832,4832,-8574.957079352065,29172.721981209263,433.0,-1,-1,-1.0
4833,4833,2499.11286097041,-18822.42075048474,334.0,-1,31,-1.0
4834,4834,-15274.96984522717,8817.220365156994,49.0,-1,-1,-1.0
4835,4835,-22620.75230627716,-4581.6387163257605,439.0,-1,-1,-1.0
4836,4836,30119.61674172952,-28369.630602293117,416.0,-1,-1,-1.0
4837,4837,-10056.290979225276,6648.006563727598,138.0,-1,-1,-1.0
4838,4838,18896.297807773262,-4481.996329654256,36.0,-1,-1,-1.0
4839,4839,-37120.33675119704,-28417.21933641151,138.0,-1,20,-1.0
4840,4840,-7165.215751626085,-26614.448369192367,335.0,-1,-1,-1.0
4841,4841,-32778.18437382263,8348.585861920059,381.0,-1,-1,-1.0
4842,4842,34770.38765342554,-28629.06435244195,416.0,-1,-1,-1.0
4843,4843,-9896.02630929534,-4739.958271400334,368.0,-1,-1,-1.0
4844,4844,-18685.41285861273,19990.691764573166,285.0,-1,-1,-1.0
4845,4845,19582.47473151755,24368.932765356964,290.0,-1,18,-1.0
4846,4846,14768.317525642167,-18819.20189781099,119.0,-1,-1,-1.0
4847,4847,27191.162546344374,18578.145295777023,445.0,-1,-1,-1.0
4848,4848,-35973.633028299286,22003.37390832773,408.0,-1,23,-1.0
4849,4849,-3604.5749226244006,3692.5563772379455,288.0,-1,27,-1.0
4850,4850,-26818.57435100007,15323.906320054404,416.0,-1,-1,-1.0
4851,4851,9453.557214697765,-20772.04462668419,124.0,-1,-1,-1.0
4852,4852,28099.360948252757,-34053.4986991287,311.0,-1,-1,-1.0
4853,4853,27619.936711143004,37429.94919110417,319.0,-1,-1,-1.0
4854,4854,34758.93138108893,-37654.83267594766,110.0,-1,-1,-1.0
4855,4855,13410.584753105317,-2626.486995514708,382.0,-1,-1,-1.0
4856,4856,-23872.18634217521,-10361.37534124789,297.0,-1,-1,-1.0
4857,4857,13616.098447254952,-30822.396008647516,31.0,-1,-1,-1.0
4858,4858,2954.9420468487515,3834.0600376929,470.0,-1,14,-1.0
4859,4859,-8115.0143463081295,-23535.49013861057,339.0,-1,-1,-1.0
4860,4860,23134.091091800183,-2221.43522151596,276.0,-1,44,-1.0
4861,4861,14029.09140981327,-35663.35319913173,338.0,-1,-1,-1.0
4862,4862,2601.2914028949817,-19354.42254895312,10.0,-1,-1,-1.0
4863,4863,35736.92017859405,35146.144680559504,315.0,-1,-1,-1.0
4864,4864,-16838.77209810453,-7899.367538143797,469.0,-1,43,-1.0
4865,4865,-15643.287545446488,7412.547933660833,49.0,-1,-1,-1.0
4866,4866,-5414.603543664889,-35998.15821886282,471.0,-1,-1,-1.0
4867,4867,25514.846321979705,-30970.163556480275,297.0,-1,-1,-1.0
4868,4868,-13166.24623180239,-39189.70729301131,402.0,-1,-1,-1.0
4869,4869,-3684.344806753005,1194.6310265885986,411.0,-1,27,-1.0
4870,4870,-33960.04014433469,21426.27073923824,176.0,-1,-1,-1.0
4871,4871,-12327.986629820673,-31268.874996902072,424.0,-1,-1,-1.0
4872,4872,-33235.03969157198,-30810.724855793334,298.0,-1,34,-1.0
4873,4873,-24984.9542732996,30284.95675554007,42.0,-1,-1,-1.0
4874,4874,22320.788334479512,-33520.60209857541,65.0,-1,-1,-1.0
4875,4875,25490.38748762333,32432.09048418672,283.0,-1,-1,-1.0
4876,4876,-32922.91945665886,-32904.845818598216,499.0,-1,-1,-1.0
4877,4877,34767.72052544342,-8550.355187492107,492.0,-1,33,-1.0
4878,4878,27456.789344199904,2995.933816273253,74.0,-1,-1,-1.0
4879,4879,-3690.410446206072,-11602.882749479722,393.0,-1,-1,-1.0
4880,4880,-29577.21098931275,13213.841911480811,10.0,-1,-1,-1.0
4881,4881,27100.81156341068,38076.18762962404,237.0,-1,-1,-1.0
4882,4882,9042.524255709612,-33897.23323688398,480.0,-1,-1,-1.0
4883,4883,-9839.0343946863,26801.82820585757,440.0,-1,48,-1.0
4884,4884,-35668.809609010736,-4976.1449168052495,344.0,-1,-1,-1.0
4885,4885,27542.170150925813,-28472.85202646831,437.0,-1,-1,-1.0
4886,4886,-38141.02047933057,-37224.38736070912,221.0,-1,-1,-1.0
4887,4887,-34887.702512119766,-6197.119165291952,210.0,-1,-1,-1.0
4888,4888,24399.15324528161,-3826.301594883771,410.0,-1,-1,-1.0
4889,4889,20956.93565284426,-29834.787642411167,311.0,-1,-1,-1.0
4890,4890,27205.045121493706,-21688.862085205077,181.0,-1,45,-1.0
4891,4891,37235.3754425005,1540.825381747061,191.0,-1,28,-1.0
4892,4892,-20848.663191318792,11393.580233617264,400.0,-1,-1,-1.0
4893,4893,38902.640017242826,10715.6613829977,230.0,-1,-1,-1.0
4894,4894,-231.55520783818795,8820.631393168886,111.0,-1,27,-1.0
4895,4895,-27970.405507522224,-20623.67091014778,159.0,-1,39,-1.0
4896,4896,33225.97668790516,-2032.624727661787,374.0,-1,33,-1.0
4897,4897,-28372.34637181961,-22435.22985112672,26.0,-1,39,-1.0
4898,4898,10282.711471186056,-65.45732113208942,5.0,-1,-1,-1.0
4899,4899,-4585.316582512787,5750.28254790444,241.0,-1,27,-1.0
4900,4900,27632.265070707464,-10153.246120283637,25.0,-1,-1,-1.0
4901,4901,13194.25377155339,37832.76085850631,402.0,-1,-1,-1.0
4902,4902,4864.821859075841,8873.709744156877,68.0,-1,27,-1.0
4903,4903,6481.635086009672,-5803.457729365968,494.0,-1,-1,-1.0
4904,4904,19010.890884571607,24047.480021935546,12.0,-1,18,-1.0
4905,4905,-11106.491070746835,-34117.53972801609,49.0,-1,-1,-1.0
4906,4906,15919.041987651566,39114.51355643649,412.0,-1,-1,-1.0
4907,4907,-35626.51422549045,-23802.886130239454,219.0,-1,-1,-1.0
4908,4908,-20656.042608834905,15168.159392609814,342.0,-1,-1,-1.0
4909,4909,-8594.900354268455,-4479.247398076717,491.0,-1,-1,-1.0
4910,4910,-30573.41455241591,-28531.22040250732,243.0,-1,-1,-1.0
4911,4911,27751.76994507568,-30863.92730375136,66.0,-1,-1,-1.0
4912,4912,38335.85079863062,24853.434459585835,168.0,-1,-1,-1.0
4913,4913,-15226.895766853131,10642.427509838308,37.0,-1,-1,-1.0
4914,4914,-38334.99658768407,3485.117956723436,486.0,-1,-1,-1.0
4915,4915,23874.43071466069,11271.506900780252,74.0,-1,-1,-1.0
4916,4916,28193.06586503412,27861.44945167139,286.0,-1,-1,-1.0
4917,4917,3441.838519864796,-3765.5858843094393,390.0,-1,-1,-1.0
4918,4918,-33628.80648496079,-39142.79440045066,109.0,-1,-1,-1.0
4919,4919,-9633.686624581347,31708.119763331328,36.0,-1,-1,-1.0
4920,4920,-23683.06852617814,-11564.392090469091,284.0,-1,-1,-1.0
4921,4921,-36609.85313424516,6296.762969658841,35.0,-1,-1,-1.0
4922,4922,-10713.2079328254,16154.80340666756,187.0,-1,-1,-1.0
4923,4923,13014.406035281638,3825.843422854108,145.0,-1,-1,-1.0
4924,4924,4039.096175738523,26166.626628098704,121.0,-1,48,-1.0
4925,4925,32231.414962266037,13290.704192174113,107.0,-1,28,-1.0
4926,4926,8976.566202420872,-1000.0645454308104,475.0,-1,-1,-1.0
4927,4927,-18681.290289241977,25942.125374471754,68.0,-1,-1,-1.0
4928,4928,-10768.2139899725,25434.784531181453,194.0,-1,-1,-1.0
4929,4929,30003.70104607737,-37651.44983979461,4.0,-1,-1,-1.0
4930,4930,-18961.228290135503,14135.566714217988,482.0,-1,-1,-1.0
4931,4931,34287.346821566214,-19184.617710357023,353.0,-1,-1,-1.0
4932,4932,27040.311668170936,-31330.891855174512,81.0,-1,-1,-1.0
4933,4933,21082.84710766065,4923.195825613169,295.0,-1,-1,-1.0
4934,4934,-18794.24655990573,22040.027493801703,64.0,-1,-1,-1.0
4935,4935,-7939.829806781137,8357.84950550492,326.0,-1,27,-1.0
4936,4936,39625.5742430586,-28848.132997917462,399.0,-1,-1,-1.0
4937,4937,-16539.94739706306,-5944.012739736107,147.0,-1,43,-1.0
4938,4938,3915.121586707028,-38470.48155040185,420.0,-1,1,-1.0
4939,4939,-7070.224745485553,-36364.56747082056,259.0,-1,-1,-1.0
4940,4940,34598.855060957605,-400.8315770608242,43.0,-1,-1,-1.0
4941,4941,-25166.440456061777,-26473.87836270592,41.0,-1,38,-1.0
4942,4942,29574.56278416165,6869.0767449832565,257.0,-1,-1,-1.0
4943,4943,8240.48899031651,3118.7920699107053,327.0,-1,-1,-1.0
4944,4944,-2251.993673200559,-8090.437705048003,333.0,-1,31,-1.0
4945,4945,-31444.20373400017,7736.608793011248,401.0,-1,24,-1.0
4946,4946,-23272.23456624891,-29396.931422067973,365.0,-1,-1,-1.0
4947,4947,-3493.105509495741,2687.518473964621,277.0,-1,27,-1.0
4948,4948,25663.46651380883,-31048.283373395054,348.0,-1,-1,-1.0
4949,4949,12181.274998347011,-13066.099035417175,369.0,-1,-1,-1.0
4950,4950,-24196.372757178106,-11808.788704815195,331.0,-1,-1,-1.0
4951,4951,-27495.39536769192,-10255.617852734227,89.0,-1,-1,-1.0
4952,4952,-35630.16913312866,15614.34056889861,177.0,-1,24,-1.0
4953,4953,24059.78816979552,10845.889583215634,320.0,-1,-1,-1.0
4954,4954,-7541.740689678845,-4078.728407625458,212.0,-1,-1,-1.0
4955,4955,30350.87742193241,535.2571045898076,89.0,-1,-1,-1.0
4956,4956,1004.358117472555,21499.13996002841,240.0,-1,46,-1.0
4957,4957,-15949.030804109008,-21955.391040414223,288.0,-1,-1,-1.0
4958,4958,12673.618169586458,23442.255312658228,144.0,-1,-1,-1.0
4959,4959,3296.340344049342,-16257.367583966135,6.0,-1,31,-1.0
4960,4960,18275.652156063297,-8128.038133862221,327.0,-1,-1,-1.0
4961,4961,4599.825647364844,-33217.56543263467,431.0,-1,1,-1.0
4962,4962,17955.407168431404,2719.5329056140326,73.0,-1,-1,-1.0
4963,4963,-26890.444460202147,22314.523028711345,392.0,-1,-1,-1.0
4964,4964,-11880.539498929493,-4895.68077934668,15.0,-1,-1,-1.0
4965,4965,24815.146369890343,32554.772887430547,8.0,-1,-1,-1.0
4966,4966,-36979.68532585938,25001.405124703968,290.0,-1,23,-1.0
4967,4967,-803.6946094223531,1607.8538512896555,18.0,-1,22,-1.0
4968,4968,-18391.06118397836,26786.422145137025,314.0,-1,48,-1.0
4969,4969,34986.47338202244,-32332.720245382538,396.0,-1,-1,-1.0
4970,4970,-8827.999755835113,19743.53856848924,222.0,-1,-1,-1.0
4971,4971,-34883.71914790607,-10732.495538439029,414.0,-1,-1,-1.0
4972,4972,-5742.61538638339,37000.67193975988,349.0,-1,-1,-1.0
4973,4973,-18013.022589672295,-25997.75028816036,411.0,-1,36,-1.0
4974,4974,15601.36902666837,30578.909459013856,172.0,-1,-1,-1.0
4975,4975,-10501.53880475482,-29341.683778825995,116.0,-1,-1,-1.0
4976,4976,35147.88751369271,14731.31561426325,450.0,-1,28,-1.0
4977,4977,361.4942871311068,-35032.93243994372,296.0,-1,-1,-1.0
4978,4978,-23876.79052130256,5687.253043467477,399.0,-1,-1,-1.0
4979,4979,11046.089944643703,33010.20774409638,308.0,-1,47,55.0
4980,4980,-33381.55158326009,29268.37184265416,102.0,-1,-1,-1.0
4981,4981,-25887.196770806982,22236.241563654643,368.0,-1,-1,-1.0
4982,4982,-16948.25140998178,8154.435541441708,333.0,-1,26,-1.0
4983,4983,-27049.768987059982,38915.05014768648,396.0,-1,-1,-1.0
4984,4984,-11328.650586249449,-17808.6483269392,497.0,-1,31,-1.0
4985,4985,-2506.7285716892293,22666.53526383161,9.0,-1,-1,-1.0
4986,4986,-32979.104690987704,23209.15905164765,220.0,-1,-1,-1.0
4987,4987,10956.84715219432,22371.03852036465,90.0,-1,-1,-1.0
4988,4988,-863.0679652991093,-20263.931324761757,319.0,-1,31,-1.0
4989,4989,-8875.793461420002,7711.608480484225,492.0,-1,27,-1.0
4990,4990,-26961.643808724923,-38338.65451032245,292.0,-1,-1,-1.0
4991,4991,17809.572801447066,-36864.14522235869,315.0,-1,-1,-1.0
4992,4992,-21735.48198039117,-2614.04476365132,281.0,-1,43,-1.0
4993,4993,-33208.250544347175,-335.1554610610183,442.0,-1,-1,-1.0
4994,4994,15862.113873146229,3618.5801311499754,257.0,-1,2,-1.0
4995,4995,37361.466833605344,18236.198088251527,484.0,-1,28,-1.0
4996,4996,-38646.6726906763,-7718.505026723524,388.0,-1,-1,-1.0
4997,4997,-39360.71580036895,28115.43779146974,18.0,-1,-1,-1.0
4998,4998,-15311.846975367424,10182.17710278531,418.0,-1,-1,-1.0
4999,4999,-29197.63317166714,-243.55511211892008,336.0,-1,-1,-1.0
5000,5000,39329.40967819816,39099.01004730926,417.0,-1,-1,-1.0
5001,5001,9755.630793269302,146.65920630269102,395.0,-1,-1,-1.0
5002,5002,108.19563021235808,28650.50485239793,4.0,-1,-1,-1.0
5003,5003,-12951.295135663702,32555.549000574363,187.0,-1,48,-1.0
5004,5004,-3157.497365919902,8661.719802025036,392.0,-1,27,-1.0
5005,5005,24687.18767558697,20524.425554472426,353.0,-1,-1,-1.0
5006,5006,16339.90666881002,-19316.501793351392,12.0,-1,-1,-1.0
5007,5007,3994.52096667562,-6198.007872518894,122.0,-1,-1,-1.0
5008,5008,29456.97319538596,37925.721864522726,39.0,-1,11,-1.0
5009,5009,27101.84006376662,11414.66505736405,105.0,-1,15,-1.0
5010,5010,15788.29147589791,1382.6102404437695,337.0,-1,-1,-1.0
5011,5011,-21451.944811765672,-19462.659511700866,322.0,-1,-1,-1.0
5012,5012,-8374.362786526195,-2335.418824157583,493.0,-1,-1,-1.0
5013,5013,19742.72884668617,-28248.61703448708,280.0,-1,-1,-1.0
5014,5014,12488.19353279732,10225.67389826462,152.0,-1,-1,-1.0
5015,5015,-25177.57534944879,-24380.63669526582,211.0,-1,-1,-1.0
5016,5016,3304.6370915308144,13800.39590483196,412.0,-1,-1,-1.0
5017,5017,24695.629527319616,38344.1202319171,392.0,-1,30,-1.0
5018,5018,-13907.983456936454,-39878.96260226148,448.0,-1,-1,-1.0
5019,5019,-31081.85418696072,807.247180180515,165.0,-1,-1,-1.0
5020,5020,-3086.7145197872524,27132.77566919208,387.0,-1,48,-1.0
5021,5021,-17065.831575109165,37318.35875259548,207.0,-1,-1,-1.0
5022,5022,-29522.13710596413,-12791.600531658009,102.0,-1,-1,-1.0
5023,5023,-20226.71925567624,-4699.204683927303,454.0,-1,-1,-1.0
5024,5024,-37846.91687411989,-12965.07544146988,140.0,-1,32,38.0
5025,5025,-28751.90486590838,19367.550915260246,265.0,-1,-1,-1.0
5026,5026,-18730.103200876336,-22094.822801486844,353.0,-1,-1,-1.0
5027,5027,14187.089304647874,35202.56619295971,186.0,-1,-1,-1.0
5028,5028,-25549.406579228853,-24026.24569806968,381.0,-1,-1,-1.0
5029,5029,12468.970239211369,37302.47503942398,128.0,-1,-1,-1.0
5030,5030,39445.78990696362,15543.293604517014,36.0,-1,-1,-1.0
5031,5031,19747.175434070712,26162.79101863221,50.0,-1,-1,-1.0
5032,5032,8163.283819312135,24956.856565953152,28.0,-1,48,-1.0
5033,5033,-24581.107882487035,-2399.985599856278,374.0,-1,41,-1.0
5034,5034,-6732.336470837938,-18137.533057881275,251.0,-1,-1,-1.0
5035,5035,-13187.603662612251,-37676.53345775645,255.0,-1,-1,-1.0
5036,5036,4887.150743854239,26501.518706744508,378.0,-1,-1,-1.0
5037,5037,36231.10871027901,3749.921636808809,139.0,-1,28,-1.0
5038,5038,37235.44136513458,-2225.3740322269805,428.0,-1,-1,-1.0
5039,5039,-11649.667292941973,-18210.860667518453,252.0,-1,31,-1.0
5040,5040,-3977.411820464258,-27717.9321591328,387.0,-1,-1,-1.0
5041,5041,-21002.892514845327,16573.11089286478,443.0,-1,-1,-1.0
5042,5042,4498.070877711034,-8583.779721029867,194.0,-1,-1,-1.0
5043,5043,-31328.17027784809,-19242.61412867387,157.0,-1,-1,-1.0
5044,5044,36186.61910092985,19865.163871648067,13.0,-1,28,-1.0
5045,5045,-11626.79626028572,-28496.73511740825,184.0,-1,-1,-1.0
5046,5046,26389.458613405484,-7652.794599760007,224.0,-1,-1,-1.0
5047,5047,20425.38771605189,-11088.20526391474,343.0,-1,-1,-1.0
5048,5048,-37080.52636571838,-37196.680741502845,112.0,-1,19,-1.0
5049,5049,5645.728895380205,34010.12117028744,144.0,-1,-1,-1.0
5050,5050,-33086.137047940654,10764.839418331518,260.0,-1,-1,-1.0
5051,5051,-24419.446198263897,512.6974294148531,374.0,-1,-1,-1.0
5052,5052,27482.103607711902,34199.61897121731,437.0,-1,-1,-1.0
5053,5053,-31369.85519247216,23182.60282579974,135.0,-1,-1,-1.0
5054,5054,-36417.334710538606,9046.720055150356,250.0,-1,24,-1.0
5055,5055,16713.53485766949,24901.669902570706,378.0,-1,9,-1.0
5056,5056,-14961.21786057315,-14386.87364515289,390.0,-1,-1,-1.0
5057,5057,33424.92471263897,-11807.979541465613,295.0,-1,-1,-1.0
5058,5058,-22582.840637494188,13235.428628445943,103.0,-1,-1,-1.0
5059,5059,-13699.59714273045,-419.5241318893022,66.0,-1,-1,-1.0
5060,5060,-27887.997597424008,129.6321494471922,203.0,-1,41,-1.0
5061,5061,-13385.131143570186,27931.082189985027,211.0,-1,48,60.0
5062,5062,37744.06494323777,-6979.273998771772,26.0,-1,-1,-1.0
5063,5063,12475.596986098784,16308.400394541772,351.0,-1,-1,-1.0
5064,5064,-39135.19359686509,-18215.087399523178,157.0,-1,0,-1.0
5065,5065,-36887.86800521695,14948.716095448252,394.0,-1,24,-1.0
5066,5066,-39924.26591244953,4304.047083819292,318.0,-1,-1,-1.0
5067,5067,25859.04632856317,-16626.26201590311,402.0,-1,45,-1.0
5068,5068,-18332.350806883547,-36540.42440185357,451.0,-1,-1,-1.0
5069,5069,-35028.201621105254,22049.933137933735,458.0,-1,-1,-1.0
5070,5070,-33321.31111443015,21754.23363303679,281.0,-1,-1,-1.0
5071,5071,32793.155374561844,-3115.7561288462093,20.0,-1,-1,-1.0
5072,5072,-15086.216692064843,15124.994843407214,7.0,-1,-1,-1.0
5073,5073,22981.304483898777,-1806.8949239845024,379.0,-1,44,-1.0
5074,5074,39118.92558724679,-13059.899392869916,495.0,-1,-1,-1.0
5075,5075,27496.79037100049,-9856.959472053655,232.0,-1,-1,-1.0
5076,5076,-9544.89047502917,33705.7305784284,93.0,-1,-1,-1.0
5077,5077,-28070.95009190396,-20446.75805916788,227.0,-1,39,-1.0
5078,5078,-34067.05135008356,26571.0010376586,38.0,-1,-1,-1.0
5079,5079,33307.97982545043,-33267.5509448299,4.0,-1,-1,-1.0
5080,5080,-20105.61352412009,-31401.612524646374,196.0,-1,-1,-1.0
5081,5081,-24527.1550085058,-17151.053214632866,77.0,-1,-1,-1.0
5082,5082,3867.198259923447,8169.861404275674,465.0,-1,27,-1.0
5083,5083,-2278.660369030411,18461.21453403739,259.0,-1,46,-1.0
5084,5084,26993.562029315784,-9615.974136914334,120.0,-1,-1,-1.0
5085,5085,26316.99498732091,-6633.164235166412,277.0,-1,-1,-1.0
5086,5086,7921.117760745568,23401.23798657236,374.0,-1,-1,-1.0
5087,5087,12791.166713676364,-18334.75923277804,379.0,-1,-1,-1.0
5088,5088,5511.1112911784585,14614.480266086706,96.0,-1,8,-1.0
5089,5089,29522.54063369964,28086.63578916945,160.0,-1,10,-1.0
5090,5090,634.0982053681219,37879.056444253816,259.0,-1,-1,-1.0
5091,5091,35252.549430071274,17465.710737578396,11.0,-1,28,-1.0
5092,5092,-1386.7210060895522,-26078.52689573347,310.0,-1,25,-1.0
5093,5093,39088.00540110971,-30881.309855076022,291.0,-1,-1,-1.0
5094,5094,22247.837380286877,3736.3826864857183,401.0,-1,-1,-1.0
5095,5095,-10536.618892222985,-26528.82384723303,12.0,-1,17,-1.0
5096,5096,33267.58465244855,38038.47814109057,161.0,-1,-1,-1.0
5097,5097,-18454.355803732557,-14506.19908167634,4.0,-1,42,-1.0
5098,5098,24345.86435542231,7236.767114780981,434.0,-1,-1,-1.0
5099,5099,9966.843364695662,36184.94482505969,121.0,-1,-1,-1.0
5100,5100,12326.901949904714,20327.852505563824,447.0,-1,-1,-1.0
5101,5101,-16301.99626584023,15315.397483215864,238.0,-1,-1,-1.0
5102,5102,23325.385971702824,-39106.86242965429,180.0,-1,-1,-1.0
5103,5103,22776.96422486393,-26054.40157712458,169.0,-1,-1,-1.0
5104,5104,37320.39028569676,32940.103457107994,183.0,-1,10,-1.0
5105,5105,6189.316858598657,-12555.24762423943,45.0,-1,31,-1.0
5106,5106,-36489.25527169059,37785.53825299972,384.0,-1,5,-1.0
5107,5107,22582.50102513312,24424.693849099567,294.0,-1,18,-1.0
5108,5108,-37233.02817639266,-21304.203620983597,480.0,-1,0,-1.0
5109,5109,-4655.373083764003,-11987.88393230383,137.0,-1,31,-1.0
5110,5110,-21417.3660613362,-6785.078927193441,102.0,-1,-1,-1.0
5111,5111,-35598.2566683256,-21600.4887636249,488.0,-1,0,-1.0
5112,5112,16183.30219013754,-33150.061880097855,414.0,-1,3,-1.0
5113,5113,-5655.281347431941,-6959.400367986127,462.0,-1,31,-1.0
5114,5114,4571.450835934818,19574.44755099839,352.0,-1,-1,-1.0
5115,5115,32742.811647815324,9386.977653631751,150.0,-1,-1,-1.0
5116,5116,32558.088299367417,-12229.53328166568,382.0,-1,-1,-1.0
5117,5117,-29286.46326040981,-2018.496040792372,482.0,-1,41,-1.0
5118,5118,38749.95599822418,11467.569655372485,378.0,-1,-1,-1.0
5119,5119,-35399.27393420225,5780.78802723984,132.0,-1,-1,-1.0
5120,5120,-11922.26673501631,-20125.891596533653,7.0,-1,-1,-1.0
5121,5121,3829.92718011127,-3863.318195897024,423.0,-1,-1,-1.0
5122,5122,-16439.46751251871,17966.422066389874,19.0,-1,-1,-1.0
5123,5123,-17644.08599433642,35199.75628438362,312.0,-1,-1,-1.0
5124,5124,35414.41290731139,-9805.987852328057,387.0,-1,-1,-1.0
5125,5125,-19271.233492452648,5671.507184712536,210.0,-1,-1,-1.0
5126,5126,21966.03549632584,18188.08845829293,108.0,-1,18,-1.0
5127,5127,32626.9414553612,37042.12675936311,294.0,-1,11,-1.0
5128,5128,25397.825626349208,-29641.023584204777,499.0,-1,45,-1.0
5129,5129,31924.32791249108,-28863.731947977023,27.0,-1,-1,-1.0
5130,5130,-16691.864906676674,32548.7439662159,272.0,-1,-1,-1.0
5131,5131,-14969.103945916391,28372.426371941867,305.0,-1,48,-1.0
5132,5132,18569.86601290459,30301.32706303225,118.0,-1,30,-1.0
5133,5133,25685.86125120215,-34865.25312387662,336.0,-1,-1,-1.0
5134,5134,4198.238908471561,21616.20893321436,329.0,-1,46,-1.0
5135,5135,19454.96146240078,16.03788832300779,299.0,-1,-1,-1.0
5136,5136,24581.36943486365,-10228.735599586757,389.0,-1,-1,-1.0
5137,5137,-10242.104464677996,-30569.086759094436,73.0,-1,-1,-1.0
5138,5138,35131.81600745312,-22858.01575735098,437.0,-1,-1,-1.0
5139,5139,33069.23187448556,14926.52834869051,198.0,-1,-1,-1.0
5140,5140,11069.500703797072,-33367.101164543354,206.0,-1,-1,-1.0
5141,5141,22070.13710882109,-27260.03944844398,32.0,-1,-1,-1.0
5142,5142,-6329.4542876667765,-21407.41682887051,224.0,-1,-1,-1.0
5143,5143,12669.907166260537,17989.359432911682,68.0,-1,-1,-1.0
5144,5144,-39461.93662584349,16336.573231621318,47.0,-1,-1,-1.0
5145,5145,-16348.570817759097,-24598.53503204722,460.0,-1,-1,-1.0
5146,5146,-24505.55389884351,21340.885443827945,59.0,-1,-1,-1.0
5147,5147,-8799.516594914297,-1160.88994882103,264.0,-1,-1,-1.0
5148,5148,-8980.083361832261,4292.526238187718,312.0,-1,27,-1.0
5149,5149,36982.8594402483,-15208.776687982474,209.0,-1,-1,-1.0
5150,5150,-23456.32426933296,10813.082702420244,434.0,-1,40,-1.0
5151,5151,-36721.22240447981,-28089.104996825685,50.0,10,20,23.0
5152,5152,-36762.695832660735,-28187.29364720847,51.0,10,20,23.0
5153,5153,-36759.86612872381,-28161.671982452568,51.0,10,20,23.0
5154,5154,-36785.16669382126,-28256.44222088784,52.0,10,20,23.0
5155,5155,-36806.01978035268,-28322.567246396997,53.0,10,20,23.0
5156,5156,-36747.87280624664,-28403.571884127843,55.0,10,20,23.0
5157,5157,-36817.34075474671,-28481.402270662817,61.0,10,20,23.0
5158,5158,-36846.9869482789,-28565.792635680904,63.0,10,20,23.0
5159,5159,-36900.93703501947,-28529.737001164256,63.0,10,20,23.0
5160,5160,-36876.95771603193,-28580.17573189317,63.0,10,20,23.0
5161,5161,-36797.43106876811,-28532.31092396249,63.0,10,20,23.0
5162,5162,-36861.6200104832,-28648.967318073195,64.0,10,20,23.0
5163,5163,-36825.6318792667,-28716.36413404176,65.0,10,20,23.0
5164,5164,-36810.802386447554,-28728.66707243792,65.0,10,20,23.0
5165,5165,-36837.105775463446,-28826.629885016588,66.0,10,20,23.0
5166,5166,-36904.0095994555,-28902.44160043976,67.0,10,20,23.0
5167,5167,-36874.21117086303,-28899.53056625873,67.0,10,20,23.0
5168,5168,-36837.87907645539,-28961.107386104788,70.0,10,20,23.0
5169,5169,-36923.7269151868,-28969.89322921568,70.0,10,20,23.0
5170,5170,-36873.74576358891,-29073.168868433837,72.0,10,20,23.0
5171,5171,-36955.535620016,-29025.71935884718,72.0,10,20,23.0
5172,5172,-36969.69093438583,-29013.61141632439,72.0,10,20,23.0
5173,5173,-37041.66552601623,-29114.274851287904,73.0,10,20,23.0
5174,5174,-36968.86031197738,-29136.89091895001,73.0,10,20,23.0
5175,5175,-36802.57805032629,-29129.79494483456,73.0,10,20,23.0
5176,5176,-36942.72509530992,-29195.484084769545,74.0,10,20,23.0
5177,5177,-37013.04436497409,-29285.870151262337,76.0,10,20,23.0
5178,5178,-37096.4448570856,-29374.92955331277,77.0,10,20,23.0
5179,5179,-37059.54333026262,-29328.661187985195,77.0,10,20,23.0
5180,5180,-37137.35498479902,-29409.3134687244,78.0,10,20,23.0
5181,5181,-37067.71679193719,-29465.64704696696,80.0,10,20,23.0
5182,5182,-37111.73159120892,-29552.462448831764,81.0,10,20,23.0
5183,5183,-37152.92086444258,-29473.344625688194,81.0,10,20,23.0
5184,5184,-37223.98783890003,-29575.110284314316,82.0,10,20,23.0
5185,5185,-37200.08944875943,-29661.485476530983,84.0,10,20,23.0
5186,5186,-37251.340793985815,-29721.28974811245,86.0,10,20,23.0
5187,5187,-37168.03101162888,-29752.04530752764,86.0,10,20,23.0
5188,5188,-37162.66932135174,-29856.851763019826,88.0,10,20,23.0
5189,5189,-37023.795619651486,-29849.97816022339,91.0,10,20,23.0
5190,5190,-37018.645002133904,-29917.94674355795,92.0,10,20,23.0
5191,5191,-37034.439994438544,-30008.31944815416,93.0,10,20,23.0
5192,5192,-37100.76660767492,-30113.32512113953,94.0,10,20,23.0
5193,5193,-37201.4858206209,-30165.12454347793,97.0,10,20,23.0
5194,5194,-37139.42033240457,-30169.90763194868,97.0,10,20,23.0
5195,5195,-37207.71313858254,-30279.272422721235,98.0,10,20,23.0
5196,5196,-37241.04240095931,-30224.25673077001,98.0,10,20,23.0
5197,5197,-37254.35780185469,-30352.69494053071,99.0,10,20,23.0
5198,5198,-37226.59302384301,-30325.54046274257,99.0,10,20,23.0
5199,5199,-37174.29324636296,-30325.434901700773,104.0,10,20,23.0
5200,5200,-37283.94304039089,-30441.965796395467,104.0,10,20,23.0
5201,5201,-37337.62530259437,-30329.10042498658,106.0,10,20,23.0
5202,5202,-37244.35256928446,-30490.28650659522,106.0,10,20,23.0
5203,5203,-37366.53622921137,-30478.073765319445,110.0,10,20,23.0
5204,5204,-37450.78390208309,-30564.373062080645,112.0,10,20,23.0
5205,5205,-37302.53173566322,-30518.349428687903,112.0,10,20,23.0
5206,5206,-37399.97289301012,-30638.42264815093,113.0,10,20,23.0
5207,5207,-37502.07516742992,-30597.47898833576,113.0,10,20,23.0
5208,5208,-37421.31310042082,-30663.122948334047,113.0,10,20,23.0
5209,5209,-37454.642762108095,-30698.18765977965,114.0,10,20,23.0
5210,5210,-37423.72675222888,-30791.296174279752,115.0,10,20,23.0
5211,5211,-37384.28939313544,-30887.58600081741,117.0,10,20,23.0
5212,5212,-37541.95109866841,-30870.79260496953,117.0,10,20,23.0
5213,5213,-37465.340223878135,-30945.39348848533,118.0,10,20,23.0
5214,5214,-37368.80205223141,-31025.32757829349,121.0,10,20,23.0
5215,5215,-37312.78096462257,-31096.07778932617,122.0,10,20,23.0
5216,5216,-37295.04092275402,-31200.362733658065,123.0,10,20,23.0
5217,5217,-37286.154033972656,-31186.138867471527,123.0,10,20,23.0
5218,5218,-37308.890536069455,-31182.790857845157,123.0,10,20,23.0
5219,5219,-37272.06542522788,-31294.53329093516,124.0,10,20,23.0
5220,5220,-37321.29710699991,-31388.44620843376,126.0,10,20,23.0
5221,5221,-37305.3240506731,-31511.443117584564,128.0,10,20,23.0
5222,5222,-37399.98872195481,-31578.26851307118,129.0,10,20,23.0
5223,5223,-37289.694137738064,-31617.280278896207,129.0,10,20,23.0
5224,5224,-37271.69646606268,-31667.88153741868,132.0,10,20,23.0
5225,5225,-37263.36055683823,-31619.348410412564,132.0,10,20,23.0
5226,5226,-37347.6304016921,-31714.90013810226,135.0,10,20,23.0
5227,5227,-37294.65568591422,-31790.210502423608,137.0,10,20,23.0
5228,5228,-37401.12236610319,-31806.86601583326,137.0,10,20,23.0
5229,5229,-37348.1133752832,-31940.09715447045,138.0,10,20,23.0
5230,5230,-37324.036649965296,-31890.228938548764,138.0,10,20,23.0
5231,5231,-37251.86198727759,-31950.53100594804,139.0,10,20,23.0
5232,5232,-37260.95439184346,-32037.456373624704,140.0,10,20,23.0
5233,5233,-37262.80477759571,-32108.81874640225,141.0,10,20,23.0
5234,5234,-37187.70661805579,-32100.969044855578,141.0,10,20,23.0
5235,5235,-37250.34618700216,-32127.941389347085,141.0,10,20,23.0
5236,5236,-37223.84508276106,-32188.68305659423,143.0,10,20,23.0
5237,5237,-37195.6106950864,-32249.97295767152,144.0,10,20,23.0
5238,5238,-37187.34255809474,-32303.64571649704,144.0,10,20,23.0
5239,5239,-37197.23867562466,-32353.528006214,147.0,10,20,23.0
5240,5240,-37251.853156329234,-32321.64180915259,147.0,10,20,23.0
5241,5241,-37222.25200897012,-32416.80943082448,149.0,10,20,23.0
5242,5242,-37188.08484911205,-32512.56159498711,150.0,10,20,23.0
5243,5243,-37152.89790388752,-32591.23217060064,153.0,10,20,23.0
5244,5244,-37233.04064820722,-32599.498257846397,153.0,10,20,23.0
5245,5245,-37234.28891490943,-32588.596443126156,153.0,10,20,23.0
5246,5246,-37241.2673444141,-32558.419979311013,153.0,10,20,23.0
5247,5247,-37245.17402491469,-32673.064742904447,155.0,10,20,23.0
5248,5248,-37200.62891771395,-32760.737159490807,157.0,10,20,23.0
5249,5249,-37209.86303248322,-32875.05387265029,158.0,10,20,23.0
5250,5250,-37189.95564425235,-32953.648519354894,159.0,10,20,23.0
5251,5251,-37075.04152783925,-32971.42364710275,160.0,10,20,23.0
5252,5252,-37279.16850933109,-33062.25175725373,160.0,10,20,23.0
5253,5253,-37130.82769477744,-33014.24259923113,160.0,10,20,23.0
5254,5254,-37102.46962918437,-33057.47426437137,161.0,10,20,23.0
5255,5255,-37136.41425569262,-33111.376328483806,161.0,10,20,23.0
5256,5256,-37134.85031843382,-33191.41891792861,162.0,10,20,23.0
5257,5257,-31108.59268477504,-37152.235726991086,198.0,-1,-1,-1.0
5258,5258,5228.070152411732,3131.763156282883,83.0,-1,14,-1.0
5259,5259,19570.352581960607,-34531.12205277266,252.0,-1,-1,-1.0
5260,5260,6824.558533732285,166.74641362375405,35.0,-1,-1,-1.0
5261,5261,35614.519757811955,24678.20174692204,224.0,-1,-1,-1.0
5262,5262,17042.82232616916,35848.731024500725,296.0,-1,-1,-1.0
5263,5263,17819.399625250262,35779.98931294032,349.0,-1,30,-1.0
5264,5264,22180.37766327469,-10463.233437468,45.0,-1,-1,-1.0
5265,5265,30591.449602460256,22806.72107757821,416.0,-1,-1,-1.0
5266,5266,6560.484125606454,-18511.514233054768,284.0,-1,-1,-1.0
5267,5267,-18698.367442142116,39167.373997209885,171.0,-1,-1,-1.0
5268,5268,2664.298367474992,13668.724162245766,19.0,-1,8,-1.0
5269,5269,39748.12768001515,-2098.222614154074,485.0,-1,-1,-1.0
5270,5270,39196.94770779728,-13587.859932953836,455.0,-1,-1,-1.0
5271,5271,-39368.09240432592,-34856.62747945564,482.0,-1,-1,-1.0
5272,5272,26092.412432674624,-27951.7544124114,185.0,-1,45,-1.0
5273,5273,3502.741143318235,-11396.57109159229,194.0,-1,-1,-1.0
5274,5274,32791.47686094619,-33524.70094705995,138.0,-1,-1,-1.0
5275,5275,21257.774623683028,16381.16623962376,61.0,-1,18,-1.0
5276,5276,-30345.26368842042,-8270.361694046314,224.0,-1,41,47.0
5277,5277,32178.659285746267,35638.78924807826,442.0,-1,-1,-1.0
5278,5278,34181.897814771466,16949.78931151556,446.0,-1,-1,-1.0
5279,5279,15464.14442936259,622.6875695579292,457.0,-1,2,-1.0
5280,5280,12069.980775139113,21068.556374648702,110.0,-1,-1,-1.0
5281,5281,-21334.37268093238,-16649.52489962527,31.0,-1,-1,-1.0
5282,5282,-21337.14031642436,35949.13999354227,25.0,-1,-1,-1.0
5283,5283,-35361.24922995003,14090.451295234096,40.0,-1,-1,-1.0
5284,5284,29271.42962042906,-23013.264249980035,108.0,-1,45,-1.0
5285,5285,-7969.364915320697,-10594.02574485901,335.0,-1,31,-1.0
5286,5286,-36695.43954881947,-34362.811965158144,200.0,-1,19,-1.0
5287,5287,25678.05435030961,33468.75463326549,414.0,-1,-1,-1.0
5288,5288,13690.017618763915,-6036.004459399046,40.0,-1,13,-1.0
5289,5289,-9052.526612008707,6441.47550170638,380.0,-1,27,-1.0
5290,5290,-18471.66320169993,9806.970251952967,332.0,-1,-1,-1.0
5291,5291,-36071.51349874388,8683.505367376012,471.0,-1,24,-1.0
5292,5292,28090.012408609124,33719.501541378675,312.0,-1,-1,-1.0
5293,5293,-27414.99044089744,4890.105791542686,73.0,-1,-1,-1.0
5294,5294,-27715.28511433336,25109.420197665087,115.0,-1,48,-1.0
5295,5295,39883.09825649962,-10407.557772574257,227.0,-1,-1,-1.0
5296,5296,-11095.482221126236,-38853.158798418095,419.0,-1,-1,-1.0
5297,5297,-19992.40183852403,-14999.467772356176,415.0,-1,42,-1.0
5298,5298,31187.815728205664,-17037.413018211315,155.0,-1,-1,-1.0
5299,5299,-16427.36996139785,-37326.22682169813,35.0,-1,-1,-1.0
5300,5300,-36341.29493813624,-21499.58171420295,282.0,-1,0,-1.0
5301,5301,888.8762699439467,6270.218693571114,38.0,-1,-1,-1.0
5302,5302,27378.79253628945,-22954.35470831307,288.0,-1,45,51.0
5303,5303,24784.41588359326,-3752.2471454829065,386.0,-1,-1,-1.0
5304,5304,11718.951487607606,1721.8963350919366,16.0,-1,-1,-1.0
5305,5305,-17354.589765497447,12070.851526409717,434.0,-1,-1,-1.0
5306,5306,15998.85726180536,25556.87874789021,12.0,-1,9,-1.0
5307,5307,26786.674981013668,11939.0618880138,416.0,-1,15,-1.0
5308,5308,19410.950619456496,8118.5468369467635,71.0,-1,-1,-1.0
5309,5309,-34425.28222052143,25855.484453487632,262.0,-1,-1,-1.0
5310,5310,-3094.278407538768,14181.72675703466,21.0,-1,-1,-1.0
5311,5311,23032.62843322724,17392.92878024913,140.0,-1,-1,-1.0
5312,5312,23165.44238224071,-21711.225701352912,52.0,-1,-1,-1.0
5313,5313,34797.95940499907,-16908.132874896637,286.0,-1,-1,-1.0
5314,5314,-19792.370619287824,2776.0499775816934,13.0,-1,-1,-1.0
5315,5315,30424.99754972485,-20918.67072789401,334.0,-1,45,-1.0
5316,5316,8657.270618485207,23549.10016028204,254.0,-1,48,-1.0
5317,5317,1293.3978558938034,33936.59333530761,356.0,-1,48,-1.0
5318,5318,-37526.98469118023,-20790.116692879717,300.0,-1,0,-1.0
5319,5319,444.6387103973029,-36824.59123792121,204.0,-1,-1,-1.0
5320,5320,30144.498252076708,35501.583948134314,434.0,-1,-1,-1.0
5321,5321,-31014.04895153668,19508.8972370714,198.0,-1,-1,-1.0
5322,5322,-36233.61050208616,14714.273822714866,195.0,-1,24,-1.0
5323,5323,-30815.371679694785,5868.103525840939,18.0,-1,-1,-1.0
5324,5324,23433.26324917755,39618.139960223096,24.0,-1,-1,-1.0
5325,5325,29642.40292677359,-6977.647965624543,136.0,-1,-1,-1.0
5326,5326,-26442.62798491733,-20205.48838011643,65.0,-1,-1,-1.0
5327,5327,4908.016589943116,-33455.49202530958,290.0,-1,1,-1.0
5328,5328,-10708.331526835977,-25037.165534060783,126.0,-1,17,-1.0
5329,5329,-18064.821125615297,21421.17881842899,416.0,-1,-1,-1.0
5330,5330,-22498.26158268132,-24758.458947360945,105.0,-1,-1,-1.0
5331,5331,36565.36180636971,25793.88107274531,17.0,-1,10,-1.0
5332,5332,-3684.154312316881,28550.24309365296,405.0,-1,-1,-1.0
5333,5333,21652.505003723687,29967.83485911948,283.0,-1,-1,-1.0
5334,5334,7533.944327019577,-19282.067327484918,230.0,-1,-1,-1.0
5335,5335,34868.81593191966,-11413.200929220562,121.0,-1,-1,-1.0
5336,5336,8973.566689926498,-3173.567646747477,115.0,-1,-1,-1.0
5337,5337,-38286.81516878021,-24500.725988477338,61.0,-1,-1,-1.0
5338,5338,35378.788227332145,-1646.902688272232,405.0,-1,-1,-1.0
5339,5339,-25382.0129799215,5500.215432689169,148.0,-1,-1,-1.0
5340,5340,-10310.372887782743,27273.722972868916,58.0,-1,48,-1.0
5341,5341,12935.767952992726,-23137.069190505947,202.0,-1,-1,-1.0
5342,5342,23754.92983891735,10799.275270740383,453.0,-1,-1,-1.0
5343,5343,-22969.98263485437,17506.574590443946,415.0,-1,-1,-1.0
5344,5344,821.8329088464961,-23106.469552183175,175.0,-1,-1,-1.0
5345,5345,-13731.44310899488,-35256.9997808046,208.0,-1,36,-1.0
5346,5346,15279.860860046045,9749.328763152604,66.0,-1,-1,-1.0
5347,5347,3617.390134377121,-9354.920668411913,418.0,-1,-1,-1.0
5348,5348,-12239.26095101308,29327.441420500312,172.0,-1,48,-1.0
5349,5349,8218.741713724914,-38495.74535660158,62.0,-1,1,-1.0
5350,5350,-5827.018989917393,878.1718180190073,133.0,-1,-1,-1.0
5351,5351,9491.31271053008,28562.675379144508,478.0,-1,-1,-1.0
5352,5352,24448.30132443945,-5640.7216417143645,229.0,-1,-1,-1.0
5353,5353,22074.73539288828,13226.258306763077,224.0,-1,-1,-1.0
5354,5354,31301.122111448,37446.65247779945,289.0,-1,11,-1.0
5355,5355,-22416.401375887646,-19486.41554928788,207.0,-1,-1,-1.0
5356,5356,15085.761546083311,28963.998442479497,480.0,-1,9,-1.0
5357,5357,-32983.885597152155,-1148.4661969254885,135.0,-1,-1,-1.0
5358,5358,28208.65638857929,39705.53179363211,169.0,-1,-1,-1.0
5359,5359,-39456.79149358618,-18754.860812146035,490.0,-1,-1,-1.0
5360,5360,-5811.671297902234,6134.516729167226,66.0,-1,-1,-1.0
5361,5361,-387.26380366908415,2507.4494122655888,76.0,-1,22,-1.0
5362,5362,-2963.126043093718,36308.58200575333,322.0,-1,48,57.0
5363,5363,29241.28993495046,10219.06062416138,270.0,-1,-1,-1.0
5364,5364,36777.11206406617,-21763.58975818892,62.0,-1,-1,-1.0
5365,5365,34479.9316503789,18234.87801226453,275.0,-1,28,-1.0
5366,5366,-9111.459170580069,38369.57820670471,42.0,-1,48,57.0
5367,5367,-12967.257455456804,-10678.21367385763,96.0,-1,-1,-1.0
5368,5368,19053.34447119406,-1432.7027034311468,467.0,-1,-1,-1.0
5369,5369,-6325.42742398502,-7602.252909702205,167.0,-1,31,36.0
5370,5370,-15576.736013889691,26542.529023735944,445.0,-1,-1,-1.0
5371,5371,12475.628486900932,-9067.295918617883,4.0,-1,-1,-1.0
5372,5372,31832.518110321485,-27717.254848234727,212.0,-1,-1,-1.0
5373,5373,-16673.51936243919,-37783.181551891794,460.0,-1,-1,-1.0
5374,5374,20194.41165763545,20988.205788890024,264.0,-1,18,-1.0
5375,5375,-37958.32402631576,-8470.370489037872,243.0,-1,32,38.0
5376,5376,4599.242649982225,30767.684527840534,169.0,-1,48,58.0
5377,5377,31312.210801560388,-1047.2501784848791,465.0,-1,-1,-1.0
5378,5378,-14408.787071002973,-8544.056591110508,360.0,-1,-1,-1.0
5379,5379,8688.100965845348,-23314.849491041092,34.0,-1,31,-1.0
5380,5380,-26387.354172977317,-25344.97679996073,154.0,-1,38,-1.0
5381,5381,34395.78597433823,-7482.37464226711,129.0,-1,33,-1.0
5382,5382,31448.812663084347,21387.092316583665,169.0,-1,-1,-1.0
5383,5383,-7066.266969192242,36001.59478161512,204.0,-1,48,57.0
5384,5384,37615.0702341713,37943.7432436809,51.0,-1,-1,-1.0
5385,5385,22507.97006837696,952.2409515759718,154.0,-1,-1,-1.0
5386,5386,37186.763878548256,26842.89852026709,128.0,-1,-1,-1.0
5387,5387,3174.386740588343,3790.2374385510266,196.0,-1,14,-1.0
5388,5388,5419.615682932505,19935.15466610848,239.0,-1,-1,-1.0
5389,5389,-32239.844687207697,22318.975949187487,2.0,-1,-1,-1.0
5390,5390,-25163.922468385743,-39676.40459090652,397.0,-1,-1,-1.0
5391,5391,-39343.41386350591,18585.9372758086,261.0,-1,-1,-1.0
5392,5392,-6582.724702367166,-298.9680177636619,276.0,-1,-1,-1.0
5393,5393,-15359.451203098775,-37945.85276609116,367.0,-1,-1,-1.0
5394,5394,-4258.897912669563,12858.175785985375,453.0,-1,-1,-1.0
5395,5395,24316.413058683072,-14928.429802666817,382.0,-1,45,-1.0
5396,5396,-37690.25147195396,-37113.86015620768,80.0,-1,-1,-1.0
5397,5397,29001.30298239032,14002.694321904237,374.0,-1,-1,-1.0
5398,5398,-8207.830620971039,4364.591896194615,41.0,-1,-1,-1.0
5399,5399,-23796.241261602798,-2545.977524734939,493.0,-1,41,-1.0
5400,5400,-19571.022282654874,21118.93452649677,395.0,-1,-1,-1.0
5401,5401,38749.04338219749,-2972.567513501119,432.0,-1,-1,-1.0
5402,5402,36484.33094414971,7291.403857223144,399.0,-1,28,-1.0
5403,5403,2658.78935297273,-23926.03086589409,126.0,-1,31,-1.0
5404,5404,5477.583890571004,-7696.0840560879005,11.0,-1,-1,-1.0
5405,5405,35188.49259769349,20756.87617871505,174.0,-1,28,-1.0
5406,5406,24743.21013658993,38347.38552673069,387.0,-1,30,-1.0
5407,5407,16802.79026338627,25361.356546914256,395.0,-1,9,-1.0
5408,5408,24429.175116724236,-30395.64244823148,151.0,-1,-1,-1.0
5409,5409,17964.585207119882,12060.347816704309,5.0,-1,-1,-1.0
5410,5410,7398.860002828929,7683.126327511578,443.0,-1,-1,-1.0
5411,5411,-29571.68546678016,11318.134433192485,386.0,-1,-1,-1.0
5412,5412,39570.63999993338,-15171.120012833971,54.0,-1,-1,-1.0
5413,5413,18733.207937347917,12084.93184116282,269.0,-1,-1,-1.0
5414,5414,22958.99023501009,33575.81455092436,318.0,-1,30,-1.0
5415,5415,-7921.033510966317,561.9482235316755,106.0,-1,-1,-1.0
5416,5416,8711.281124605324,-12228.712739763096,95.0,-1,-1,-1.0
5417,5417,-4684.057013853031,-25104.866371312288,341.0,-1,25,-1.0
5418,5418,-9092.920028946017,1584.8685510106734,261.0,-1,-1,-1.0
5419,5419,13005.517958577557,17141.223964015175,289.0,-1,-1,-1.0
5420,5420,-4511.971323152684,-17422.76153308171,395.0,-1,-1,-1.0
5421,5421,-11793.52177907954,-21489.372013662323,104.0,-1,-1,-1.0
5422,5422,-24729.866348447897,-28896.34848245122,218.0,-1,-1,-1.0
5423,5423,26785.987027094176,-37989.62101472054,38.0,-1,-1,-1.0
5424,5424,-37241.581619551216,-38598.38826169919,442.0,-1,-1,-1.0
5425,5425,24229.506221867807,-19888.056981166686,107.0,-1,-1,-1.0
5426,5426,-16201.270761643744,32765.43951054981,82.0,-1,-1,-1.0
5427,5427,7036.7391023756645,27074.475624313,449.0,-1,-1,-1.0
5428,5428,-9294.594979807816,7665.235932790842,284.0,-1,27,-1.0
5429,5429,-25143.40297101847,-10208.77375834911,398.0,-1,-1,-1.0
5430,5430,-14152.114821718387,-1921.099612356178,349.0,-1,-1,-1.0
5431,5431,4723.26047906372,11748.71082497287,493.0,-1,-1,-1.0
5432,5432,-37964.95302755031,-22026.458424007,488.0,-1,0,-1.0
5433,5433,-13743.495175193657,-29384.95431500119,218.0,-1,-1,-1.0
5434,5434,-30550.704487340343,6259.119622275415,115.0,-1,-1,-1.0
5435,5435,27785.45189170183,10919.222423429545,153.0,-1,15,-1.0
5436,5436,30751.3478291558,-10996.524407489713,196.0,-1,-1,-1.0
5437,5437,1070.8362929808063,-10604.451453734231,335.0,-1,31,-1.0
5438,5438,-16109.011043468778,-5376.2750833448445,142.0,-1,43,-1.0
5439,5439,-34821.29750854872,-16225.111105184327,301.0,-1,-1,-1.0
5440,5440,-22277.90668452921,20165.294062461755,96.0,-1,37,-1.0
5441,5441,-35938.560940420226,-7924.318473181451,242.0,-1,32,38.0
5442,5442,-36723.70901596024,22271.06772171336,99.0,-1,-1,-1.0
5443,5443,-13108.937339900716,34806.59019525121,80.0,-1,-1,-1.0
5444,5444,29453.224556149435,-39667.73527354153,479.0,-1,-1,-1.0
5445,5445,23244.87386673544,-6217.765241726986,6.0,-1,-1,-1.0
5446,5446,-1105.4036563271002,-14370.88542279083,12.0,-1,31,-1.0
5447,5447,-10219.413796345292,31909.39182071232,253.0,-1,-1,-1.0
5448,5448,10590.07786724859,-3568.131970290495,357.0,-1,-1,-1.0
5449,5449,-13358.279087822111,19137.92786920328,273.0,-1,-1,-1.0
5450,5450,-31315.155811808778,-3484.075543806736,66.0,-1,-1,-1.0
5451,5451,35395.09754372059,-32983.76870260625,445.0,-1,-1,-1.0
5452,5452,-26828.268175076715,-5448.933865408464,187.0,-1,-1,-1.0
5453,5453,-32110.73196121981,7142.143797465469,496.0,-1,24,-1.0
5454,5454,-2339.822920076651,28194.35949006921,397.0,-1,-1,-1.0
5455,5455,26887.199011556997,-23769.64589613221,159.0,-1,45,-1.0
5456,5456,-38230.779828825165,31727.517505505297,495.0,-1,5,-1.0
5457,5457,-34397.76095321139,-3190.7989843010364,197.0,-1,-1,-1.0
5458,5458,35067.44114123007,3923.455986334448,411.0,-1,28,32.0
5459,5459,-28001.61566979069,6134.304341777926,49.0,-1,-1,-1.0
5460,5460,3237.828909598502,15702.126116532752,96.0,-1,8,-1.0
5461,5461,29963.6785356177,-19329.17047867928,63.0,-1,-1,-1.0
5462,5462,25052.74136655291,-8430.545085853537,213.0,-1,-1,-1.0
5463,5463,2050.5887581207426,17718.47972736469,43.0,-1,-1,-1.0
5464,5464,-623.4727814310463,-13422.557033730074,425.0,-1,31,35.0
5465,5465,-15303.473631164372,2182.201796756337,28.0,-1,-1,-1.0
5466,5466,-39709.42613466794,-16891.92637631735,23.0,-1,-1,-1.0
5467,5467,-28687.24725859271,25177.159105584426,388.0,-1,-1,-1.0
5468,5468,35720.20477388396,690.8123780324167,125.0,-1,-1,-1.0
5469,5469,-32821.97182476312,-5768.215739946107,281.0,-1,-1,-1.0
5470,5470,-31491.60730997364,-27985.07883996499,255.0,-1,-1,-1.0
5471,5471,-212.8694007344675,-27137.661231966697,62.0,-1,25,-1.0
5472,5472,39483.93646833417,-18971.45074454371,161.0,-1,-1,-1.0
5473,5473,-14641.924513511633,-36614.21197351416,261.0,-1,-1,-1.0
5474,5474,-32872.573081217975,36794.44456935972,226.0,-1,-1,-1.0
5475,5475,25245.71273940266,-411.0961613534309,234.0,-1,-1,-1.0
5476,5476,-613.1298577519628,5000.745414692414,334.0,-1,-1,-1.0
5477,5477,-8276.72070003935,29046.244056784504,193.0,-1,-1,-1.0
5478,5478,17079.883011537204,30287.79226176333,428.0,-1,-1,-1.0
5479,5479,-4811.636253110366,-5844.919659094077,220.0,-1,-1,-1.0
5480,5480,23560.62244733092,22031.367443903764,412.0,-1,-1,-1.0
5481,5481,-13272.945400066395,-37724.87832037832,138.0,-1,-1,-1.0
5482,5482,-9282.65756088246,30844.14474504898,238.0,-1,-1,-1.0
5483,5483,8345.025236868787,22687.465252160942,365.0,-1,-1,-1.0
5484,5484,37823.93057591145,5613.540425767031,438.0,-1,28,-1.0
5485,5485,33534.719440417044,-3220.355651114849,97.0,-1,-1,-1.0
5486,5486,-16820.942772439914,5636.7486946633,64.0,-1,-1,-1.0
5487,5487,10264.720996135264,-13151.312657470964,226.0,-1,-1,-1.0
5488,5488,6113.523088586429,24504.16295624467,136.0,-1,48,-1.0
5489,5489,12067.86958826438,-34312.08394062942,421.0,-1,4,-1.0
5490,5490,-9043.649961777344,33654.75938707736,286.0,-1,-1,-1.0
5491,5491,-26853.18067198201,-31152.77955715548,237.0,-1,-1,-1.0
5492,5492,-12686.4509551031,-13882.284453619595,461.0,-1,-1,-1.0
5493,5493,-37952.725265895264,-25745.46224991808,106.0,-1,-1,-1.0
5494,5494,15840.093144589751,29004.10173851068,200.0,-1,9,-1.0
5495,5495,25156.495724828936,172.25136232972,97.0,-1,-1,-1.0
5496,5496,35713.821568161526,14331.466206299818,396.0,-1,28,-1.0
5497,5497,-34971.08027483096,27908.30318586488,75.0,-1,-1,-1.0
5498,5498,24192.21614991609,30535.614976203928,54.0,-1,-1,-1.0
5499,5499,11062.2921386706,20186.287901308635,280.0,-1,-1,-1.0
5500,5500,9121.559009114862,29097.76818683179,486.0,-1,-1,-1.0
5501,5501,18248.940221313627,13141.725332031565,258.0,-1,-1,-1.0
5502,5502,-628.6587248339638,-25837.668712212675,156.0,-1,25,-1.0
5503,5503,-25395.67402132213,-22749.08862609135,488.0,-1,-1,-1.0
5504,5504,9566.968129963992,22387.957495336144,166.0,-1,48,-1.0
5505,5505,-35122.24136079067,-16617.293374482466,7.0,-1,-1,-1.0
5506,5506,12921.621054546064,31393.44565261493,408.0,-1,-1,-1.0
5507,5507,30692.816957245508,-38725.83026088367,99.0,-1,-1,-1.0
5508,5508,-34880.16625673015,-36021.78907681582,163.0,-1,19,-1.0
5509,5509,-29597.43024238364,18256.14379648784,71.0,-1,40,-1.0
5510,5510,-19057.206626749456,36122.65852376494,124.0,-1,-1,-1.0
5511,5511,-4186.795179177498,-24987.480396280636,209.0,-1,-1,-1.0
5512,5512,33000.946424399575,-25995.468663164364,115.0,-1,-1,-1.0
5513,5513,12173.67194243017,-3373.473108302038,40.0,-1,-1,-1.0
5514,5514,12242.955454913048,7564.843936249337,206.0,-1,-1,-1.0
5515,5515,-7200.442121562497,-1300.0874902882497,348.0,-1,-1,-1.0
5516,5516,-26778.944521013746,-38112.598842779305,141.0,-1,-1,-1.0
5517,5517,-34406.01581202886,3145.241494377995,487.0,-1,-1,-1.0
5518,5518,35625.01169476542,36097.03565759432,236.0,-1,-1,-1.0
5519,5519,-30657.05313497484,-18907.72822223334,313.0,-1,-1,-1.0
5520,5520,-34676.05965648699,-27434.562158944296,277.0,-1,-1,-1.0
5521,5521,263.301679525066,25388.790721194724,173.0,-1,-1,-1.0
5522,5522,-10251.232360508497,13815.790058950375,455.0,-1,27,-1.0
5523,5523,21649.10770356134,21189.76321061755,51.0,-1,-1,-1.0
5524,5524,-30408.679085502605,-27266.116929098043,153.0,-1,-1,-1.0
5525,5525,35778.59276731996,26499.644984457816,231.0,-1,10,-1.0
5526,5526,4735.744225761053,-10434.63572343536,459.0,-1,31,-1.0
5527,5527,-4039.023181437944,32501.552656574622,431.0,-1,-1,-1.0
5528,5528,-34264.92582332593,5371.58317104599,133.0,-1,-1,-1.0
5529,5529,24480.91678482283,7233.241598063127,329.0,-1,-1,-1.0
5530,5530,-22755.76855474977,28256.05628670529,272.0,-1,-1,-1.0
5531,5531,-1702.474692668773,11337.942828518484,492.0,-1,-1,-1.0
5532,5532,-30274.21316803376,2155.25220308856,13.0,-1,-1,-1.0
5533,5533,7662.152590308317,-37425.03813983844,367.0,-1,1,-1.0
5534,5534,-10216.499616006036,-20212.516466231384,297.0,-1,-1,-1.0
5535,5535,-3954.989313941413,-35364.36717374718,494.0,-1,-1,-1.0
5536,5536,-18082.139376163468,-7900.706272555559,367.0,-1,-1,-1.0
5537,5537,-37329.04337975837,13844.173887641948,461.0,-1,-1,-1.0
5538,5538,5846.276024840932,-38563.43528693912,21.0,-1,-1,-1.0
5539,5539,23361.28048018794,-36599.166265914566,467.0,-1,-1,-1.0
5540,5540,34063.98951754182,39313.40810878038,92.0,-1,-1,-1.0
5541,5541,-7697.12429147739,13799.627714280228,173.0,-1,-1,-1.0
5542,5542,9138.124314525863,16943.397214045894,296.0,-1,-1,-1.0
5543,5543,35572.386207750984,33075.54829467225,494.0,-1,-1,-1.0
5544,5544,-2351.672905339903,34263.620081306406,6.0,-1,-1,-1.0
5545,5545,-20787.492503878155,31920.0084954341,130.0,-1,-1,-1.0
5546,5546,27390.386078797863,39839.35915805498,357.0,-1,-1,-1.0
5547,5547,25833.472787697232,5544.863425176896,441.0,-1,-1,-1.0
5548,5548,10555.381611785764,-29771.79686621779,109.0,-1,-1,-1.0
5549,5549,6014.635850004568,2943.494345946783,108.0,-1,14,-1.0
5550,5550,-27769.061757376054,-5531.170852122777,400.0,-1,41,-1.0
5551,5551,-33117.86208044379,-29459.57693238609,373.0,-1,-1,-1.0
5552,5552,-26988.758015675696,-8301.177341022747,316.0,-1,-1,-1.0
5553,5553,-35805.42990747371,39200.61621516771,23.0,-1,5,-1.0
5554,5554,-24080.959805876788,33493.23183094112,125.0,-1,-1,-1.0
5555,5555,34195.18039952431,31481.317398411004,70.0,-1,-1,-1.0
5556,5556,36981.46729174863,-4615.660115533574,315.0,-1,-1,-1.0
5557,5557,-20070.7242304688,35389.59599005626,218.0,-1,-1,-1.0
5558,5558,30029.4400020748,4869.7219559926525,190.0,-1,-1,-1.0
5559,5559,-7675.681529979065,30287.545057197876,286.0,-1,-1,-1.0
5560,5560,19251.93678202846,31247.485690932022,244.0,-1,30,-1.0
5561,5561,-28636.990529366227,10710.94486962611,412.0,-1,-1,-1.0
5562,5562,3998.2712347887937,-30728.10170257031,421.0,-1,-1,-1.0
5563,5563,27430.531475793337,14268.588814978151,120.0,-1,-1,-1.0
5564,5564,-9748.893793927386,-36859.61375613688,247.0,-1,-1,-1.0
5565,5565,31966.783915035998,30111.690947206826,234.0,-1,-1,-1.0
5566,5566,-38870.540930155,18710.524544386004,187.0,-1,-1,-1.0
5567,5567,39882.54631655663,-7121.2729019473845,179.0,-1,-1,-1.0
5568,5568,-2664.582332692742,-7372.030788410066,31.0,-1,31,-1.0
5569,5569,-36634.13997357991,20267.846759098426,75.0,-1,23,-1.0
5570,5570,9599.56527476541,26968.03798839834,99.0,-1,-1,-1.0
5571,5571,-39285.62241061188,-1655.3227195982329,436.0,-1,-1,-1.0
5572,5572,36276.10351788855,39112.19671537112,459.0,-1,-1,-1.0
5573,5573,35119.40245173965,26342.762707926988,338.0,-1,10,-1.0
5574,5574,23978.93125642607,28159.16023421471,216.0,-1,-1,-1.0
5575,5575,24340.57675814728,13953.11645211622,161.0,-1,-1,-1.0
5576,5576,35150.33224533194,-9874.928697759522,28.0,-1,33,-1.0
5577,5577,6949.589238332635,-1432.3790762127974,260.0,-1,-1,-1.0
5578,5578,-5994.8300696831575,-36505.04147847388,430.0,-1,-1,-1.0
5579,5579,-38230.35526233969,34516.6237968365,491.0,-1,5,-1.0
5580,5580,22875.757186691408,-18675.94144984979,300.0,-1,-1,-1.0
5581,5581,22598.312198199183,-2255.9773909110445,397.0,-1,44,-1.0
5582,5582,18846.70222009989,-23495.86294858873,343.0,-1,-1,-1.0
5583,5583,31928.97604083683,23857.390079428907,276.0,-1,-1,-1.0
5584,5584,25274.51065589182,-13311.770706108711,50.0,-1,45,-1.0
5585,5585,37214.75191203163,-19059.628690907368,375.0,-1,-1,-1.0
5586,5586,9230.23134036064,33569.52026502874,278.0,-1,47,-1.0
5587,5587,-37569.07378336033,-762.7024611212837,8.0,-1,-1,-1.0
5588,5588,33799.51020937326,26930.366188146058,292.0,-1,10,-1.0
5589,5589,11874.878033927229,-17901.076334640988,269.0,-1,-1,-1.0
5590,5590,28859.732965743096,-11316.43334573507,204.0,-1,-1,-1.0
5591,5591,15119.83251286683,-21806.873245954983,72.0,-1,-1,-1.0
5592,5592,-6687.678442261553,-32977.31675156856,120.0,-1,35,-1.0
5593,5593,22284.19759017705,770.7068056633507,471.0,-1,-1,-1.0
5594,5594,-19401.587168798065,-20141.27944712132,148.0,-1,-1,-1.0
5595,5595,-1927.2978151085845,-10102.24895870298,475.0,-1,31,35.0
5596,5596,3849.0696482533895,21073.75265359015,131.0,-1,46,-1.0
5597,5597,14310.359664050986,16707.13905940276,54.0,-1,-1,-1.0
5598,5598,-18521.78292540917,15215.61370017536,360.0,-1,-1,-1.0
5599,5599,-24571.60155017741,-17617.824871517645,221.0,-1,-1,-1.0
5600,5600,-1453.3967098257926,-19638.649846193133,359.0,-1,31,-1.0
5601,5601,-18674.333438401,-22207.227138808503,134.0,-1,-1,-1.0
5602,5602,8598.372563918041,29800.650485020407,252.0,-1,-1,-1.0
5603,5603,-1016.7042059307714,-10023.02980939324,381.0,-1,31,-1.0
5604,5604,22160.881548102683,27692.781382798872,184.0,-1,-1,-1.0
5605,5605,-13768.112326436723,-11012.250652885245,480.0,-1,-1,-1.0
5606,5606,39905.15721988393,34398.248106070605,143.0,-1,-1,-1.0
5607,5607,-12340.13034761171,-26016.120230402557,101.0,-1,17,-1.0
5608,5608,-31654.338643261344,-26520.388117292878,479.0,-1,-1,-1.0
5609,5609,37371.17865721478,32717.425671583667,432.0,-1,10,-1.0
5610,5610,-4126.967150676079,-9869.097131573151,352.0,-1,-1,-1.0
5611,5611,-33218.51543133526,-2228.9317775924646,62.0,-1,-1,-1.0
5612,5612,2534.632522157408,-33528.50025816674,289.0,-1,1,-1.0
5613,5613,18118.248835859755,16987.780193181832,487.0,-1,-1,-1.0
5614,5614,39719.94442180735,3891.3616366730857,444.0,-1,-1,-1.0
5615,5615,-12870.29025558408,-33142.53297257647,218.0,-1,-1,-1.0
5616,5616,-27678.348691229286,-12695.8849134295,381.0,-1,-1,-1.0
5617,5617,-34247.80534916695,-951.3304814712392,478.0,-1,29,-1.0
5618,5618,15173.192079540298,-6815.523299532462,288.0,-1,-1,-1.0
5619,5619,21230.06776668482,36594.63830203265,355.0,-1,30,-1.0
5620,5620,19146.069424827525,2022.600396479269,343.0,-1,-1,-1.0
5621,5621,-25281.24171162525,-10849.127717392228,481.0,-1,-1,-1.0
5622,5622,-911.4261768277648,-1821.975428879836,361.0,-1,-1,-1.0
5623,5623,11106.54495304975,35263.98119883286,154.0,-1,-1,-1.0
5624,5624,30763.958759654317,20149.408534410293,328.0,-1,-1,-1.0
5625,5625,-14867.58466161631,-6546.244637909585,279.0,-1,-1,-1.0
5626,5626,-33984.21197417969,26873.090710844423,154.0,-1,-1,-1.0
5627,5627,-6728.28981528194,23055.193215583637,485.0,-1,-1,-1.0
5628,5628,-39496.78862266103,-6213.329193629979,48.0,-1,-1,-1.0
5629,5629,30117.18958398688,-29606.3537967786,375.0,-1,-1,-1.0
5630,5630,15613.421860190463,29529.106684209168,442.0,-1,-1,-1.0
5631,5631,-38045.47333342584,32286.179859724376,247.0,-1,5,-1.0
5632,5632,16236.628221226252,11015.823006803708,173.0,-1,-1,-1.0
5633,5633,28385.480663280425,-25741.458354685543,247.0,-1,-1,-1.0
5634,5634,-28715.694672600395,15433.18543304628,195.0,-1,-1,-1.0
5635,5635,-13402.105206394624,-3851.066957750918,206.0,-1,-1,-1.0
5636,5636,-27090.05234180905,35529.485954095726,413.0,-1,6,-1.0
5637,5637,-15682.653734564588,-33778.635008152814,40.0,-1,36,-1.0
5638,5638,-8262.597766548766,6535.699301906054,12.0,-1,27,-1.0
5639,5639,-38667.682121096,35459.0012915822,101.0,-1,5,-1.0
5640,5640,-24526.467930074534,39959.23343048108,240.0,-1,-1,-1.0
5641,5641,29840.07969418964,-8054.709628702029,369.0,-1,-1,-1.0
5642,5642,25243.901470709345,349.91686098393257,428.0,-1,-1,-1.0
5643,5643,-27390.303274185942,-4820.444499847246,344.0,-1,41,47.0
5644,5644,8332.781366221563,-35736.95952676194,225.0,-1,1,-1.0
5645,5645,12031.808277482654,9578.737011689598,288.0,-1,-1,-1.0
5646,5646,12003.94915751335,-13628.746144910943,332.0,-1,13,-1.0
5647,5647,-7534.781185412499,35195.46843916444,244.0,-1,-1,-1.0
5648,5648,-23308.290565599127,32147.18015986113,97.0,-1,-1,-1.0
5649,5649,35161.14974339437,29356.813614699044,425.0,-1,-1,-1.0
5650,5650,28559.734685960822,-22409.667564626376,406.0,-1,45,-1.0
5651,5651,-32142.887094161997,-14571.34630836805,241.0,-1,-1,-1.0
5652,5652,-39052.219119924215,-20951.82286659508,436.0,-1,0,-1.0
5653,5653,-29169.792907303086,24468.815850685787,161.0,-1,-1,-1.0
5654,5654,32214.845757462623,39806.4252571932,425.0,-1,-1,-1.0
5655,5655,-8299.645236787335,25753.263477382294,131.0,-1,-1,-1.0
5656,5656,-37820.67895930997,39422.41037549132,56.0,-1,-1,-1.0
5657,5657,-20357.65690241134,-18338.01339913612,373.0,-1,42,-1.0
5658,5658,-10185.736138420863,-23588.335961393863,486.0,-1,-1,-1.0
5659,5659,-11610.011730763086,10943.221984377304,458.0,-1,-1,-1.0
5660,5660,-29355.98337946362,14854.934772107425,160.0,-1,-1,-1.0
5661,5661,-3968.959078987216,24607.434698554825,212.0,-1,-1,-1.0
5662,5662,593.5121758642199,-408.19660627940175,199.0,-1,22,-1.0
5663,5663,-28239.25557252767,-15056.808309116352,454.0,-1,-1,-1.0
5664,5664,28452.347058184183,-26026.610464765483,54.0,-1,-1,-1.0
5665,5665,-21477.03651255368,-36815.60734430501,261.0,-1,12,-1.0
5666,5666,15.203430462046526,-5218.3240119808615,128.0,-1,-1,-1.0
5667,5667,15915.49742512784,-4367.290924806759,92.0,-1,13,-1.0
5668,5668,-12310.32652902565,37156.90331370666,424.0,-1,48,60.0
5669,5669,-24891.019955423995,-29944.993042557995,356.0,-1,-1,-1.0
5670,5670,10451.666592800117,-564.3800201979175,309.0,-1,-1,-1.0
5671,5671,-11949.127421474032,6136.140881457941,200.0,-1,-1,-1.0
5672,5672,-4052.156034951462,-4358.146399720696,181.0,-1,-1,-1.0
5673,5673,-35959.81573901796,-24914.081615963103,105.0,-1,-1,-1.0
5674,5674,-35664.8025989661,39060.88490765102,368.0,-1,5,-1.0
5675,5675,-127.21527920152585,26272.03934061958,335.0,-1,48,-1.0
5676,5676,14305.375313550656,20813.434656378224,96.0,-1,-1,-1.0
5677,5677,14072.554336450616,24931.10130000943,405.0,-1,-1,-1.0
5678,5678,9831.464931928153,-35036.5450322271,284.0,-1,-1,-1.0
5679,5679,422.13425691832526,-11542.955148937814,233.0,-1,31,-1.0
5680,5680,-3602.981276411185,-12306.564649322989,454.0,-1,31,35.0
5681,5681,-6892.826667591355,-29120.826836351243,189.0,-1,-1,-1.0
5682,5682,5803.911455277048,42.61565052111109,95.0,-1,14,-1.0
5683,5683,-10365.06962210156,-33911.955416474564,359.0,-1,-1,-1.0
5684,5684,-32622.37564473217,-34605.376471396754,115.0,-1,-1,-1.0
5685,5685,-28418.789404071133,-2812.90379758607,255.0,-1,41,-1.0
5686,5686,12852.433590971435,-20723.589212594838,489.0,-1,-1,-1.0
5687,5687,-14282.394581482717,-31726.10855442112,34.0,-1,36,-1.0
5688,5688,32318.642503204115,-24004.347190406712,170.0,-1,45,-1.0
5689,5689,13296.781400104104,-25778.04554999654,45.0,-1,3,-1.0
5690,5690,2309.886610668138,21157.420313679228,321.0,-1,46,-1.0
5691,5691,-36880.17745549966,-28776.94085556463,11.0,-1,20,23.0
5692,5692,8803.856422509547,26465.434703239604,391.0,-1,-1,-1.0
5693,5693,25260.05804149532,-4337.541593459937,295.0,-1,-1,-1.0
5694,5694,-33479.786225952455,13089.16890389606,331.0,-1,24,-1.0
5695,5695,-11898.068615431845,-27878.08258862621,250.0,-1,17,-1.0
5696,5696,-33351.38446473874,-19345.86110993555,265.0,-1,-1,-1.0
5697,5697,-25879.202131731054,-33944.53985787646,275.0,-1,-1,-1.0
5698,5698,10310.98296507694,-30760.49180436346,134.0,-1,-1,-1.0
5699,5699,-22455.32009593415,35519.234582782214,124.0,-1,-1,-1.0
5700,5700,11581.441126837955,5202.633530850028,440.0,-1,2,-1.0
5701,5701,-17717.4872091277,-33228.183693618026,255.0,-1,-1,-1.0
5702,5702,31056.44945617128,23916.63093524734,419.0,-1,-1,-1.0
5703,5703,-34055.42305290238,-4642.352970311753,222.0,-1,-1,-1.0
5704,5704,-19858.266247593147,-32714.16774366356,144.0,-1,-1,-1.0
5705,5705,35017.62829497966,949.974351831086,80.0,-1,-1,-1.0
5706,5706,5099.289273984985,29735.864872366332,455.0,-1,48,-1.0
5707,5707,39346.08149197776,-23129.663486489404,369.0,-1,-1,-1.0
5708,5708,6961.379786457823,-36354.56802338525,15.0,-1,1,-1.0
5709,5709,30904.572310564065,10383.40345030617,441.0,-1,-1,-1.0
5710,5710,-510.82711555920105,38395.48941883282,274.0,-1,-1,-1.0
5711,5711,-16429.35797446551,-38418.36274576383,84.0,-1,-1,-1.0
5712,5712,27564.53877207421,-11815.724429497472,301.0,-1,45,-1.0
5713,5713,6493.142440476811,-28864.66343729814,5.0,-1,31,-1.0
5714,5714,-10274.924874267075,1633.783098038686,268.0,-1,-1,-1.0
5715,5715,-23832.021233423475,-2021.6338712849904,108.0,-1,-1,-1.0
5716,5716,37599.001877257615,-26564.407629267484,175.0,-1,-1,-1.0
5717,5717,-26437.11883227392,29290.60637671103,447.0,-1,-1,-1.0
5718,5718,35247.062758625514,-32883.054193286065,235.0,-1,-1,-1.0
5719,5719,-30314.71664875149,17536.25196342865,25.0,-1,-1,-1.0
5720,5720,-7882.217022194382,31669.239338305924,176.0,-1,-1,-1.0
5721,5721,33077.425370713856,-21124.73586477239,409.0,-1,-1,-1.0
5722,5722,2322.5336499752884,24189.73961528959,440.0,-1,-1,-1.0
5723,5723,39767.71813087317,-17346.84271389699,451.0,-1,-1,-1.0
5724,5724,-5978.228618682042,-8878.439790676723,114.0,-1,31,-1.0
5725,5725,-21097.68455969216,-5742.292633384423,29.0,-1,-1,-1.0
5726,5726,18309.4296608988,-31208.88641064249,260.0,-1,-1,-1.0
5727,5727,33095.22279274039,-12831.391458490963,66.0,-1,-1,-1.0
5728,5728,25153.66408388431,-6801.882688401747,282.0,-1,-1,-1.0
5729,5729,-35964.94726897175,-11682.350772802623,346.0,-1,32,38.0
5730,5730,-30077.42412561049,36770.41467092362,203.0,-1,-1,-1.0
5731,5731,37009.98801317484,-6497.454710217869,367.0,-1,-1,-1.0
5732,5732,-9598.668679105034,-23171.242525870977,334.0,-1,-1,-1.0
5733,5733,33300.204418814115,-11741.580812796838,316.0,-1,-1,-1.0
5734,5734,21421.29135590369,-37008.10104789713,240.0,-1,-1,-1.0
5735,5735,35585.203268107376,35126.81517930624,272.0,-1,-1,-1.0
5736,5736,3452.4829756268155,8514.639011170439,43.0,-1,27,-1.0
5737,5737,6622.886398736227,-28441.369015070333,440.0,-1,31,-1.0
5738,5738,30078.39895090256,5427.333423748751,226.0,-1,-1,-1.0
5739,5739,658.7952693564002,31060.28992038549,132.0,-1,-1,-1.0
5740,5740,-33940.28128374156,14783.248328784372,449.0,-1,24,-1.0
5741,5741,-7295.322447877643,-11950.065790596656,295.0,-1,31,-1.0
5742,5742,38731.69359268564,-36181.12517246162,152.0,-1,21,-1.0
5743,5743,35868.67254873611,-34237.091115427065,107.0,-1,-1,-1.0
5744,5744,8902.604352578375,-3407.7610307025607,266.0,-1,-1,-1.0
5745,5745,-21858.307141165144,-37983.45688687707,270.0,-1,12,-1.0
5746,5746,-838.8064599707141,27038.081778062697,36.0,-1,48,-1.0
5747,5747,39517.30728472721,39076.81543570192,105.0,-1,-1,-1.0
5748,5748,-11039.588421358814,19116.76506151278,340.0,-1,-1,-1.0
5749,5749,-38758.7138054758,39983.599119630366,202.0,-1,-1,-1.0
5750,5750,8985.893908292754,-34668.74762128714,412.0,-1,-1,-1.0
5751,5751,27190.683230813083,-15763.399574122415,372.0,-1,45,-1.0
5752,5752,-23242.92022674799,18283.48587648903,337.0,-1,-1,-1.0
5753,5753,13046.24910807451,-32985.4829344857,223.0,-1,-1,-1.0
5754,5754,-20627.156881554187,889.3949750890752,14.0,-1,-1,-1.0
5755,5755,-11993.750303594656,-38708.48901865752,102.0,-1,-1,-1.0
5756,5756,34443.177944808165,29647.92490414338,277.0,-1,10,-1.0
5757,5757,-33565.11084302588,30231.04757223348,232.0,-1,6,-1.0
5758,5758,39360.43487263724,-5112.259431495113,445.0,-1,-1,-1.0
5759,5759,29482.00058904308,7934.167895221777,282.0,-1,-1,-1.0
5760,5760,-12185.04374661225,-39082.471330753455,48.0,-1,-1,-1.0
5761,5761,9157.71711428427,-21512.86539537393,287.0,-1,-1,-1.0
5762,5762,12402.837920221034,-27121.8169105693,466.0,-1,3,-1.0
5763,5763,36629.54047917269,8318.544629210992,220.0,-1,28,-1.0
5764,5764,-14665.587732319009,-33833.838319659095,345.0,-1,36,-1.0
5765,5765,-8891.882902959205,5045.801003821762,163.0,-1,27,-1.0
5766,5766,-299.8092085878525,-39417.114872400045,363.0,-1,-1,-1.0
5767,5767,-25626.29764133529,13900.578353862851,84.0,-1,40,-1.0
5768,5768,20940.47723091028,-28236.6895478366,355.0,-1,-1,-1.0
5769,5769,38406.348933689645,1945.855975415572,488.0,-1,28,-1.0
5770,5770,-33382.41979557506,-6113.857800809652,232.0,-1,-1,-1.0
5771,5771,-37345.8152716441,22816.397142278343,394.0,-1,-1,-1.0
5772,5772,-38844.239564708056,31927.62774943783,127.0,-1,5,-1.0
5773,5773,32764.809222880314,-13290.78946887658,58.0,-1,-1,-1.0
5774,5774,19216.025580520065,-6644.498158803384,346.0,-1,-1,-1.0
5775,5775,22345.78078556111,27429.855638817,172.0,-1,-1,-1.0
5776,5776,-39616.46898541885,23167.275366250367,495.0,-1,-1,-1.0
5777,5777,-2077.906313748681,-23962.518181461917,336.0,-1,25,-1.0
5778,5778,34654.16292901109,17880.883516217502,134.0,-1,28,-1.0
5779,5779,-3438.363186396848,5415.411835877181,98.0,-1,27,-1.0
5780,5780,-33397.932867893134,-36055.44002808535,339.0,-1,-1,-1.0
5781,5781,28578.152568961727,-8289.848146573,174.0,-1,-1,-1.0
5782,5782,-16869.281309964535,27611.126252864477,113.0,11,48,59.0
5783,5783,-16922.419145611555,27555.0258416073,114.0,11,48,59.0
5784,5784,-16894.683306401657,27508.02731575748,114.0,11,48,59.0
5785,5785,-16977.248033951084,27534.00169567054,115.0,11,48,59.0
5786,5786,-17058.386787994223,27548.53455811867,116.0,11,48,59.0
5787,5787,-17154.76112955299,27520.360656187582,118.0,11,48,59.0
5788,5788,-17156.31676362573,27528.67360947421,118.0,11,48,59.0
5789,5789,-17206.27746903885,27439.02206880391,121.0,11,48,59.0
5790,5790,-17311.9133449609,27454.68244362838,123.0,11,48,59.0
5791,5791,-17236.768270802364,27386.076036902097,123.0,11,48,59.0
5792,5792,-17373.269007797768,27468.43475992056,124.0,11,48,59.0
5793,5793,-17344.90966758077,27378.13537634308,124.0,11,48,59.0
5794,5794,-17495.762579665363,27393.45413092921,125.0,11,48,59.0
5795,5795,-17596.33616968589,27405.268987694028,128.0,11,48,59.0
5796,5796,-17689.240231889144,27354.38564720904,129.0,11,48,59.0
5797,5797,-17643.492555921526,27308.640181222218,129.0,11,48,59.0
5798,5798,-17746.64131546326,27370.011913428178,130.0,11,48,59.0
5799,5799,-17830.41894094202,27425.38324508048,131.0,11,48,59.0
5800,5800,-17823.28543948238,27430.234216222605,131.0,11,48,59.0
5801,5801,-17895.27769799857,27364.803135582428,133.0,11,48,59.0
5802,5802,-17995.699878804706,27433.82342080297,134.0,11,48,59.0
5803,5803,-18096.21522547608,27357.212444817415,135.0,11,48,59.0
5804,5804,-18062.63487342537,27444.33125519559,135.0,11,48,59.0
5805,5805,-18086.454010829755,27325.739204863097,135.0,11,48,59.0
5806,5806,-18124.63789811184,27494.01053256428,135.0,11,48,59.0
5807,5807,-18158.979985913847,27357.655211153247,136.0,11,48,59.0
5808,5808,-18226.640682213427,27448.192142645792,139.0,11,48,59.0
5809,5809,-18196.55223000783,27284.13111185519,139.0,11,48,59.0
5810,5810,-18323.6377078707,27377.635992618045,140.0,11,48,59.0
5811,5811,-18427.835401161803,27357.91556548302,141.0,11,48,59.0
5812,5812,-18532.89793100041,27317.015380298453,142.0,11,48,59.0
5813,5813,-18613.38511973464,27358.276669903044,143.0,11,48,59.0
5814,5814,-18719.959623807263,27360.716333440363,145.0,11,48,59.0
5815,5815,-18689.639129639418,27454.746797694457,145.0,11,48,59.0
5816,5816,-18811.08424150641,27382.256678955448,146.0,11,48,59.0
5817,5817,-18733.89997891345,27489.968733969254,146.0,11,48,59.0
5818,5818,-18827.584385690847,27394.41197313704,147.0,11,48,59.0
5819,5819,-18906.93078171407,27430.05581919288,147.0,11,48,59.0
5820,5820,-18810.79661889652,27305.44160000336,147.0,11,48,59.0
5821,5821,-18896.151409472623,27289.153693394,148.0,11,48,59.0
5822,5822,-18825.69301784105,27298.21319929486,148.0,11,48,59.0
5823,5823,-18938.338112847643,27251.14542364146,149.0,11,48,59.0
5824,5824,-19033.845508133774,27209.679540771696,150.0,11,48,59.0
5825,5825,-19019.190304555297,27215.07798474957,150.0,11,48,59.0
5826,5826,-19134.174400546344,27201.91967381111,152.0,11,48,59.0
5827,5827,-19094.76771155871,27273.909431631757,152.0,11,48,59.0
5828,5828,-19184.236567114083,27152.93495840186,154.0,11,48,59.0
5829,5829,-19151.204499153875,27147.81985129079,154.0,11,48,59.0
5830,5830,-19266.60549787711,27125.45718094358,155.0,11,48,59.0
5831,5831,-19264.3166130064,27186.9584019558,155.0,11,48,59.0
5832,5832,-19325.962694283076,27077.659130366097,156.0,11,48,59.0
5833,5833,-19356.977223690923,27120.054735712834,156.0,11,48,59.0
5834,5834,-19410.447528158016,27136.653055799747,157.0,11,48,59.0
5835,5835,-19505.949632363016,27066.09178888208,158.0,11,48,59.0
5836,5836,-19595.37485197663,27132.334187723143,160.0,11,48,59.0
5837,5837,-19649.64097938342,27069.687071461773,161.0,11,48,59.0
5838,5838,-19712.61389343408,26990.077642573237,162.0,11,48,59.0
5839,5839,-19824.96989672417,27046.95492375432,164.0,11,48,59.0
5840,5840,-19882.52365485049,27078.363562070917,165.0,11,48,59.0
5841,5841,-20003.03498554798,27073.918925732843,168.0,11,48,59.0
5842,5842,-19966.68048521984,27115.311183235037,168.0,11,48,59.0
5843,5843,-19988.84223000765,27080.56609731485,168.0,11,48,59.0
5844,5844,-20085.78253816808,27066.234367994428,169.0,11,48,59.0
5845,5845,-20063.98170395739,27022.480670822468,169.0,11,48,59.0
5846,5846,-20081.474372007226,27054.03045501888,169.0,11,48,59.0
5847,5847,-20133.64698493006,26989.26697502328,171.0,11,48,59.0
5848,5848,-20181.770253207545,26907.648188510244,172.0,11,48,59.0
5849,5849,-20215.874819958903,26795.06808070425,173.0,11,48,59.0
5850,5850,-20272.511660958025,26826.865720325663,173.0,11,48,59.0
5851,5851,-20293.047943349527,26734.46877425276,174.0,11,48,59.0
5852,5852,-20348.803250533678,26801.530246461385,176.0,11,48,59.0
5853,5853,-20381.759118034115,26743.658904251308,176.0,11,48,59.0
5854,5854,-20421.90790751697,26690.68074860157,176.0,11,48,59.0
5855,5855,-20459.308440927914,26753.964756784502,177.0,11,48,59.0
5856,5856,-20579.047347785705,26758.03140132889,178.0,11,48,59.0
5857,5857,-20496.61144102468,26640.786590474327,178.0,11,48,59.0
5858,5858,-20597.06712032298,26808.405335383093,179.0,11,48,59.0
5859,5859,-20683.13392720569,26744.82531870514,180.0,11,48,59.0
5860,5860,-20790.06720491582,26709.636476489537,181.0,11,48,59.0
5861,5861,-20791.86759971072,26702.771349670234,181.0,11,48,59.0
5862,5862,-20875.800437778227,26638.72619665819,184.0,11,48,59.0
5863,5863,-20991.84217282283,26674.83075577849,186.0,11,48,59.0
5864,5864,-21066.611590873614,26593.081877334305,188.0,11,48,59.0
5865,5865,-21174.84603372335,26526.742079535656,190.0,11,48,59.0
5866,5866,-21141.61230171756,26681.924543603986,190.0,11,48,59.0
5867,5867,-21240.37266879847,26648.891214639185,191.0,11,48,59.0
5868,5868,-21160.218518398717,26518.725895991724,191.0,11,48,59.0
5869,5869,-21300.582952061377,26557.167347102742,193.0,11,48,59.0
5870,5870,-21277.445610756196,26577.07568362585,193.0,11,48,59.0
5871,5871,-21258.444155385656,26511.331251556927,193.0,11,48,59.0
5872,5872,-21250.35507042792,26533.69484249029,193.0,11,48,59.0
5873,5873,-21298.21938394404,26545.76513608121,193.0,11,48,59.0
5874,5874,-21346.960516214607,26622.5269882592,196.0,11,48,59.0
5875,5875,-21347.846049819196,26483.090805277687,196.0,11,48,59.0
5876,5876,-21389.39088070079,26569.275204169677,197.0,11,48,59.0
5877,5877,-21433.75803180089,26573.0691942279,197.0,11,48,59.0
5878,5878,-21477.701813111093,26581.414365331515,199.0,11,48,59.0
5879,5879,-21538.50986392736,26664.323863805555,200.0,11,48,59.0
5880,5880,-21638.52624616076,26670.911813196708,202.0,11,48,59.0
5881,5881,-21614.69569945301,26755.51727943582,202.0,11,48,59.0
5882,5882,-21672.176778553698,26634.314173592116,203.0,11,48,59.0
5883,5883,-21765.991079330783,26591.63105856765,204.0,11,48,59.0
5884,5884,-21854.173948031763,26528.82295338197,205.0,11,48,59.0
5885,5885,-21853.6705963766,26546.421151918563,205.0,11,48,59.0
5886,5886,-21826.23429397897,26636.058316440063,205.0,11,48,59.0
5887,5887,-21886.14083231683,26607.09108331628,205.0,11,48,59.0
5888,5888,-21963.836228918663,26656.450112595896,206.0,11,48,59.0
5889,5889,-22046.11547538356,26665.7699337125,207.0,11,48,59.0
5890,5890,-22008.35814689566,26566.19241098205,207.0,11,48,59.0
5891,5891,-22063.052888715123,26513.85903923912,209.0,11,48,59.0
5892,5892,-22144.560521777752,26551.268916204448,211.0,11,48,59.0
5893,5893,-22204.297397043145,26544.635409100792,211.0,11,48,59.0
5894,5894,-22230.77453506991,26446.86582846292,212.0,11,48,59.0
5895,5895,-22265.802701727,26567.53887569223,212.0,11,48,59.0
5896,5896,-22282.5166685239,26424.868963239056,214.0,11,48,59.0
5897,5897,-22380.322438344538,26398.240944098216,215.0,11,48,59.0
5898,5898,-22276.63938945485,26319.436593634862,215.0,11,48,59.0
5899,5899,-22389.543604332,26318.958614227624,217.0,11,48,59.0
5900,5900,-22505.13145207316,26317.603203994597,218.0,11,48,59.0
5901,5901,-22609.02278930529,26367.62449591963,223.0,11,48,59.0
5902,5902,-22695.07508813945,26295.21485599404,224.0,11,48,59.0
5903,5903,-22781.009553468142,26318.545603869912,225.0,11,48,59.0
5904,5904,-22791.536218731977,26292.859185332283,225.0,11,48,59.0
5905,5905,-22780.89772384593,26218.225115606183,226.0,11,48,59.0
5906,5906,-22839.95263633664,26348.182052082317,226.0,11,48,59.0
5907,5907,-22864.728901897084,26373.978663958693,227.0,11,48,59.0
5908,5908,-22920.23666427648,26282.448359490623,228.0,11,48,59.0
5909,5909,-22937.101708084305,26276.926659810822,228.0,11,48,59.0
5910,5910,-23026.514714636716,26252.18949350916,231.0,11,48,59.0
5911,5911,-23094.930973371476,26169.305483533142,232.0,11,48,59.0
5912,5912,-23176.869067356656,26127.4265169127,233.0,11,48,59.0
5913,5913,-23271.964155092897,26139.99276611272,235.0,11,48,59.0
5914,5914,-23234.168256679804,26050.852424698376,235.0,11,48,59.0
5915,5915,-23337.290806476118,26030.654964718047,236.0,11,48,59.0
5916,5916,-23394.26242800391,25968.25655471427,238.0,11,48,59.0
5917,5917,-23515.48133270562,25918.86590253054,239.0,11,48,59.0
5918,5918,-23523.656758835285,25842.51264527145,240.0,11,48,59.0
5919,5919,-23570.76715330661,25771.401889005338,241.0,11,48,59.0
5920,5920,-23538.235866447187,25743.40367544368,241.0,11,48,59.0
5921,5921,-23586.26110689555,25678.74185165218,243.0,11,48,59.0
5922,5922,-23641.59889807748,25629.99758734595,244.0,11,48,59.0
5923,5923,-23726.093747674076,25532.390247596748,246.0,11,48,59.0
5924,5924,-23811.22156131156,25590.536407348,247.0,11,48,59.0
5925,5925,-23791.09542611989,25548.61159018728,247.0,11,48,59.0
5926,5926,-23904.049839936568,25490.471466879444,248.0,11,48,59.0
5927,5927,-23985.738953190463,25437.45054115491,249.0,11,48,59.0
5928,5928,-23898.177292874505,25407.362894821446,249.0,11,48,59.0
5929,5929,-23981.4855256018,25436.657142741395,249.0,11,48,59.0
5930,5930,-23943.250281301836,25557.352482002443,249.0,11,48,59.0
5931,5931,-23944.04359675558,25585.55140262078,250.0,11,48,59.0
5932,5932,-24021.25278708365,25555.54303496139,251.0,11,48,59.0
5933,5933,-24067.96089564592,25568.500545441293,251.0,11,48,59.0
5934,5934,-24046.78427068692,25678.97710737199,253.0,11,48,59.0
5935,5935,-24137.57411912814,25688.45727161264,254.0,11,48,59.0
5936,5936,-24086.119902036276,25586.06223882952,254.0,11,48,59.0
5937,5937,-24185.218824624444,25653.29207606549,255.0,11,48,59.0
5938,5938,-24267.755485849902,25596.14158303172,256.0,11,48,59.0
5939,5939,-24333.45852874753,25691.662779668604,256.0,11,48,59.0
5940,5940,-24399.410914410862,25626.041610395758,261.0,11,48,59.0
5941,5941,-24415.286461554704,25591.70003641034,261.0,11,48,59.0
5942,5942,-24406.537820903275,25677.316585338944,261.0,11,48,59.0
5943,5943,-24467.04243286377,25611.85382121672,262.0,11,48,59.0
5944,5944,-24496.406890008435,25605.34953900849,262.0,11,48,59.0
5945,5945,-24466.41309705972,25531.196471261377,262.0,11,48,59.0
5946,5946,-24598.36443409105,25564.47170680533,263.0,11,48,59.0
5947,5947,-24705.79637681856,25555.44596474774,264.0,11,48,59.0
5948,5948,-24688.445066836488,25507.852601030063,264.0,11,48,59.0
5949,5949,-24650.102024282725,25663.76471572368,264.0,11,48,59.0
5950,5950,-24693.92258400832,25498.279965811576,267.0,11,48,59.0
5951,5951,-24799.541963412663,25588.816961487275,267.0,11,48,59.0
5952,5952,-24856.73617049092,25450.5340782173,269.0,11,48,59.0
5953,5953,-24816.08891982959,25612.291634886435,269.0,11,48,59.0
5954,5954,-24895.06782401444,25592.2963753734,270.0,11,48,59.0
5955,5955,-24901.40184274808,25569.52601567005,270.0,11,48,59.0
5956,5956,-24926.585593531123,25476.43166438539,270.0,11,48,59.0
5957,5957,-24945.07810530057,25560.181853968887,270.0,11,48,59.0
5958,5958,-24897.82358492827,25446.99693830334,271.0,11,48,59.0
5959,5959,-24956.983211206298,25363.6883284522,272.0,11,48,59.0
5960,5960,-25053.47765591587,25387.185063980465,273.0,11,48,59.0
5961,5961,-25037.14918605329,25426.185557902183,273.0,11,48,59.0
5962,5962,-25105.16950727193,25332.03116585728,275.0,11,48,59.0
5963,5963,-25184.63645464801,25308.160431798595,276.0,11,48,59.0
5964,5964,-25248.56537665461,25228.817499242337,277.0,11,48,59.0
5965,5965,-25317.47308698268,25257.46082991316,278.0,11,48,59.0
5966,5966,-25290.09815629007,25157.462130729626,278.0,11,48,59.0
5967,5967,-25362.62263589064,25121.087045254106,279.0,11,48,59.0
5968,5968,-25432.93545684772,25061.26853373875,282.0,11,48,59.0
5969,5969,-25442.29307770625,25083.815886110264,282.0,11,48,59.0
5970,5970,-25514.68892477489,25024.63728846508,284.0,11,48,59.0
5971,5971,-25507.776133834737,25043.257101052724,284.0,11,48,59.0
5972,5972,-25497.77065657713,24990.926445415767,284.0,11,48,59.0
5973,5973,-25610.83068295171,25027.188071092387,285.0,11,48,59.0
5974,5974,-25704.43296274322,24987.251525792,286.0,11,48,59.0
5975,5975,-25721.187546115656,24970.52719059391,286.0,11,48,59.0
5976,5976,-25743.602404310077,25063.240930393396,287.0,11,48,59.0
5977,5977,-25892.81745579537,25095.92337275669,288.0,11,48,59.0
5978,5978,-25966.038125215677,25115.531528496896,289.0,11,48,59.0
5979,5979,-26032.548868118123,25053.408570053805,290.0,11,48,59.0
5980,5980,-26021.212943674265,24994.458317299646,290.0,11,48,59.0
5981,5981,-26124.659492104645,25047.75878410246,292.0,11,48,59.0
5982,5982,-26114.66148500905,24949.55920145858,292.0,11,48,59.0
5983,5983,-26181.66530474083,25096.88615689893,293.0,11,48,59.0
5984,5984,-26211.70053045057,24939.87281795832,293.0,11,48,59.0
5985,5985,-26335.27706436849,25008.126169383988,296.0,11,48,59.0
5986,5986,-26351.616510696986,24937.07127241502,299.0,11,48,59.0
5987,5987,-26435.28140051722,24968.20429913432,300.0,11,48,59.0
5988,5988,-26523.339353552,25009.23442402943,304.0,11,48,59.0
5989,5989,-26604.85192544141,25035.325394229927,305.0,11,48,59.0
5990,5990,-26654.57417611292,25016.484460574666,306.0,11,48,59.0
5991,5991,-26710.3507852985,25036.072518082045,306.0,11,48,59.0
5992,5992,-26752.51129329655,24995.211952198104,307.0,11,48,59.0
5993,5993,-26788.35924390682,24922.070832206115,310.0,11,48,59.0
5994,5994,-26794.09771010094,24807.84370931654,313.0,11,48,59.0
5995,5995,-26751.46701071327,24851.82832483061,313.0,11,48,59.0
5996,5996,-26862.10593571227,24741.65289301048,319.0,11,48,59.0
5997,5997,-26950.422473679853,24705.657861263157,320.0,11,48,59.0
5998,5998,-26953.770880805077,24737.53199971337,320.0,11,48,59.0
5999,5999,-26873.263990646697,24634.441289220875,320.0,11,48,59.0
6000,6000,-27000.60120859609,24723.88483020606,321.0,11,48,59.0
6001,6001,-26974.562017708,24562.464684226128,321.0,11,48,59.0
6002,6002,-27058.98781619837,24629.199273330327,323.0,11,48,59.0
6003,6003,-27098.53370978408,24693.87710198408,325.0,11,48,59.0
6004,6004,-27220.524369013845,24633.443332441777,327.0,11,48,59.0
6005,6005,-27217.41182869889,24708.755313417045,327.0,11,48,59.0
6006,6006,-27212.3660321054,24716.100194729097,327.0,11,48,59.0
6007,6007,-27191.48611720107,24650.386778046995,327.0,11,48,59.0
6008,6008,-27171.30238879949,24789.37854842993,327.0,11,48,59.0
6009,6009,-27196.44580870033,24666.03522851729,327.0,11,48,59.0
6010,6010,-27187.444033110038,24740.568516643267,327.0,11,48,59.0
6011,6011,-27260.011427103756,24648.22027068905,330.0,11,48,59.0
6012,6012,-27324.283509678666,24563.92477798327,331.0,11,48,59.0
6013,6013,-27362.918160801884,24657.840809223107,331.0,11,48,59.0
6014,6014,-27414.10224606619,24551.583723364787,332.0,11,48,59.0
6015,6015,-27476.17329205116,24466.164602121968,333.0,11,48,59.0
6016,6016,-27483.29309850275,24431.162105141044,333.0,11,48,59.0
6017,6017,-27557.254000819303,24423.83506173019,334.0,11,48,59.0
6018,6018,-27603.29329945805,24423.867784855967,334.0,11,48,59.0
6019,6019,-27662.445132055607,24430.756693731106,335.0,11,48,59.0
6020,6020,-27658.399690292263,24307.499918213776,335.0,11,48,59.0
6021,6021,-27738.878697375723,24325.516824879494,337.0,11,48,59.0
6022,6022,-27795.77792901521,24284.060217007795,338.0,11,48,59.0
6023,6023,-27836.62647936125,24279.998871931984,338.0,11,48,59.0
6024,6024,-27903.916574656225,24209.71102017212,339.0,11,48,59.0
6025,6025,-28028.24291182376,24222.681389156856,340.0,11,48,59.0
6026,6026,-28085.50814454224,24152.77757784453,341.0,11,48,59.0
6027,6027,-28161.933084238797,24147.702229652423,345.0,11,48,59.0
6028,6028,-28224.60443828309,24213.66991088572,349.0,11,48,59.0
6029,6029,-28346.59413466047,24260.14194738308,350.0,11,48,59.0
6030,6030,-28461.43251934919,24245.508115018685,351.0,11,48,59.0
6031,6031,-28405.92669967882,24143.37771936404,353.0,11,48,59.0
6032,6032,-28415.32654133765,24056.326429380297,354.0,11,48,59.0
6033,6033,-28488.07944203368,24049.327718924626,354.0,11,48,59.0
6034,6034,-28461.94076257164,23949.43332850602,355.0,11,48,59.0
6035,6035,-28545.930321029835,23874.643103218717,356.0,11,48,59.0
6036,6036,-28593.606937266188,23772.623788149715,357.0,11,48,59.0
6037,6037,-28710.273272601764,23736.08925118481,360.0,11,48,59.0
6038,6038,-28815.23916588312,23713.7175701916,361.0,11,-1,-1.0
6039,6039,-26318.25765140313,25381.373466542624,489.0,-1,48,-1.0
6040,6040,-26695.34418906629,13725.527196531468,358.0,-1,-1,-1.0
6041,6041,-22120.50681574592,1260.074837982691,451.0,-1,-1,-1.0
6042,6042,12431.32344461653,32881.21207146124,420.0,-1,47,-1.0
6043,6043,-8572.318286275884,-1071.2345907224662,259.0,-1,-1,-1.0
6044,6044,15752.418035735944,30990.662235575262,118.0,-1,-1,-1.0
6045,6045,-13608.688476213854,-39024.09616492135,398.0,-1,-1,-1.0
6046,6046,-15890.885673002613,-11423.057312538996,442.0,-1,-1,-1.0
6047,6047,17104.222284542382,36117.6288390764,417.0,-1,-1,-1.0
6048,6048,-29290.997682433896,24198.409455638463,106.0,-1,-1,-1.0
6049,6049,33134.528640561795,22123.064027033502,238.0,-1,-1,-1.0
6050,6050,-905.6331488876676,-13449.104011928584,22.0,-1,31,-1.0
6051,6051,10212.473217845569,-16311.262656526287,426.0,-1,-1,-1.0
6052,6052,1613.6150620582484,-39603.57255615557,350.0,-1,-1,-1.0
6053,6053,-4600.2472539683,22234.30163293631,363.0,-1,-1,-1.0
6054,6054,26328.923582035248,5160.328456735755,247.0,-1,-1,-1.0
6055,6055,-21174.94401654709,-10944.359130190878,331.0,-1,-1,-1.0
6056,6056,-28406.604184569704,15387.594405887436,68.0,-1,-1,-1.0
6057,6057,35445.27605661859,11245.089554264312,418.0,-1,28,-1.0
6058,6058,10361.520752155528,-6858.828587044874,13.0,-1,-1,-1.0
6059,6059,21791.28492143807,-34346.50287475801,417.0,-1,-1,-1.0
6060,6060,-37066.73816527645,-20978.86919831377,37.0,-1,0,-1.0
6061,6061,-13485.45756330158,39439.25299399978,275.0,-1,-1,-1.0
6062,6062,-16401.121530790537,-6199.946308826591,48.0,-1,43,-1.0
6063,6063,-25988.69992208571,-25280.485983452047,330.0,-1,38,-1.0
6064,6064,-1212.4651631263189,-10397.30205100165,18.0,-1,31,-1.0
6065,6065,34433.3118924312,10569.762929821629,91.0,-1,28,-1.0
6066,6066,-27898.962716793,-17356.204776002945,147.0,-1,-1,-1.0
6067,6067,-31006.667193281217,22400.61420101219,278.0,-1,-1,-1.0
6068,6068,23446.953638484927,12797.683659237118,119.0,-1,-1,-1.0
6069,6069,8050.648439309509,-1011.0015491167431,27.0,-1,-1,-1.0
6070,6070,-39419.278163693525,6936.751633229556,79.0,-1,-1,-1.0
6071,6071,27732.716252470025,26536.39508741705,9.0,-1,-1,-1.0
6072,6072,-6600.754671532013,14238.096756314248,82.0,-1,-1,-1.0
6073,6073,39101.46147518529,-36032.17694542696,385.0,-1,-1,-1.0
6074,6074,34216.9287406068,-10513.008328076266,268.0,-1,-1,-1.0
6075,6075,-26673.14726562704,-16226.740247748949,351.0,-1,-1,-1.0
6076,6076,3028.499556588933,13590.941926762964,424.0,-1,-1,-1.0
6077,6077,26703.50396280969,-4551.128104476302,401.0,-1,-1,-1.0
6078,6078,140.67976615989755,20447.392983576035,231.0,-1,46,-1.0
6079,6079,-10001.178618178905,30757.0026954521,255.0,-1,-1,-1.0
6080,6080,-2564.016383395472,-24937.088047055386,231.0,-1,-1,-1.0
6081,6081,30838.51067267341,-13415.64850420876,435.0,-1,-1,-1.0
6082,6082,-3454.510291573497,32005.19930984316,354.0,-1,-1,-1.0
6083,6083,-20535.40634280348,17025.194101389803,358.0,-1,-1,-1.0
6084,6084,-546.3646602765948,10433.252741648786,287.0,-1,-1,-1.0
6085,6085,22620.755978056102,11030.054598814408,237.0,-1,16,-1.0
6086,6086,24391.815318223023,-8807.77189385948,178.0,-1,-1,-1.0
6087,6087,-24120.32890472349,7619.069473453201,402.0,-1,-1,-1.0
6088,6088,26477.55993436539,31494.737270669662,442.0,-1,-1,-1.0
6089,6089,27199.524411019025,28820.565348307675,125.0,-1,-1,-1.0
6090,6090,39805.14082249855,-38420.02444157254,66.0,-1,-1,-1.0
6091,6091,-24257.412700408742,33668.58441469351,385.0,-1,-1,-1.0
6092,6092,-1429.8309700160537,38182.74336807663,107.0,-1,-1,-1.0
6093,6093,-25628.526024948907,18264.613339668314,89.0,-1,37,-1.0
6094,6094,36689.05490150117,-483.78202580916695,338.0,-1,-1,-1.0
6095,6095,38393.11437651905,-19136.527916158404,77.0,-1,-1,-1.0
6096,6096,32454.219043483597,-26598.23729119176,69.0,-1,-1,-1.0
6097,6097,32857.95242478285,32780.15640296992,437.0,-1,-1,-1.0
6098,6098,-17922.034664872317,-5917.94681264057,281.0,-1,43,-1.0
6099,6099,-38033.23009209224,18045.859860088603,420.0,-1,-1,-1.0
6100,6100,735.1937819109371,-29017.48910427069,221.0,-1,-1,-1.0
6101,6101,5891.196884928184,-18983.95799715748,228.0,-1,-1,-1.0
6102,6102,-209.32959757192293,-20917.20040710716,65.0,-1,31,-1.0
6103,6103,15067.662796518794,9184.632426538768,295.0,-1,-1,-1.0
6104,6104,7210.654672089135,32372.506903879184,431.0,-1,47,-1.0
6105,6105,-1473.9104952396956,25627.96380233855,24.0,-1,-1,-1.0
6106,6106,-4943.127088737943,3146.6768939788817,321.0,-1,27,-1.0
6107,6107,32536.163179275507,19116.242538688464,418.0,-1,28,-1.0
6108,6108,38854.80805763928,7039.008736745709,335.0,-1,-1,-1.0
6109,6109,-37008.32387245048,14741.543927033112,200.0,-1,-1,-1.0
6110,6110,17890.03077637186,22842.1427888802,351.0,-1,-1,-1.0
6111,6111,-7343.801089910063,-19084.791208013405,379.0,-1,-1,-1.0
6112,6112,-36253.14468815837,14478.13604702361,282.0,-1,24,-1.0
6113,6113,-6525.101775290139,12401.379997146156,261.0,-1,-1,-1.0
6114,6114,-39658.512717532285,-30544.209638778662,124.0,-1,-1,-1.0
6115,6115,-22384.833012026527,26656.24680734237,18.0,-1,48,-1.0
6116,6116,35250.157460716306,-11219.988240464892,167.0,-1,-1,-1.0
6117,6117,-38308.38790823067,-34306.40321472841,180.0,-1,-1,-1.0
6118,6118,4694.193013944081,-36020.13838642633,441.0,-1,-1,-1.0
6119,6119,14129.03843613498,-30940.262122353997,173.0,-1,3,-1.0
6120,6120,22275.853925570947,33277.14477324697,165.0,-1,30,-1.0
6121,6121,-29800.129253901603,9127.64741309041,471.0,-1,-1,-1.0
6122,6122,12856.46715784388,-7718.573572883197,360.0,-1,13,-1.0
6123,6123,24871.33018402195,39880.155581593484,234.0,-1,-1,-1.0
6124,6124,32306.93756912588,14440.077723957913,479.0,-1,-1,-1.0
6125,6125,23796.85672317488,19275.59594681948,176.0,-1,-1,-1.0
6126,6126,-16584.847317719734,39397.89182026601,182.0,-1,-1,-1.0
6127,6127,13768.8156433666,3526.0089377884724,368.0,-1,-1,-1.0
6128,6128,-3257.2274198182786,-706.64249756762,188.0,-1,-1,-1.0
6129,6129,4400.9502850138815,-35722.76949793244,364.0,-1,-1,-1.0
6130,6130,-14492.426495337895,32653.872378211905,7.0,-1,-1,-1.0
6131,6131,-773.721696000357,12283.166107237535,372.0,-1,-1,-1.0
6132,6132,38806.689772187776,-35007.28009702178,327.0,-1,-1,-1.0
6133,6133,-16394.18420580549,-21475.93372729892,145.0,-1,-1,-1.0
6134,6134,8777.806077771937,12858.246484672709,113.0,-1,-1,-1.0
6135,6135,-3122.109096485612,-17293.36403973626,211.0,-1,31,-1.0
6136,6136,21847.849445392843,-3174.289334860572,109.0,-1,44,-1.0
6137,6137,28534.8379950207,-34055.20317527936,243.0,-1,-1,-1.0
6138,6138,8072.187607236796,31658.65376526873,80.0,-1,48,-1.0
6139,6139,-13288.086027567002,11088.556068746671,119.0,-1,-1,-1.0
6140,6140,1956.9983706828352,10147.678862774948,333.0,-1,27,-1.0
6141,6141,-22804.044797646617,-13212.700416757403,67.0,-1,-1,-1.0
6142,6142,-3002.964640513659,1187.944639389003,390.0,-1,22,-1.0
6143,6143,14451.072530187652,-21893.714718679104,176.0,-1,-1,-1.0
6144,6144,26424.03303561706,22614.92163008559,77.0,-1,-1,-1.0
6145,6145,-8296.82132577469,2712.9530185073672,23.0,-1,-1,-1.0
6146,6146,-4695.250882604538,-13302.808288074904,173.0,-1,31,-1.0
6147,6147,31904.09844757158,23707.10739341283,387.0,-1,-1,-1.0
6148,6148,-13010.635015063664,25126.11841044586,95.0,-1,48,60.0
6149,6149,28432.128700737187,11805.547636674812,56.0,-1,15,-1.0
6150,6150,-25497.34962496552,-7183.717398352164,437.0,-1,-1,-1.0
6151,6151,4176.378733162041,27895.40516270032,374.0,-1,48,56.0
6152,6152,-30284.851513601563,4732.3242913817885,222.0,-1,29,-1.0
6153,6153,38440.80541543795,-12064.617022843577,2.0,-1,-1,-1.0
6154,6154,-30897.202575593758,-8473.524526583107,333.0,-1,41,-1.0
6155,6155,30952.951830067497,3079.2859306067767,388.0,-1,-1,-1.0
6156,6156,-5097.036427347019,-9539.404493901093,218.0,-1,31,-1.0
6157,6157,10691.22389326329,529.7654750902147,28.0,-1,-1,-1.0
6158,6158,19239.809937845755,17285.639675187034,115.0,-1,-1,-1.0
6159,6159,-10510.95537467819,-24029.50959755475,312.0,-1,-1,-1.0
6160,6160,-2972.5782204790885,13658.0935122554,159.0,-1,-1,-1.0
6161,6161,5556.7167182114645,-31471.13421702936,381.0,-1,-1,-1.0
6162,6162,24579.858290856595,-37231.6874057471,425.0,-1,-1,-1.0
6163,6163,-22977.08644635029,-35075.369885290966,301.0,-1,12,-1.0
6164,6164,-13691.303429418138,-27732.517151777694,422.0,-1,-1,-1.0
6165,6165,-30479.345142165144,28281.715084386906,96.0,-1,-1,-1.0
6166,6166,-38852.16902055783,-4913.291527698559,351.0,-1,-1,-1.0
6167,6167,33188.31914582559,10066.640297838145,59.0,-1,-1,-1.0
6168,6168,22425.850866037035,35408.74006292583,59.0,-1,30,-1.0
6169,6169,-9264.349222468314,7516.951504240882,301.0,-1,27,-1.0
6170,6170,-9252.522446792187,-36807.28275804739,387.0,-1,36,-1.0
6171,6171,-3916.3487404357584,-7269.621520870882,227.0,-1,31,-1.0
6172,6172,38706.22139597846,-11869.298752670637,221.0,-1,-1,-1.0
6173,6173,14009.551612549054,-32978.64668594903,457.0,-1,-1,-1.0
6174,6174,-12378.108883474946,-19967.21286832313,472.0,-1,-1,-1.0
6175,6175,2425.8213094725725,30585.022697658365,469.0,-1,-1,-1.0
6176,6176,-13472.269799311096,-13655.994131146294,130.0,-1,-1,-1.0
6177,6177,-31247.920292577972,-30160.33903484793,327.0,-1,34,-1.0
6178,6178,-3881.671126861933,-4628.3234445149865,390.0,-1,-1,-1.0
6179,6179,20511.37824648745,-32222.057844414867,60.0,-1,-1,-1.0
6180,6180,-16169.87663693876,-21031.94705941885,373.0,-1,-1,-1.0
6181,6181,9953.213615722025,-21861.16346807551,91.0,-1,-1,-1.0
6182,6182,-14974.180685075266,28851.417822695235,303.0,-1,-1,-1.0
6183,6183,-13186.086302964482,-33426.51929931657,444.0,-1,-1,-1.0
6184,6184,-4544.749028804821,26124.91480778292,230.0,-1,-1,-1.0
6185,6185,-39040.540448587206,-20643.616709842176,72.0,-1,-1,-1.0
6186,6186,-33082.654332636055,8511.473154815489,230.0,-1,-1,-1.0
6187,6187,5634.781186508611,-9464.44876903353,446.0,-1,31,-1.0
6188,6188,15465.119864326783,2503.1452955046043,122.0,-1,2,-1.0
6189,6189,14992.51504697655,-37401.20681600008,401.0,-1,-1,-1.0
6190,6190,-33554.998275635975,-19208.426521935227,407.0,-1,-1,-1.0
6191,6191,11694.951464891625,4217.097699959726,180.0,-1,-1,-1.0
6192,6192,-5629.774995109103,15512.462644025916,304.0,-1,-1,-1.0
6193,6193,-39799.05702290135,30359.13597379421,191.0,-1,-1,-1.0
6194,6194,24694.60533901609,28079.745099251973,472.0,-1,-1,-1.0
6195,6195,1934.9255781768952,-7220.997051802529,436.0,-1,31,-1.0
6196,6196,25520.695882783715,1185.511471450467,337.0,-1,-1,-1.0
6197,6197,-26938.116575656342,-4284.613718440596,104.0,-1,41,-1.0
6198,6198,-58.97110731952853,29708.38237120413,479.0,-1,48,-1.0
6199,6199,-8583.986183372137,29945.11207824954,431.0,-1,-1,-1.0
6200,6200,30305.83608046593,-12201.66673577114,162.0,-1,45,-1.0
6201,6201,27622.987987392265,21913.22960564573,356.0,-1,-1,-1.0
6202,6202,4140.699227158402,-18871.61678757157,37.0,-1,31,-1.0
6203,6203,28739.690285137756,-34310.80146357797,413.0,-1,-1,-1.0
6204,6204,-6985.740564329921,10504.142545169816,84.0,-1,-1,-1.0
6205,6205,-7949.114116483037,28851.281932511338,265.0,-1,-1,-1.0
6206,6206,-17763.070913414555,-29331.68466138019,13.0,-1,36,-1.0
6207,6207,10982.788714643742,-31300.73696403766,421.0,-1,-1,-1.0
6208,6208,-4765.305230183927,29856.400859571357,207.0,-1,-1,-1.0
6209,6209,23723.01222793572,-39569.4568799362,233.0,-1,-1,-1.0
6210,6210,14605.743244988174,27629.448999070693,171.0,-1,-1,-1.0
6211,6211,-13292.34399470617,-31435.86063047549,215.0,-1,-1,-1.0
6212,6212,23874.83975621761,21829.00741742276,276.0,-1,-1,-1.0
6213,6213,26565.97666183996,-5707.66695317383,256.0,-1,-1,-1.0
6214,6214,-31223.84854804096,-29967.80656290796,20.0,-1,-1,-1.0
6215,6215,9460.818997309188,21291.240929458203,169.0,-1,-1,-1.0
6216,6216,-30186.995380784698,36352.9003533666,202.0,-1,-1,-1.0
6217,6217,7876.151267093723,-22249.99532640392,104.0,-1,-1,-1.0
6218,6218,14206.459323861214,-39167.61071478384,64.0,-1,-1,-1.0
6219,6219,16291.938079090716,-4622.22584374305,324.0,-1,13,-1.0
6220,6220,-27044.811854474054,-24720.030224463997,88.0,-1,38,-1.0
6221,6221,-39474.31915726851,5225.557588094787,75.0,-1,-1,-1.0
6222,6222,-6778.68514538648,32059.71367161121,396.0,-1,-1,-1.0
6223,6223,38521.56391309145,15848.024965436634,172.0,-1,-1,-1.0
6224,6224,-25572.657199615685,-1671.020073399457,415.0,-1,41,-1.0
6225,6225,-38404.44280954213,-12764.70722708976,112.0,-1,32,38.0
6226,6226,18319.708533866626,-33476.10693022621,466.0,-1,-1,-1.0
6227,6227,-7836.332821399621,-18157.89462219878,469.0,-1,-1,-1.0
6228,6228,-3189.277305176409,-26553.91702667368,466.0,-1,-1,-1.0
6229,6229,-21741.152352693163,36012.738536473684,47.0,-1,-1,-1.0
6230,6230,-13430.032758600926,-35625.91318453938,434.0,-1,36,-1.0
6231,6231,37060.39827693078,-24519.755107002165,328.0,-1,-1,-1.0
6232,6232,17100.154363095215,-8992.041899561176,351.0,-1,-1,-1.0
6233,6233,-26666.74692136001,-27360.97500818045,4.0,-1,-1,-1.0
6234,6234,32033.19911581585,-24619.367747004428,468.0,-1,45,-1.0
6235,6235,-3222.9598486988325,24696.653437224253,27.0,-1,-1,-1.0
6236,6236,2390.675598947222,16194.220483479206,434.0,-1,-1,-1.0
6237,6237,-7675.930596388836,21365.94323870461,425.0,-1,-1,-1.0
6238,6238,-3854.9676832222895,26388.474303258365,258.0,-1,48,-1.0
6239,6239,-19462.10139945748,-24073.64141169239,212.0,-1,36,-1.0
6240,6240,16130.535773431642,-37368.266449478455,124.0,-1,-1,-1.0
6241,6241,-22917.97800296097,-21755.39860893158,347.0,-1,-1,-1.0
6242,6242,17099.8984052367,23992.13742027733,318.0,-1,-1,-1.0
6243,6243,-15389.830915672212,-27382.648120858463,438.0,-1,-1,-1.0
6244,6244,-299.8893001068064,2000.8727684386613,498.0,-1,22,-1.0
6245,6245,5397.066984747187,-20002.38254008539,3.0,-1,-1,-1.0
6246,6246,29939.510922871865,22456.35024969356,291.0,-1,-1,-1.0
6247,6247,5300.346528187401,-8926.776910011995,469.0,-1,-1,-1.0
6248,6248,31602.158120351727,39978.429920113005,320.0,-1,-1,-1.0
6249,6249,-5180.890077920063,-26855.413972287235,496.0,-1,-1,-1.0
6250,6250,-6149.09693269639,14220.801014546088,275.0,-1,-1,-1.0
6251,6251,-12500.97811283042,4454.291780625761,200.0,-1,26,-1.0
6252,6252,-20492.303432849505,26603.57434869386,339.0,-1,48,-1.0
6253,6253,22948.900927177187,-4788.327673061358,305.0,-1,-1,-1.0
6254,6254,17132.956851227216,14408.73600508154,295.0,-1,-1,-1.0
6255,6255,38376.52709807626,4491.1295946306855,445.0,-1,28,-1.0
6256,6256,-25498.810644429905,16952.325757363506,172.0,-1,-1,-1.0
6257,6257,-35644.43111667593,19815.800770746144,59.0,-1,-1,-1.0
6258,6258,-38845.62813959632,-16803.182816232606,214.0,-1,-1,-1.0
6259,6259,14425.079995928085,-11578.15926496271,154.0,-1,-1,-1.0
6260,6260,27724.65542373361,-609.1422734571242,356.0,-1,33,-1.0
6261,6261,-22067.0206905862,-6046.15670986889,153.0,-1,-1,-1.0
6262,6262,-12608.600232264202,36823.03704707496,121.0,-1,48,-1.0
6263,6263,-36064.47050359107,-26820.61982127447,194.0,-1,-1,-1.0
6264,6264,-3513.2743632054558,-22657.733048186503,79.0,-1,-1,-1.0
6265,6265,28319.14716158995,7050.586229830122,381.0,-1,15,-1.0
6266,6266,-25991.316469344507,-14619.074049142151,408.0,-1,-1,-1.0
6267,6267,-33634.22406620823,38448.03228109627,495.0,-1,5,-1.0
6268,6268,-28243.79583595462,-39807.23186758711,396.0,-1,-1,-1.0
6269,6269,-36276.91731533488,-8730.063733185423,211.0,-1,32,38.0
6270,6270,4482.796868012287,-10538.200743746756,0.0,-1,31,-1.0
6271,6271,-35931.76076657768,32390.80262969894,353.0,-1,-1,-1.0
6272,6272,-36938.22264634006,-36137.08471125516,159.0,-1,-1,-1.0
6273,6273,20058.38453421793,30519.3673679932,154.0,-1,30,-1.0
6274,6274,15088.604596626152,35947.602876601406,197.0,-1,-1,-1.0
6275,6275,-9637.006992268918,17354.57335855397,67.0,-1,-1,-1.0
6276,6276,33437.2739554072,19581.50233436501,351.0,-1,-1,-1.0
6277,6277,20487.51589675612,16671.882475547536,185.0,-1,18,-1.0
6278,6278,3127.6401141151728,15383.932832085164,54.0,-1,-1,-1.0
6279,6279,31516.55877002416,8132.841143028956,48.0,-1,-1,-1.0
6280,6280,-3394.238460565117,8184.879731217814,111.0,-1,27,-1.0
6281,6281,-31150.752768189403,7897.860974014882,23.0,-1,-1,-1.0
6282,6282,649.5404276390254,7190.553178649578,110.0,-1,27,-1.0
6283,6283,-16650.988872335565,-382.2463381202178,176.0,-1,-1,-1.0
6284,6284,18838.31718947392,35514.97124694695,335.0,-1,30,-1.0
6285,6285,4369.307814401407,-29744.343060924024,308.0,-1,-1,-1.0
6286,6286,-6070.090334362227,-20291.539666882694,201.0,-1,7,-1.0
6287,6287,-33987.30947443298,13741.860006804432,32.0,-1,24,-1.0
6288,6288,11480.49714065528,37097.92335416477,101.0,-1,-1,-1.0
6289,6289,-11152.11856988661,187.1589806945485,211.0,-1,-1,-1.0
6290,6290,38709.03798035272,-6180.539075003413,186.0,-1,-1,-1.0
6291,6291,-39725.59890704985,29916.532902289124,385.0,-1,-1,-1.0
6292,6292,-29755.99838180829,-3321.7504517584384,216.0,-1,41,-1.0
6293,6293,-3376.4245695855643,-33932.58895291936,492.0,-1,-1,-1.0
6294,6294,-6782.907243837639,-33179.188930769495,97.0,-1,35,-1.0
6295,6295,20889.433966111632,-1756.9899634305548,471.0,-1,-1,-1.0
6296,6296,-4390.99248100791,4201.45354175556,37.0,-1,27,-1.0
6297,6297,-1754.0395036913324,-17820.275844165713,57.0,-1,31,-1.0
6298,6298,-20487.231054382064,-2156.2066496219704,30.0,-1,43,-1.0
6299,6299,12204.16344932776,-36844.55239209553,470.0,-1,-1,-1.0
6300,6300,-995.3374830466636,3017.020021343211,341.0,-1,22,-1.0
6301,6301,-39476.08155894141,-248.543967188205,440.0,-1,-1,-1.0
6302,6302,-39527.31538350468,-5005.109877751063,16.0,-1,-1,-1.0
6303,6303,2134.596619031603,21649.170000411083,71.0,-1,46,54.0
6304,6304,11042.22778289656,-24029.07495141978,310.0,-1,-1,-1.0
6305,6305,14920.747313706474,-16027.94732555113,276.0,-1,-1,-1.0
6306,6306,-22679.805613275617,-37742.28544935168,85.0,-1,12,-1.0
6307,6307,27211.99309347797,-32130.53490512588,499.0,-1,-1,-1.0
6308,6308,14347.278351682377,-29123.20832683545,494.0,-1,3,-1.0
6309,6309,11501.192015211273,-10161.70262586117,391.0,-1,-1,-1.0
6310,6310,20958.032568742303,-29325.87508989429,357.0,-1,-1,-1.0
6311,6311,-30980.508349221072,3116.2060747453143,431.0,-1,29,-1.0
6312,6312,680.5964240520625,-36367.06161255218,428.0,-1,-1,-1.0
6313,6313,26236.85737467784,37344.07226685212,375.0,-1,30,-1.0
6314,6314,-22738.200301493485,-6058.803422389537,391.0,-1,-1,-1.0
6315,6315,-18901.08724167732,5047.942799655153,195.0,-1,-1,-1.0
6316,6316,3256.110967210901,25531.910946078373,9.0,-1,48,-1.0
6317,6317,21932.4919945531,-4417.286586788694,97.0,-1,44,-1.0
6318,6318,33223.4441703794,-28020.275001927068,266.0,-1,-1,-1.0
6319,6319,36021.11359999367,-34204.33211292308,479.0,-1,-1,-1.0
6320,6320,14150.279110387704,-2595.7631630516557,21.0,-1,-1,-1.0
6321,6321,-10684.780488340068,32873.8857558093,320.0,-1,-1,-1.0
6322,6322,39795.86464614117,-22475.855371369056,471.0,-1,-1,-1.0
6323,6323,-27448.32254900511,4072.812553679367,120.0,-1,-1,-1.0
6324,6324,-35154.01872312278,22348.52269920853,175.0,-1,-1,-1.0
6325,6325,19505.662246071915,16506.63734326356,318.0,-1,18,-1.0
6326,6326,-21566.046923536727,-24428.537847378164,375.0,-1,-1,-1.0
6327,6327,-7787.517896147554,-1679.8969094567365,383.0,-1,-1,-1.0
6328,6328,22893.68286086344,10378.673174303542,268.0,-1,16,-1.0
6329,6329,22721.21960880349,-19587.25863752511,423.0,-1,-1,-1.0
6330,6330,-10909.147947898373,-16285.890398813191,388.0,-1,-1,-1.0
6331,6331,16167.255065456462,8248.870862554759,449.0,-1,-1,-1.0
6332,6332,9998.267262021089,-38156.44704064383,444.0,-1,1,-1.0
6333,6333,5562.227566201058,-35488.02166583453,400.0,-1,1,-1.0
6334,6334,-39092.10787905527,8117.589151911088,290.0,-1,-1,-1.0
6335,6335,-37701.29920522979,14242.333277380436,91.0,-1,-1,-1.0
6336,6336,-20541.938538825973,-34882.95720964924,435.0,-1,-1,-1.0
6337,6337,-29644.91587523422,34245.95771772195,218.0,-1,6,-1.0
6338,6338,4844.9979303613,-31825.76655862496,143.0,-1,1,-1.0
6339,6339,-37812.3220189012,-11903.04561825333,106.0,-1,32,38.0
6340,6340,-14700.54954245956,14035.986943171156,237.0,-1,-1,-1.0
6341,6341,26311.277069903168,-6591.217710036472,289.0,-1,-1,-1.0
6342,6342,26786.6716357718,16832.773709283276,27.0,-1,-1,-1.0
6343,6343,-10672.934607788093,-14543.957310968184,91.0,-1,31,-1.0
6344,6344,23777.613562343075,34816.51232469018,61.0,-1,-1,-1.0
6345,6345,-15620.260938999409,-24584.808815183434,193.0,-1,-1,-1.0
6346,6346,38522.42041133049,-10347.305401756646,88.0,-1,-1,-1.0
6347,6347,-16007.86325602562,37584.719240523074,486.0,-1,48,-1.0
6348,6348,-24608.12988537911,-11143.090626216415,59.0,-1,-1,-1.0
6349,6349,12937.68272115355,4294.265566576243,453.0,-1,-1,-1.0
6350,6350,-23059.323539777837,-834.6972121725557,415.0,-1,-1,-1.0
6351,6351,30465.26093240005,36985.56776215592,486.0,-1,11,-1.0
6352,6352,-9663.070826761224,21465.315174441188,498.0,-1,-1,-1.0
6353,6353,-6102.593008828575,34637.03174740249,45.0,-1,48,-1.0
6354,6354,26842.926620482584,-28876.93345778455,123.0,-1,45,-1.0
6355,6355,-17707.4735321224,-33434.687968179154,453.0,-1,-1,-1.0
6356,6356,32111.04966436909,-12042.341135127936,464.0,-1,-1,-1.0
6357,6357,-25963.125801213937,-19115.82021394413,323.0,-1,-1,-1.0
6358,6358,11301.25818559854,-13237.0741168386,396.0,-1,13,-1.0
6359,6359,-29188.61475628505,-30945.95986384749,23.0,-1,-1,-1.0
6360,6360,38495.26919342748,-38169.3464375965,35.0,-1,-1,-1.0
6361,6361,-9218.793617184976,-656.720370116178,498.0,-1,-1,-1.0
6362,6362,7216.080481504898,26826.867983254637,401.0,-1,-1,-1.0
6363,6363,22040.639621604583,37257.40268217847,208.0,-1,30,-1.0
6364,6364,-21924.40431537503,-13151.13167073772,154.0,-1,-1,-1.0
6365,6365,-4913.966837420114,28977.82471020429,64.0,-1,-1,-1.0
6366,6366,-657.0982336179586,7569.088036493893,153.0,-1,27,-1.0
6367,6367,-16829.738642455573,-2496.906211075613,340.0,-1,43,-1.0
6368,6368,-9317.699159102314,-28162.261699497933,352.0,-1,-1,-1.0
6369,6369,-14315.125048785723,-19311.841164330606,54.0,-1,-1,-1.0
6370,6370,-25673.737447918676,13286.433067455657,154.0,-1,40,-1.0
6371,6371,26423.895476787133,21820.28849389393,296.0,-1,-1,-1.0
6372,6372,-18611.983466917613,7914.918385414589,210.0,-1,-1,-1.0
6373,6373,35418.566695230955,24937.173459397047,203.0,-1,-1,-1.0
6374,6374,-20569.602963652043,30277.06401521845,67.0,-1,48,-1.0
6375,6375,22062.172855735076,33617.25695583937,155.0,-1,30,-1.0
6376,6376,-30948.17193718355,-12671.278483219296,437.0,-1,-1,-1.0
6377,6377,-2150.1724155442207,4289.457453358162,308.0,-1,-1,-1.0
6378,6378,12205.471322211146,-25837.43239502396,299.0,-1,-1,-1.0
6379,6379,-38155.65212183157,5469.436292216327,472.0,-1,-1,-1.0
6380,6380,29664.916901146105,-1334.5638467334356,116.0,-1,33,-1.0
6381,6381,-12562.675600932627,31209.89024175149,92.0,-1,48,-1.0
6382,6382,29074.414590953456,-5042.431883502453,419.0,-1,-1,-1.0
6383,6383,39294.69800195334,-9117.4481362222,382.0,-1,-1,-1.0
6384,6384,23172.88424552264,-16614.698929479036,385.0,-1,-1,-1.0
6385,6385,-24082.890577663668,-27885.30470467973,209.0,-1,38,-1.0
6386,6386,-31998.20541155679,2189.096751537312,410.0,-1,29,-1.0
6387,6387,31923.60989964915,-25995.71896256915,290.0,-1,-1,-1.0
6388,6388,1835.8591659780575,-23852.305092525858,258.0,-1,-1,-1.0
6389,6389,-10938.53240326698,-18385.552576793983,407.0,-1,-1,-1.0
6390,6390,16826.086419691295,-29761.955676534424,408.0,-1,-1,-1.0
6391,6391,-9485.38809989663,-20275.793890050736,334.0,-1,-1,-1.0
6392,6392,-1450.4014686199737,36863.65108547961,239.0,-1,48,-1.0
6393,6393,20933.557993159484,-6780.240437402215,55.0,-1,44,-1.0
6394,6394,3363.2740966626006,-34799.57844904445,490.0,-1,-1,-1.0
6395,6395,-19330.056542831146,-7681.0795180196765,425.0,-1,-1,-1.0
6396,6396,-4559.791910621789,-33759.931460491,383.0,-1,35,-1.0
6397,6397,-23700.303121950063,20780.53417463325,394.0,-1,37,-1.0
6398,6398,-27587.74737398057,39895.88165629022,472.0,-1,-1,-1.0
6399,6399,11038.201710618509,-30139.03271766063,105.0,-1,-1,-1.0
6400,6400,-21445.807020411703,-28050.92876151489,297.0,-1,-1,-1.0
6401,6401,-21136.26169064422,28750.05012328777,223.0,-1,-1,-1.0
6402,6402,21063.945935317883,39616.67391023807,223.0,-1,-1,-1.0
6403,6403,418.4211408465999,-7519.10258092697,152.0,-1,31,-1.0
6404,6404,29210.12654295932,28384.11048434017,119.0,-1,-1,-1.0
6405,6405,28138.05838653645,-26490.85143854653,170.0,-1,-1,-1.0
6406,6406,34758.06401630843,14384.830141202328,138.0,-1,28,32.0
6407,6407,3901.417392203664,24107.549413932786,489.0,-1,-1,-1.0
6408,6408,-8508.743652355184,30847.618914521798,274.0,-1,-1,-1.0
6409,6409,18116.9784511298,-4841.381146619686,388.0,-1,-1,-1.0
6410,6410,-18017.1250441201,-39102.99751694358,404.0,-1,-1,-1.0
6411,6411,24602.204891759317,-7234.780373143854,473.0,-1,-1,-1.0
6412,6412,18843.7708227221,20776.048372142657,426.0,-1,18,-1.0
6413,6413,4045.482047279984,8933.096421105452,124.0,-1,27,-1.0
6414,6414,13189.090969463512,-3173.9162588888,173.0,-1,-1,-1.0
6415,6415,16748.902561844254,-26712.61358866712,27.0,-1,3,-1.0
6416,6416,11409.167882773305,5738.20121589506,346.0,-1,2,-1.0
6417,6417,20352.449881529632,-25452.44798025273,286.0,-1,-1,-1.0
6418,6418,-13675.500797830544,-14666.322992239326,182.0,-1,-1,-1.0
6419,6419,-5038.412587569736,-22619.152795953916,2.0,-1,-1,-1.0
6420,6420,-34435.082845692115,-10655.331217700448,446.0,-1,-1,-1.0
6421,6421,-37077.69250959971,38715.07048581007,73.0,-1,5,-1.0
6422,6422,-20757.388601718438,13606.07196411566,365.0,-1,-1,-1.0
6423,6423,22345.908884756624,-24128.18217262716,294.0,-1,-1,-1.0
6424,6424,16197.165761063285,6955.291837742458,315.0,-1,2,-1.0
6425,6425,-2727.052643056268,-37654.30388850625,369.0,-1,-1,-1.0
6426,6426,-18667.04865978132,34617.58225709916,425.0,-1,-1,-1.0
6427,6427,-14848.105579503015,-36218.598410286,364.0,-1,-1,-1.0
6428,6428,-14918.557879303764,7235.347320003719,90.0,-1,-1,-1.0
6429,6429,-7962.828388746017,-13185.08159908859,405.0,-1,-1,-1.0
6430,6430,-14280.939875105734,-19744.512534444497,228.0,-1,-1,-1.0
6431,6431,32451.446755680445,-22024.080641160468,490.0,-1,45,-1.0
6432,6432,-18517.503933707638,-23719.884830380885,31.0,-1,36,42.0
6433,6433,-32536.073572917277,20206.94194047938,164.0,-1,-1,-1.0
6434,6434,-30994.21751883254,31949.013216328454,364.0,-1,6,-1.0
6435,6435,12033.877085361157,-6619.136633076298,226.0,-1,-1,-1.0
6436,6436,29505.467154193742,-16666.261477122807,70.0,-1,-1,-1.0
6437,6437,-7292.556581902438,-8868.667357836024,414.0,-1,31,-1.0
6438,6438,29671.47269949876,-19589.01300961738,187.0,-1,45,-1.0
6439,6439,6900.328607242627,-5558.750982609199,278.0,-1,-1,-1.0
6440,6440,32495.27203718244,7845.242010486036,149.0,-1,-1,-1.0
6441,6441,-23175.807744765767,21205.848098838014,157.0,-1,37,-1.0
6442,6442,17161.252968020875,1976.8466351404927,275.0,-1,-1,-1.0
6443,6443,-19416.10025150468,-24698.764419959705,150.0,-1,36,-1.0
6444,6444,18800.277339524306,-36580.50870809444,158.0,-1,-1,-1.0
6445,6445,11493.291857312455,2404.048456357814,302.0,-1,-1,-1.0
6446,6446,14284.159834443672,25923.443789563767,377.0,-1,9,-1.0
6447,6447,-18521.531978686853,12077.49831528306,90.0,-1,-1,-1.0
6448,6448,33176.12814596642,8485.576251673214,129.0,-1,28,-1.0
6449,6449,-39156.00099296462,-28622.705115410718,221.0,-1,-1,-1.0
6450,6450,-5707.270729822922,-29896.71324238306,405.0,-1,-1,-1.0
6451,6451,-35030.14913466384,-39319.72406604674,124.0,-1,-1,-1.0
6452,6452,19784.783506334723,17927.886447540994,199.0,-1,18,-1.0
6453,6453,-28672.144100629404,-29085.27025049628,169.0,-1,-1,-1.0
6454,6454,-25722.984438462263,-13933.124089667748,208.0,-1,-1,-1.0
6455,6455,13982.415188446765,37808.21508090844,401.0,-1,-1,-1.0
6456,6456,12672.734967196957,23063.182582192727,245.0,-1,-1,-1.0
6457,6457,-35958.45892171637,-32894.60165203992,296.0,-1,20,-1.0
6458,6458,4564.472354962207,38983.74311110594,147.0,-1,-1,-1.0
6459,6459,38737.00560235113,-4860.7096810067305,180.0,-1,-1,-1.0
6460,6460,-28522.473481442197,-7219.373898476406,63.0,-1,-1,-1.0
6461,6461,-27818.598732755727,-18198.12428647804,377.0,-1,-1,-1.0
6462,6462,-16485.741404300108,-30251.025022170088,387.0,-1,36,-1.0
6463,6463,1672.7343306405674,-6781.731074287804,186.0,-1,31,-1.0
6464,6464,-8070.684751356723,-27721.127881075365,295.0,-1,-1,-1.0
6465,6465,-22919.461057373843,-35485.14945535609,269.0,-1,-1,-1.0
6466,6466,-23696.910718030136,31529.326512978543,31.0,-1,-1,-1.0
6467,6467,-10402.679975367617,-4703.150474004964,465.0,-1,-1,-1.0
6468,6468,16683.280704073026,-37645.77302884558,482.0,-1,-1,-1.0
6469,6469,-15069.809319272594,20735.284426818507,183.0,-1,-1,-1.0
6470,6470,6438.198900614552,13042.160375126155,135.0,-1,8,-1.0
6471,6471,-15774.428967063744,-34760.81603949791,478.0,-1,36,-1.0
6472,6472,-24661.42193220389,23953.932562576352,154.0,-1,-1,-1.0
6473,6473,-9502.85362997021,5135.930257965876,41.0,-1,27,-1.0
6474,6474,-23316.33919008115,-16203.570652171296,170.0,-1,-1,-1.0
6475,6475,-19871.77183354776,28161.42195559888,85.0,-1,-1,-1.0
6476,6476,-22027.990833508346,-3299.616229125626,416.0,-1,-1,-1.0
6477,6477,14315.897816632976,-18451.02309282225,203.0,-1,-1,-1.0
6478,6478,12288.851538736157,14193.677550889908,89.0,-1,-1,-1.0
6479,6479,-16926.322187610906,-24427.966309180745,183.0,-1,36,-1.0
6480,6480,21932.478058278422,38921.55229430796,17.0,-1,-1,-1.0
6481,6481,-2110.3903187642645,13522.591138810409,202.0,-1,-1,-1.0
6482,6482,-25397.824896898448,-36109.41322364572,49.0,-1,-1,-1.0
6483,6483,37438.96036113244,-5024.565209194181,335.0,-1,-1,-1.0
6484,6484,32768.0270420124,-33975.3181480346,313.0,-1,-1,-1.0
6485,6485,23242.795252552576,-1978.650347282506,10.0,-1,44,50.0
6486,6486,25767.892203245225,-28483.916362238717,254.0,-1,45,-1.0
6487,6487,5779.452543712301,29776.683627558785,416.0,-1,48,56.0
6488,6488,-35883.6219344728,-25320.678537840467,49.0,-1,-1,-1.0
6489,6489,5028.270272144131,23721.71925021842,243.0,-1,-1,-1.0
6490,6490,-15249.905277092974,33011.47398043198,57.0,-1,-1,-1.0
6491,6491,-26869.38202105461,-25623.189351851724,162.0,-1,-1,-1.0
6492,6492,15882.435803129258,6583.37204079052,430.0,-1,2,-1.0
6493,6493,-17008.182011668698,-6728.44875572723,186.0,-1,43,-1.0
6494,6494,-9210.75266832716,8394.715639453294,414.0,-1,27,-1.0
6495,6495,-34906.35632120918,-34029.240398683214,249.0,-1,-1,-1.0
6496,6496,20637.07937359717,1769.157923977691,472.0,-1,-1,-1.0
6497,6497,-36893.146531964754,-37613.609270484114,475.0,-1,19,-1.0
6498,6498,-20152.76489369148,14462.125623153952,430.0,-1,-1,-1.0
6499,6499,24033.61082778809,17575.442485398584,27.0,-1,-1,-1.0
6500,6500,-633.1647610267755,4318.538362366526,217.0,-1,-1,-1.0
6501,6501,-38379.47844112382,19622.018653292187,12.0,-1,-1,-1.0
6502,6502,-18872.568392222205,13803.80118414088,481.0,-1,-1,-1.0
6503,6503,29873.336954176037,-27609.87597480874,48.0,-1,-1,-1.0
6504,6504,35414.463288926,-5316.084291861422,41.0,-1,-1,-1.0
6505,6505,36638.67071216715,-23884.623202825227,22.0,-1,-1,-1.0
6506,6506,-9662.630313509304,-8532.269847298518,278.0,-1,31,-1.0
6507,6507,3794.4040518412,32047.03396245409,101.0,-1,48,-1.0
6508,6508,-4094.4740465911455,-21794.36835293138,109.0,-1,-1,-1.0
6509,6509,35988.68686683089,17527.86361155314,262.0,-1,28,-1.0
6510,6510,-34472.44080891635,-29002.841662857885,0.0,-1,-1,-1.0
6511,6511,37388.50845251838,22147.74266608613,242.0,-1,-1,-1.0
6512,6512,-7608.784707215807,16503.547114458845,208.0,-1,-1,-1.0
6513,6513,7344.250830560144,-35756.76148388296,236.0,-1,1,-1.0
6514,6514,27808.275129204747,24768.60661951648,468.0,-1,-1,-1.0
6515,6515,-14843.458724415246,10696.901983360032,206.0,-1,-1,-1.0
6516,6516,-26866.137098279098,-7734.903615969441,31.0,-1,-1,-1.0
6517,6517,11775.126216950615,23431.79628394241,372.0,-1,-1,-1.0
6518,6518,18247.22896293959,-18220.14122962193,257.0,-1,-1,-1.0
6519,6519,34048.38415503269,15957.191154323016,104.0,-1,28,-1.0
6520,6520,-2580.695159733136,-31316.37317791479,242.0,-1,-1,-1.0
6521,6521,37942.465694334285,33338.67968186327,375.0,-1,10,-1.0
6522,6522,24084.841101901497,-11000.957176438667,11.0,-1,-1,-1.0
6523,6523,17496.667259348505,-7961.267427624047,103.0,-1,-1,-1.0
6524,6524,18791.130352935517,33704.43044128126,466.0,-1,30,-1.0
6525,6525,22113.71926768893,22817.191278289378,455.0,-1,-1,-1.0
6526,6526,28842.229516603373,37030.39088811724,191.0,-1,11,-1.0
6527,6527,-24434.15486717093,1366.9399000160702,377.0,-1,-1,-1.0
6528,6528,22961.587394598107,-4625.82159512816,111.0,-1,-1,-1.0
6529,6529,-32338.516662486905,-30739.18847032217,444.0,-1,34,-1.0
6530,6530,-16341.4259273903,31023.883605095893,148.0,-1,-1,-1.0
6531,6531,-25848.46900342055,1340.3172448181067,292.0,-1,41,-1.0
6532,6532,-26128.04605258364,-7250.314205694951,161.0,-1,-1,-1.0
6533,6533,3885.8610899867126,-21627.686658653067,10.0,-1,31,-1.0
6534,6534,39704.93433346882,-1077.241751949885,301.0,-1,-1,-1.0
6535,6535,-30923.413113240906,24328.172023714105,11.0,-1,-1,-1.0
6536,6536,-20472.01184931529,34458.47359211231,29.0,-1,-1,-1.0
6537,6537,5199.049325320957,27823.85183152877,130.0,-1,-1,-1.0
6538,6538,-38098.28891127981,-16234.516235490064,144.0,-1,-1,-1.0
6539,6539,-17695.205025063966,-11219.711368643006,341.0,-1,-1,-1.0
6540,6540,15831.341314252088,27540.2356678138,74.0,-1,9,-1.0
6541,6541,12073.330322022935,21237.617751668276,433.0,-1,-1,-1.0
6542,6542,16399.660344216558,28577.420597887423,298.0,-1,9,-1.0
6543,6543,-5946.3029378664505,-34838.12802108882,71.0,-1,35,-1.0
6544,6544,7872.213927076016,-31177.433682829265,264.0,-1,-1,-1.0
6545,6545,15496.63831624321,-17448.80244338308,230.0,-1,45,-1.0
6546,6546,30116.76079087873,-15399.931065814477,122.0,-1,-1,-1.0
6547,6547,-15174.259204144426,4357.940800114404,220.0,-1,26,-1.0
6548,6548,-3767.349393952034,-17040.726264103458,301.0,-1,-1,-1.0
6549,6549,-28306.50140493251,-4319.001003014149,29.0,-1,41,-1.0
6550,6550,-30622.181002427507,13984.65586985559,414.0,-1,-1,-1.0
6551,6551,10091.201338011597,36321.13419413472,21.0,-1,-1,-1.0
6552,6552,-2935.9247146779453,-36289.74025596367,103.0,-1,-1,-1.0
6553,6553,-30768.560394849403,-14733.030306523831,101.0,-1,-1,-1.0
6554,6554,6845.713295121503,37591.1839263251,96.0,-1,-1,-1.0
6555,6555,16593.154694810168,11163.126392083046,332.0,-1,-1,-1.0
6556,6556,17483.45826605118,1455.9567340041976,492.0,-1,-1,-1.0
6557,6557,-38521.28834396123,1013.7611787630884,60.0,-1,-1,-1.0
6558,6558,-14563.276363215477,-6896.492650278567,63.0,-1,-1,-1.0
6559,6559,32969.09259590453,-14167.60604144514,108.0,-1,-1,-1.0
6560,6560,32903.18511766959,14305.22929949288,411.0,-1,-1,-1.0
6561,6561,16058.803804535746,24769.45735935257,498.0,-1,9,-1.0
6562,6562,-11381.665062851776,15107.687863386214,423.0,-1,-1,-1.0
6563,6563,22954.348567904475,37001.317816927054,424.0,-1,30,-1.0
6564,6564,-1598.8321027180573,6369.92574403128,44.0,-1,27,-1.0
6565,6565,-32713.793700521823,21967.522370770406,205.0,-1,-1,-1.0
6566,6566,3678.966199898212,4059.882908952765,31.0,-1,14,-1.0
6567,6567,-22377.094796247413,8847.365183229405,99.0,-1,-1,-1.0
6568,6568,-25489.042427016957,-27111.4770005872,236.0,-1,-1,-1.0
6569,6569,-17404.846348663243,-20593.82719449488,416.0,-1,-1,-1.0
6570,6570,-33776.94668792978,-387.46354655953473,477.0,-1,29,-1.0
6571,6571,23136.5134513314,-38232.84276873869,256.0,-1,-1,-1.0
6572,6572,-16762.213420851087,5253.323081091112,387.0,-1,-1,-1.0
6573,6573,36565.8874273009,-26011.071839765733,141.0,-1,-1,-1.0
6574,6574,-14460.79607039299,3561.3930448594983,311.0,-1,-1,-1.0
6575,6575,33120.726928115706,25107.33387650104,489.0,-1,-1,-1.0
6576,6576,7230.9973789875585,-36321.18071170808,326.0,-1,1,-1.0
6577,6577,3995.2785680056986,30166.377110041707,116.0,-1,-1,-1.0
6578,6578,-9310.85282284772,-9154.225715799535,470.0,-1,31,-1.0
6579,6579,-36792.36169176465,33973.865234320256,499.0,-1,5,-1.0
6580,6580,-12523.22902899767,8086.481728483719,11.0,-1,-1,-1.0
6581,6581,32532.193584089167,-10354.897127835717,306.0,-1,-1,-1.0
6582,6582,37912.85148659554,30604.42019170189,448.0,-1,10,-1.0
6583,6583,-31875.058451794284,17928.554771734125,330.0,-1,-1,-1.0
6584,6584,24530.662178637533,323.4217359204049,323.0,-1,-1,-1.0
6585,6585,-30765.632672169944,12848.126814169678,277.0,-1,-1,-1.0
6586,6586,32409.604446317928,-16251.346966983532,245.0,-1,-1,-1.0
6587,6587,4445.426444085329,7994.275262974326,479.0,-1,27,-1.0
6588,6588,21179.534129178333,7871.658703772475,127.0,-1,-1,-1.0
6589,6589,28422.86130491496,-25032.27799736715,167.0,-1,-1,-1.0
6590,6590,31.85459792135225,-39585.53002955248,141.0,-1,-1,-1.0
6591,6591,15277.824243901472,-838.4770436311373,314.0,-1,-1,-1.0
6592,6592,-28989.715826406304,-19334.30874660989,99.0,-1,-1,-1.0
6593,6593,319.9986804316941,581.8240658897921,132.0,-1,-1,-1.0
6594,6594,39978.3167989442,-29664.33601188324,383.0,-1,-1,-1.0
6595,6595,-9441.37808552213,-7671.598324408002,217.0,-1,31,-1.0
6596,6596,27940.37649280569,-3339.396229065671,297.0,-1,-1,-1.0
6597,6597,30459.82501346061,-18950.030531259035,289.0,-1,-1,-1.0
6598,6598,-8209.36549451936,14921.309576072286,158.0,-1,-1,-1.0
6599,6599,31399.256082078995,17879.447084388878,140.0,-1,28,-1.0
6600,6600,-4554.382028686108,30776.528116796355,28.0,-1,-1,-1.0
6601,6601,8987.841679120873,-5813.17664588074,423.0,-1,-1,-1.0
6602,6602,-29055.33868907033,26713.380740868583,349.0,-1,-1,-1.0
6603,6603,-20740.517403387883,18875.696380794,33.0,-1,-1,-1.0
6604,6604,-29570.163751904915,23434.47225052507,499.0,-1,-1,-1.0
6605,6605,30137.4094479973,34413.62165832354,82.0,-1,-1,-1.0
6606,6606,-23950.4099518018,11593.0163321785,416.0,-1,-1,-1.0
6607,6607,-10320.6265664339,29047.81524243513,34.0,-1,-1,-1.0
6608,6608,-18569.731112007503,39070.68181773042,299.0,-1,-1,-1.0
6609,6609,-2652.5688696625803,4397.678277312472,371.0,-1,-1,-1.0
6610,6610,1826.76958802688,11471.075932968284,326.0,-1,-1,-1.0
6611,6611,29582.42887336176,32740.434532193263,344.0,-1,-1,-1.0
6612,6612,-35114.11874598273,27327.029834647445,359.0,-1,-1,-1.0
6613,6613,2899.679027916776,-16720.698739062573,328.0,-1,31,-1.0
6614,6614,34909.490962225726,9770.06202210224,349.0,-1,28,-1.0
6615,6615,38158.46493867655,30065.20554695066,113.0,-1,10,-1.0
6616,6616,-9830.570792358478,3819.036917137048,370.0,-1,27,-1.0
6617,6617,36700.39850726996,29229.48169261965,281.0,-1,10,-1.0
6618,6618,-33162.09704916197,-19658.60756593557,438.0,-1,-1,-1.0
6619,6619,37236.592838640834,-17654.592062447216,490.0,-1,-1,-1.0
6620,6620,-3648.3688143273394,-2927.386489215387,18.0,-1,-1,-1.0
6621,6621,21812.34482812325,-28670.305432815767,160.0,-1,-1,-1.0
6622,6622,-14022.583256771895,4777.21811968668,331.0,-1,26,-1.0
6623,6623,-32102.05653162664,32271.28508054238,289.0,-1,-1,-1.0
6624,6624,26659.3598861472,-13901.312390576975,23.0,-1,45,-1.0
6625,6625,-25815.759948412266,24982.33112755255,320.0,-1,48,59.0
6626,6626,-15349.915890039963,-26923.55880721507,280.0,-1,-1,-1.0
6627,6627,-29563.097926951967,24745.820656070217,377.0,-1,-1,-1.0
6628,6628,-33096.189012276634,13520.471698067078,426.0,-1,24,-1.0
6629,6629,-14774.630359255589,32885.99697602866,143.0,-1,-1,-1.0
6630,6630,-7747.831553774817,-22291.255114558637,229.0,-1,-1,-1.0
6631,6631,37788.23707498971,-9319.696802038776,450.0,-1,-1,-1.0
6632,6632,35262.20106116883,-7319.330041788249,99.0,-1,33,-1.0
6633,6633,-6306.714394244351,24232.929645651217,248.0,-1,-1,-1.0
6634,6634,-37635.47908608242,9686.31148070524,184.0,-1,-1,-1.0
6635,6635,-16725.997113003305,-16018.159270375669,102.0,-1,-1,-1.0
6636,6636,21726.43213315346,-25460.16787221875,186.0,-1,-1,-1.0
6637,6637,-29435.652708279027,29527.398003807248,259.0,-1,-1,-1.0
6638,6638,6.579928852603189,24718.664853808725,332.0,-1,-1,-1.0
6639,6639,9531.266989867174,39558.92270692001,392.0,-1,-1,-1.0
6640,6640,18039.10476983472,1160.806428406664,150.0,-1,-1,-1.0
6641,6641,2732.984434736092,28952.299807590916,138.0,-1,-1,-1.0
6642,6642,8603.77455079875,-27417.14500051349,0.0,12,31,35.0
6643,6643,8520.428864895357,-27369.155945159346,0.0,12,31,35.0
6644,6644,8501.742367013094,-27356.585987909748,2.0,12,31,35.0
6645,6645,8565.542571148937,-27272.33433021817,2.0,12,31,35.0
6646,6646,8446.99451164214,-27351.655430683728,3.0,12,31,35.0
6647,6647,8398.440178149323,-27326.58223627177,3.0,12,31,35.0
6648,6648,8373.258140284323,-27224.890508435336,5.0,12,31,35.0
6649,6649,8384.495886181308,-27364.508449192403,5.0,12,31,35.0
6650,6650,8488.998926927687,-27283.71115440148,6.0,12,31,35.0
6651,6651,8338.72887750666,-27199.638475121897,6.0,12,31,35.0
6652,6652,8346.332289258477,-27200.497421796357,8.0,12,31,35.0
6653,6653,8312.32909208202,-27206.63110122549,8.0,12,31,35.0
6654,6654,8247.438642941333,-27175.06495342028,9.0,12,31,35.0
6655,6655,8239.829739636321,-27140.933322004137,9.0,12,31,35.0
6656,6656,8243.277907015488,-27064.759641211134,10.0,12,31,35.0
6657,6657,8145.073050499423,-27099.93759676548,11.0,12,31,35.0
6658,6658,8101.2752224895075,-27038.610538168792,12.0,12,31,35.0
6659,6659,8086.500777738755,-26983.13026691952,12.0,12,31,35.0
6660,6660,7976.679596684774,-26929.526105300894,13.0,12,31,35.0
6661,6661,7884.686822353229,-26888.090672897262,14.0,12,31,35.0
6662,6662,7863.83948149301,-26871.9904350452,14.0,12,31,35.0
6663,6663,7874.839917963275,-26956.24740596396,14.0,12,31,35.0
6664,6664,7849.62946797518,-26880.244870635222,14.0,12,31,35.0
6665,6665,7773.169013887717,-26840.92632568131,15.0,12,31,35.0
6666,6666,7750.82806966997,-26890.60279319117,15.0,12,31,35.0
6667,6667,7677.677187672059,-26765.66567309781,17.0,12,31,35.0
6668,6668,7674.576806899304,-26694.40645249312,18.0,12,31,35.0
6669,6669,7635.443218476934,-26668.72579685057,18.0,12,31,35.0
6670,6670,7579.685628464835,-26764.77649547616,19.0,12,31,35.0
6671,6671,7758.576898233704,-26680.007846221757,19.0,12,31,35.0
6672,6672,7747.317090767734,-26613.94348098444,19.0,12,31,35.0
6673,6673,7619.843458956689,-26739.47335474174,20.0,12,31,35.0
6674,6674,7580.817787051042,-26650.58567045542,21.0,12,31,35.0
6675,6675,7503.942979396736,-26582.628496435394,23.0,12,31,35.0
6676,6676,7415.209021834674,-26652.7339764327,24.0,12,31,35.0
6677,6677,7514.647405264745,-26495.5685548765,24.0,12,31,35.0
6678,6678,7428.147611004823,-26620.7334466218,24.0,12,31,35.0
6679,6679,7454.481021166091,-26499.797033368235,24.0,12,31,35.0
6680,6680,7351.840145769316,-26489.645245374235,26.0,12,31,35.0
6681,6681,7288.892101285013,-26476.920933650134,27.0,12,31,35.0
6682,6682,7308.121599661531,-26435.62107664475,27.0,12,31,35.0
6683,6683,7315.080451433692,-26349.357457799684,28.0,12,31,35.0
6684,6684,7285.528795258853,-26369.43584991989,28.0,12,31,35.0
6685,6685,7255.65648112261,-26525.633357656618,28.0,12,31,35.0
6686,6686,7330.790779695239,-26331.14386373443,28.0,12,31,35.0
6687,6687,7211.067409972399,-26495.24605855577,31.0,12,31,35.0
6688,6688,7118.247125032391,-26526.81285877623,32.0,12,31,35.0
6689,6689,7177.165495814166,-26395.09459618704,32.0,12,31,35.0
6690,6690,7066.783334032438,-26379.847180888966,33.0,12,31,35.0
6691,6691,7074.712899264028,-26465.07056821026,33.0,12,31,35.0
6692,6692,6961.678036538812,-26428.20338367682,35.0,12,31,35.0
6693,6693,6912.255109209595,-26428.085299344995,35.0,12,31,35.0
6694,6694,6815.232107205441,-26408.28872161581,37.0,12,31,35.0
6695,6695,6858.145188209733,-26310.68157170027,38.0,12,31,35.0
6696,6696,6860.08009931328,-26317.661424063383,38.0,12,31,35.0
6697,6697,6787.172420983795,-26258.831239426523,39.0,12,31,35.0
6698,6698,6832.185875937887,-26156.71443516297,41.0,12,31,35.0
6699,6699,6733.118181262524,-26208.08119831986,42.0,12,31,35.0
6700,6700,6639.5648387975625,-26169.933760828982,44.0,12,31,35.0
6701,6701,6542.006648372344,-26182.60002639774,46.0,12,31,35.0
6702,6702,6571.055789372534,-26094.559862447284,46.0,12,31,35.0
6703,6703,6454.9559907245,-26172.481461703155,47.0,12,31,35.0
6704,6704,6580.163712322324,-26023.459930083973,47.0,12,31,35.0
6705,6705,6438.808008703091,-26204.003507974256,47.0,12,31,35.0
6706,6706,6501.160888771264,-26064.28316792745,50.0,12,31,35.0
6707,6707,6541.202491549014,-25980.704495487626,51.0,12,31,35.0
6708,6708,6441.892836625207,-26091.82243817162,51.0,12,31,35.0
6709,6709,6461.764501007203,-25962.086038552803,51.0,12,31,35.0
6710,6710,6444.319348378052,-25901.268287755924,52.0,12,31,35.0
6711,6711,6374.1741686076575,-25923.541323621765,53.0,12,31,35.0
6712,6712,6365.176794808394,-25844.514524478454,55.0,12,31,35.0
6713,6713,6269.668737429057,-25795.045816330767,56.0,12,31,35.0
6714,6714,6239.637649621648,-25672.422062718742,58.0,12,31,35.0
6715,6715,6191.644936963308,-25709.216700972986,58.0,12,31,35.0
6716,6716,6096.59603871875,-25681.97126772831,59.0,12,31,35.0
6717,6717,6027.122484075339,-25633.3963121613,60.0,12,31,35.0
6718,6718,5918.663291120154,-25686.91346572696,61.0,12,31,35.0
6719,6719,5852.617926946581,-25612.235949552585,62.0,12,31,35.0
6720,6720,5916.3328449378805,-25527.546138557336,63.0,12,31,35.0
6721,6721,5852.547110769069,-25498.994099803334,63.0,12,31,35.0
6722,6722,5831.4691963023215,-25502.74967333273,63.0,12,31,35.0
6723,6723,5954.57505581367,-25407.79094433031,65.0,12,31,35.0
6724,6724,5978.511987510478,-25315.597099468567,66.0,12,31,35.0
6725,6725,5877.869531932307,-25354.75492492641,66.0,12,31,35.0
6726,6726,5830.596623965966,-25367.98098484932,67.0,12,31,35.0
6727,6727,5882.290868331947,-25279.994489743774,71.0,12,31,35.0
6728,6728,5772.737403986389,-25271.277113361237,75.0,12,31,35.0
6729,6729,5746.232871664882,-25186.96843212394,77.0,12,31,35.0
6730,6730,5784.848325320676,-25169.44260919158,77.0,12,31,35.0
6731,6731,5762.282071304777,-25107.005088417936,80.0,12,31,35.0
6732,6732,5691.90268190532,-25058.37394524728,84.0,12,31,35.0
6733,6733,5640.059197608171,-24961.240675378096,87.0,12,31,35.0
6734,6734,5668.663755497914,-24950.91144713304,87.0,12,31,35.0
6735,6735,5601.405237979704,-25018.319364640127,87.0,12,31,35.0
6736,6736,5610.427637764068,-24882.502695786883,89.0,12,31,35.0
6737,6737,5552.950149901761,-24941.87901142324,89.0,12,31,35.0
6738,6738,5656.304063762973,-24863.868559800576,89.0,12,31,35.0
6739,6739,5508.88115080431,-24946.658337406323,90.0,12,31,35.0
6740,6740,5585.679356111857,-24807.68354155132,90.0,12,31,35.0
6741,6741,5475.327167781004,-24920.342715157803,94.0,12,31,35.0
6742,6742,5361.827620004671,-24882.05678630453,97.0,12,31,35.0
6743,6743,5331.142449885667,-24786.78072467031,99.0,12,31,35.0
6744,6744,5289.948245087703,-24710.51472207267,100.0,12,31,35.0
6745,6745,5184.190166244795,-24655.67053046908,101.0,12,31,35.0
6746,6746,5249.650844441348,-24570.589993333437,102.0,12,31,35.0
6747,6747,5226.971132296748,-24522.867472639133,102.0,12,31,35.0
6748,6748,5178.33253273564,-24503.17076571357,103.0,12,31,35.0
6749,6749,5139.428875739083,-24397.81123899408,104.0,12,31,35.0
6750,6750,5109.495191338521,-24493.454703134168,106.0,12,31,35.0
6751,6751,5082.388955151032,-24594.071560428063,108.0,12,31,35.0
6752,6752,5039.335143576401,-24502.25010996495,109.0,12,31,35.0
6753,6753,4994.5195947022585,-24547.354833360645,109.0,12,31,35.0
6754,6754,5079.891075845886,-24485.431744631795,109.0,12,31,35.0
6755,6755,5034.103082563269,-24411.6509755908,110.0,12,31,35.0
6756,6756,4972.670263839879,-24371.36728968511,111.0,12,31,35.0
6757,6757,5081.782964529417,-24321.293017695694,111.0,12,31,35.0
6758,6758,4957.710660673422,-24340.276741747497,111.0,12,31,35.0
6759,6759,4925.604117192168,-24407.96840140198,111.0,12,31,35.0
6760,6760,4970.085873130196,-24282.523208709044,112.0,12,31,35.0
6761,6761,4948.998023399124,-24201.62371861561,113.0,12,31,35.0
6762,6762,5037.931231927096,-24218.75158886158,113.0,12,31,35.0
6763,6763,4882.447482133048,-24230.895526889704,113.0,12,31,35.0
6764,6764,4879.119095176801,-24194.770616230435,115.0,12,31,35.0
6765,6765,4834.128332833328,-24105.499141292235,116.0,12,31,35.0
6766,6766,4737.538207866684,-24023.00490342787,118.0,12,31,35.0
6767,6767,4809.057963096106,-23965.60297147264,119.0,12,31,35.0
6768,6768,4727.164241281942,-23964.83123814409,120.0,12,31,35.0
6769,6769,4665.50998016999,-23867.671004890377,123.0,12,31,35.0
6770,6770,4575.344285922242,-23777.515993718906,125.0,12,31,35.0
6771,6771,4529.519781573437,-23787.41114792382,126.0,12,31,35.0
6772,6772,4491.909632511787,-23724.40681367285,126.0,12,31,35.0
6773,6773,4536.702550643923,-23707.138581589847,126.0,12,31,35.0
6774,6774,4390.556755177894,-23733.97767514777,127.0,12,31,35.0
6775,6775,4301.19356409857,-23733.94958474921,128.0,12,31,35.0
6776,6776,4217.749302257737,-23668.68083559034,129.0,12,31,35.0
6777,6777,4152.0453627631,-23721.66950393028,130.0,12,31,35.0
6778,6778,4098.713452209639,-23708.74982790972,132.0,12,31,35.0
6779,6779,4073.8288620976855,-23631.6519596528,132.0,12,31,35.0
6780,6780,4172.521257422247,-23596.765024986475,132.0,12,31,35.0
6781,6781,4126.005662059427,-23613.889669905337,132.0,12,31,35.0
6782,6782,4040.649727843491,-23551.69919157894,133.0,12,31,35.0
6783,6783,4076.947169684236,-23505.629104956388,133.0,12,31,35.0
6784,6784,4018.525136810768,-23719.32885781447,133.0,12,31,35.0
6785,6785,4038.122368231485,-23523.611445655853,134.0,12,31,35.0
6786,6786,4028.650358675476,-23481.253738877625,134.0,12,31,35.0
6787,6787,3938.84107213229,-23498.952130484515,137.0,12,31,35.0
6788,6788,4033.7357928403167,-23414.46185349728,137.0,12,31,35.0
6789,6789,3959.525335327276,-23406.44205872209,137.0,12,31,35.0
6790,6790,3868.168557715193,-23383.9329514271,138.0,12,31,35.0
6791,6791,3784.531544319804,-23320.49630775069,139.0,12,31,35.0
6792,6792,3740.751233293493,-23215.463039536186,142.0,12,31,35.0
6793,6793,3669.412808588485,-23186.01166418429,143.0,12,31,35.0
6794,6794,3630.328459543557,-23107.077024472517,145.0,12,31,35.0
6795,6795,3574.8965825810155,-23088.629421436275,145.0,12,31,35.0
6796,6796,3572.175540213967,-23006.026252459025,147.0,12,31,35.0
6797,6797,3545.295566316649,-22922.33694797384,149.0,12,31,35.0
6798,6798,3448.279827929148,-22872.9616733474,150.0,12,31,35.0
6799,6799,3499.9899971266605,-22842.53842987542,150.0,12,31,35.0
6800,6800,3450.7083280950424,-22844.00251982257,151.0,12,31,35.0
6801,6801,3407.3306929501427,-22768.123454052176,152.0,12,31,35.0
6802,6802,3316.4145470630024,-22709.935509011528,155.0,12,31,35.0
6803,6803,3350.536254118129,-22698.31186942258,155.0,12,31,35.0
6804,6804,3256.295828861721,-22783.011545670917,156.0,12,31,35.0
6805,6805,3144.574556028374,-22740.871797796328,157.0,12,31,35.0
6806,6806,3155.1181565576603,-22759.138129658404,157.0,12,31,35.0
6807,6807,3160.392994261256,-22801.81839617693,157.0,12,31,35.0
6808,6808,3089.616115464175,-22739.459876242217,162.0,12,31,35.0
6809,6809,3208.4466338059133,-22677.18026090613,162.0,12,31,35.0
6810,6810,3053.320703929128,-22734.741032518366,163.0,12,31,35.0
6811,6811,2940.85225971034,-22769.73716183691,166.0,12,31,35.0
6812,6812,2940.486460209645,-22655.85063052177,167.0,12,31,35.0
6813,6813,2883.4557231496256,-22621.68529386613,169.0,12,31,35.0
6814,6814,2863.0786606341767,-22578.63655908908,169.0,12,31,35.0
6815,6815,2848.992267316947,-22523.96441884177,170.0,12,31,35.0
6816,6816,2927.7334404577664,-22534.5574102021,170.0,12,31,35.0
6817,6817,2844.265028679996,-22521.956433795694,171.0,12,31,35.0
6818,6818,2825.893791104637,-22456.75900191079,175.0,12,31,35.0
6819,6819,2779.3539342003423,-22555.314149771493,175.0,12,31,35.0
6820,6820,2791.486750281098,-22397.859534715102,177.0,12,31,35.0
6821,6821,2679.6667295523703,-22370.401536916077,179.0,12,31,35.0
6822,6822,2565.053434694393,-22368.97493403204,180.0,12,31,35.0
6823,6823,2622.613891926532,-22352.662347427497,180.0,12,31,35.0
6824,6824,2762.4180869504617,-22311.246652835547,180.0,12,31,35.0
6825,6825,2599.8164283036904,-22320.637233637,180.0,12,31,35.0
6826,6826,2545.1093129232754,-22294.05756689497,181.0,12,31,35.0
6827,6827,2539.8751549061417,-22188.091091708782,184.0,12,31,35.0
6828,6828,2495.0620854630843,-22135.76296794102,185.0,12,31,35.0
6829,6829,2430.9774465430464,-22017.230381124144,187.0,12,31,35.0
6830,6830,2392.768524194659,-21953.312149300546,188.0,12,31,35.0
6831,6831,2420.2230535753547,-21922.030023986958,188.0,12,31,35.0
6832,6832,2468.530371665182,-21874.99249864168,190.0,12,31,35.0
6833,6833,2387.2172388409417,-21796.327087547565,191.0,12,31,35.0
6834,6834,2455.4229999609147,-21809.891241228728,191.0,12,31,35.0
6835,6835,2367.068499779109,-21839.26608826323,191.0,12,31,35.0
6836,6836,2329.818138246762,-21806.437340549463,192.0,12,31,35.0
6837,6837,2317.276164891793,-21773.707568628044,192.0,12,31,35.0
6838,6838,2388.408379269531,-21710.395357028512,196.0,12,31,35.0
6839,6839,2321.6503541608813,-21684.399598434626,196.0,12,31,35.0
6840,6840,2281.2700584850254,-21649.08355759389,197.0,12,31,35.0
6841,6841,2325.311327301006,-21549.075037653023,198.0,12,31,35.0
6842,6842,2169.601400767388,-21644.97749219512,198.0,12,31,35.0
6843,6843,2157.9706515616576,-21642.321791532693,200.0,12,31,35.0
6844,6844,2201.3013477931727,-21547.24357799104,200.0,12,31,35.0
6845,6845,2145.8874101863007,-21509.799556026366,201.0,12,31,35.0
6846,6846,2040.480665849722,-21440.258551235085,203.0,12,31,35.0
6847,6847,2012.455537631913,-21332.05503637067,204.0,12,31,35.0
6848,6848,1915.7899559914576,-21268.79810189765,205.0,12,31,35.0
6849,6849,1971.0004516095155,-21242.66577171576,205.0,12,31,35.0
6850,6850,1918.7114352233089,-21293.452661229152,205.0,12,31,35.0
6851,6851,1836.203078615628,-21212.27038445989,207.0,12,31,35.0
6852,6852,1905.854446661516,-21156.575334298566,207.0,12,31,35.0
6853,6853,1776.533941387491,-21144.73773584038,209.0,12,31,35.0
6854,6854,1794.0389113828558,-21202.904752817973,209.0,12,31,35.0
6855,6855,1726.5274117382885,-21225.06603507729,210.0,12,31,35.0
6856,6856,1783.7584919235594,-21095.07673482789,210.0,12,31,35.0
6857,6857,1678.7577365155337,-21156.33264311245,212.0,12,31,35.0
6858,6858,1690.0377979522718,-21123.3564749057,212.0,12,31,35.0
6859,6859,1618.1389247751652,-21032.62810579284,213.0,12,31,35.0
6860,6860,1570.658632505552,-21118.19005196337,213.0,12,31,35.0
6861,6861,1603.825011221713,-21115.20263885493,213.0,12,31,35.0
6862,6862,1530.690347447431,-21101.729197815446,215.0,12,31,35.0
6863,6863,1478.4752839113676,-21042.087343379804,220.0,12,31,35.0
6864,6864,1408.9790889373205,-21030.780364544687,221.0,12,31,35.0
6865,6865,1518.4801920656057,-20949.62046040559,221.0,12,31,35.0
6866,6866,1433.780224634393,-20908.51069771773,222.0,12,31,35.0
6867,6867,1383.6996700977818,-20946.273558376943,222.0,12,31,35.0
6868,6868,1324.4194146961297,-20879.2275820357,224.0,12,31,35.0
6869,6869,1361.2787651130986,-20871.497651011054,224.0,12,31,35.0
6870,6870,1249.3192954650292,-20888.881105016637,225.0,12,31,35.0
6871,6871,1275.3429750620878,-20771.780827323597,225.0,12,31,35.0
6872,6872,1165.0488267968506,-20837.070855417936,226.0,12,31,35.0
6873,6873,1158.3814429362349,-20761.29055768924,227.0,12,31,35.0
6874,6874,1155.605237387064,-20735.46638336692,227.0,12,31,35.0
6875,6875,1128.1237328940415,-20745.972737274416,227.0,12,31,35.0
6876,6876,1181.0010457472654,-20748.67328086665,227.0,12,31,35.0
6877,6877,1226.9610758552858,-20771.42316706492,227.0,12,31,35.0
6878,6878,1120.5248078129896,-20771.785261188485,228.0,12,31,35.0
6879,6879,1156.2160147392517,-20783.607781599785,228.0,12,31,35.0
6880,6880,1159.4574059968315,-20676.27070417201,228.0,12,31,35.0
6881,6881,1169.3705340660558,-20625.48060928082,228.0,12,31,35.0
6882,6882,1167.0952161103037,-20491.27906016522,229.0,12,31,35.0
6883,6883,1116.0967909123876,-20576.18825750121,229.0,12,31,35.0
6884,6884,1074.5682383530827,-20664.193442615,231.0,12,31,35.0
6885,6885,1049.0695998544466,-20520.13812303029,231.0,12,31,35.0
6886,6886,968.820934356786,-20615.683767297367,233.0,12,31,35.0
6887,6887,1020.7914898661032,-20375.873172389565,233.0,12,31,35.0
6888,6888,994.0649701955506,-20458.88914282973,233.0,12,31,35.0
6889,6889,988.4535591047544,-20294.75726071252,234.0,12,31,35.0
6890,6890,906.0349916339868,-20580.68895127688,235.0,12,31,35.0
6891,6891,820.949011147932,-20498.13386379297,236.0,12,31,35.0
6892,6892,747.0987483934905,-20550.65804187179,237.0,12,31,35.0
6893,6893,811.4518904661749,-20462.844801092437,237.0,12,31,35.0
6894,6894,690.6577622928116,-20519.39238697903,237.0,12,31,35.0
6895,6895,1083.3539294091422,-20295.95105179274,238.0,12,31,35.0
6896,6896,798.7343290747051,-20393.284045432305,239.0,12,31,35.0
6897,6897,725.9477988105943,-20366.45436862788,240.0,12,31,35.0
6898,6898,701.2171461215551,-20373.734411006026,240.0,12,31,35.0
6899,6899,1135.745807637293,-20233.9760468149,240.0,12,31,35.0
6900,6900,1020.4371544976708,-20217.4012869697,240.0,12,31,35.0
6901,6901,995.9435625407576,-20266.87819535317,240.0,12,31,35.0
6902,6902,1074.1784116166596,-20168.71372286388,241.0,12,31,35.0
6903,6903,638.0232787359012,-20302.695330492257,242.0,12,31,35.0
6904,6904,633.3530338605935,-20336.22588336409,242.0,12,31,35.0
6905,6905,1142.69362030733,-20079.199113721148,242.0,12,31,35.0
6906,6906,570.5977817122823,-20259.822308236624,243.0,12,31,35.0
6907,6907,1052.0576687286552,-20002.327344841644,243.0,12,31,35.0
6908,6908,578.2858587654221,-20114.725368829226,244.0,12,31,35.0
6909,6909,1039.6080109377613,-19931.369033839077,244.0,12,31,35.0
6910,6910,1125.638337783324,-19915.600461766808,244.0,12,31,35.0
6911,6911,529.2289660324067,-20047.58099846341,245.0,12,31,35.0
6912,6912,1104.078992518541,-19793.818242278925,245.0,12,31,35.0
6913,6913,1141.967362887544,-19857.485303907448,245.0,12,31,35.0
6914,6914,519.22660138559,-19960.19456474471,246.0,12,31,35.0
6915,6915,459.2811716916766,-19968.27542760553,246.0,12,31,35.0
6916,6916,1165.0570413906837,-19740.14878034182,246.0,12,31,35.0
6917,6917,477.2678282958964,-19885.037817509645,247.0,12,31,35.0
6918,6918,1147.5856855519755,-19642.358931368035,247.0,12,31,35.0
6919,6919,423.64537182497565,-19827.52449641021,248.0,12,31,35.0
6920,6920,1150.145988415739,-19496.37405710274,248.0,12,31,35.0
6921,6921,354.0259576648451,-19740.00098669517,249.0,12,31,35.0
6922,6922,1174.0996039034037,-19444.474209200987,249.0,12,31,35.0
6923,6923,1040.2180252577634,-19523.596681100928,249.0,12,31,35.0
6924,6924,1086.6184154333062,-19518.81278004694,249.0,12,31,35.0
6925,6925,366.21135460185474,-19629.39736293271,250.0,12,31,35.0
6926,6926,1028.4964955247349,-19522.89044442492,251.0,12,31,35.0
6927,6927,243.86943223793543,-19592.67228440837,252.0,12,31,35.0
6928,6928,249.0254591976595,-19698.81854568842,252.0,12,31,35.0
6929,6929,993.0843520298102,-19430.508045963958,252.0,12,31,35.0
6930,6930,1037.2634253914823,-19410.460593711847,253.0,12,31,35.0
6931,6931,237.16464503967512,-19518.53919949802,254.0,12,31,35.0
6932,6932,991.2551650778532,-19322.160050056653,254.0,12,31,35.0
6933,6933,146.25980098242871,-19437.6968715016,255.0,12,31,35.0
6934,6934,59.47169037409176,-19467.41001561217,256.0,12,31,35.0
6935,6935,65.23317981632675,-19496.88967410406,256.0,12,31,35.0
6936,6936,-43.05051743138179,-19475.101626347918,257.0,12,31,35.0
6937,6937,1018.702213745692,-19230.107690120494,257.0,12,31,35.0
6938,6938,913.4639021836412,-19219.122610334383,257.0,12,31,35.0
6939,6939,919.0223203593245,-19150.49302292936,258.0,12,31,35.0
6940,6940,1040.8097322226683,-19158.52800033767,258.0,12,31,35.0
6941,6941,-100.27693089023596,-19385.85385894753,259.0,12,31,35.0
6942,6942,1059.8159386825223,-19063.757530549563,259.0,12,31,35.0
6943,6943,-190.2133418625041,-19381.020901916545,260.0,12,31,35.0
6944,6944,1078.591030474216,-18978.48322784991,260.0,12,31,35.0
6945,6945,-138.68841336763427,-19288.927599994888,261.0,12,31,35.0
6946,6946,-137.80504563331965,-19177.413387897715,262.0,12,31,35.0
6947,6947,-69.796906194312,-19089.244989884668,263.0,12,31,35.0
6948,6948,-193.3295087314982,-19101.696394363946,263.0,12,31,35.0
6949,6949,1047.4133589618157,-18895.681057642105,263.0,12,31,35.0
6950,6950,1111.1569431158644,-18897.65988927714,263.0,12,31,35.0
6951,6951,-111.0195237523391,-19015.44874870594,264.0,12,31,35.0
6952,6952,1090.900738440501,-18767.146562347607,264.0,12,31,35.0
6953,6953,1062.122697118251,-18646.938121718307,265.0,12,31,35.0
6954,6954,-242.12585500411336,-19032.651226866757,266.0,12,31,35.0
6955,6955,1085.295288480844,-18565.26569081373,266.0,12,31,35.0
6956,6956,1107.2023418558954,-18550.1903213311,266.0,12,31,35.0
6957,6957,971.8872320614907,-18575.37541677966,266.0,12,31,35.0
6958,6958,-237.54782795785565,-18921.63666381216,268.0,12,31,35.0
6959,6959,967.2917182314844,-18538.95278233414,268.0,12,31,35.0
6960,6960,-300.5591660148799,-18926.145993804792,269.0,12,31,35.0
6961,6961,914.0997680064538,-18455.34491662043,269.0,12,31,35.0
6962,6962,965.4201903791712,-18398.408404318856,270.0,12,31,35.0
6963,6963,-302.1403260850605,-18853.41780198648,271.0,12,31,35.0
6964,6964,-338.7209972295194,-18854.875091620077,271.0,12,31,35.0
6965,6965,995.784235303606,-18313.12139501823,272.0,12,31,35.0
6966,6966,-390.68537647910193,-18901.772621688324,273.0,12,31,35.0
6967,6967,1019.6621475997516,-18195.25592285853,273.0,12,31,35.0
6968,6968,1087.2106576945926,-18144.78048472417,274.0,12,31,35.0
6969,6969,1143.723890024478,-18078.018255206956,275.0,12,31,35.0
6970,6970,-488.45735774533256,-18905.21799218194,276.0,12,31,35.0
6971,6971,-579.5908208114237,-18853.18158391414,278.0,12,31,35.0
6972,6972,1064.420246005199,-17959.402481764453,278.0,12,31,35.0
6973,6973,1221.6708999890063,-18058.893660355945,278.0,12,31,35.0
6974,6974,-668.3046945861026,-18798.247491225127,279.0,12,31,35.0
6975,6975,-561.1407502322963,-18740.271707134038,279.0,12,31,35.0
6976,6976,-630.0680371160008,-18786.591516294116,279.0,12,31,35.0
6977,6977,-717.1196462927818,-18772.57514570943,280.0,12,31,35.0
6978,6978,-619.526894857493,-18682.85586595359,280.0,12,31,35.0
6979,6979,-633.2332354035871,-18646.82122947817,280.0,12,31,35.0
6980,6980,1096.404546606242,-17957.51944046303,280.0,12,31,35.0
6981,6981,-722.3604855069278,-18605.09477689374,281.0,12,31,35.0
6982,6982,1134.4483207456874,-17853.972724122086,281.0,12,31,35.0
6983,6983,1098.4420214773768,-17744.448629554106,282.0,12,31,35.0
6984,6984,1155.068925046944,-17751.307059101968,282.0,12,31,35.0
6985,6985,-835.4560975710554,-18580.542915834063,283.0,12,31,35.0
6986,6986,1193.502472526097,-17642.732684543527,283.0,12,31,35.0
6987,6987,1183.386452756294,-17551.723405902037,285.0,12,31,35.0
6988,6988,1236.5184183324016,-17600.566166811506,285.0,12,31,35.0
6989,6989,-845.4571652823172,-18466.92234694205,286.0,12,31,35.0
6990,6990,1222.7842985509876,-17501.408542862293,286.0,12,31,35.0
6991,6991,-845.1146258540266,-18368.605047215093,287.0,12,31,35.0
6992,6992,1167.2792043053926,-17436.942714518096,287.0,12,31,35.0
6993,6993,1237.9431964519283,-17439.57409586755,287.0,12,31,35.0
6994,6994,1258.88359349455,-17414.83568776468,287.0,12,31,35.0
6995,6995,-954.9938938255696,-18417.25390132152,288.0,12,31,35.0
6996,6996,-913.1307968208966,-18261.31132091467,288.0,12,31,35.0
6997,6997,-802.8669925470873,-18268.17651156495,288.0,12,31,35.0
6998,6998,1317.475822132233,-17379.407644915937,288.0,12,31,35.0
6999,6999,1099.240656501046,-17415.367746832308,288.0,12,31,35.0
7000,7000,1259.0300800467962,-17321.764496050335,288.0,12,31,35.0
7001,7001,-822.2410601840276,-18181.83259138804,289.0,12,31,35.0
7002,7002,-963.8114650949904,-18243.23849744843,289.0,12,31,35.0
7003,7003,-907.8348559438908,-18201.56500753505,289.0,12,31,35.0
7004,7004,-1018.1182151879866,-18314.36076323664,289.0,12,31,35.0
7005,7005,-1040.1042830290207,-18179.971974054344,290.0,12,31,35.0
7006,7006,-938.6099547117597,-18160.980993154237,290.0,12,31,35.0
7007,7007,1233.463866845653,-17255.28752590707,290.0,12,31,35.0
7008,7008,-765.4608619002039,-18095.4592914358,290.0,12,31,35.0
7009,7009,-922.4787541790528,-18156.45088514181,290.0,12,31,35.0
7010,7010,-796.8086979422388,-18059.034490540085,290.0,12,31,35.0
7011,7011,-1109.175389340994,-18172.917109993406,291.0,12,31,35.0
7012,7012,-999.7890203417668,-18078.031885600576,291.0,12,31,35.0
7013,7013,1212.8089306463428,-17155.920468145883,291.0,12,31,35.0
7014,7014,1117.5339985018145,-17230.96454088409,291.0,12,31,35.0
7015,7015,-815.105610915068,-18027.69779741207,291.0,12,31,35.0
7016,7016,-992.6234794540788,-18046.358511753475,294.0,12,31,35.0
7017,7017,1111.6576714534249,-17099.881148103002,294.0,12,31,35.0
7018,7018,-1069.5671478535853,-17996.53258236151,295.0,12,31,35.0
7019,7019,-1121.996199980072,-18079.761120406827,295.0,12,31,35.0
7020,7020,-1126.4983436220084,-18096.67184917607,295.0,12,31,35.0
7021,7021,-1037.8307293475475,-18065.954810566207,295.0,12,31,35.0
7022,7022,1138.9554009804624,-16998.861402773928,296.0,12,31,35.0
7023,7023,1156.0747112359743,-17019.836304802,296.0,12,31,35.0
7024,7024,-735.7827899643672,-17971.219509315255,296.0,12,31,35.0
7025,7025,-829.5985153536789,-17957.69554575271,296.0,12,31,35.0
7026,7026,-903.688316271154,-17918.405981498956,296.0,12,31,35.0
7027,7027,-1166.9096673475422,-18011.52615135682,297.0,12,31,35.0
7028,7028,-1091.873043814032,-17972.86404457841,297.0,12,31,35.0
7029,7029,-769.7149456864129,-17888.23765721291,297.0,12,31,35.0
7030,7030,-1239.549978355781,-17922.983621758332,298.0,12,31,35.0
7031,7031,-1178.6917119149814,-17928.216847888198,298.0,12,31,35.0
7032,7032,1103.6796134363906,-16895.728244060516,298.0,12,31,35.0
7033,7033,1193.7294010306978,-16917.448615487872,298.0,12,31,35.0
7034,7034,-774.6036331216964,-17799.415923212404,298.0,12,31,35.0
7035,7035,-1135.793452462921,-17817.254365420893,299.0,12,31,35.0
7036,7036,1104.3223175790426,-16806.73739179993,299.0,12,31,35.0
7037,7037,-840.9921132317196,-17733.129042921104,299.0,12,31,35.0
7038,7038,-678.1924737215777,-17831.674487532484,299.0,12,31,35.0
7039,7039,-885.6318149306511,-17768.343304284223,300.0,12,31,35.0
7040,7040,-1242.866074879938,-17784.55788716072,301.0,12,31,35.0
7041,7041,1204.8344818944238,-16780.193957636588,301.0,12,31,35.0
7042,7042,-981.31002847718,-17722.253008480653,301.0,12,31,35.0
7043,7043,-849.5414769669425,-17687.946610246287,301.0,12,31,35.0
7044,7044,1175.4749364543104,-16707.604155822944,302.0,12,31,35.0
7045,7045,1300.4483977151845,-16777.887117367376,302.0,12,31,35.0
7046,7046,1213.3294820767696,-16716.84323845892,302.0,12,31,35.0
7047,7047,-1014.9698617357836,-17755.212898412723,302.0,12,31,35.0
7048,7048,-1332.4661596473522,-17727.945684260507,303.0,12,31,35.0
7049,7049,1321.0370979250356,-16672.140047829642,303.0,12,31,35.0
7050,7050,-1105.814500286231,-17693.993622213504,303.0,12,31,35.0
7051,7051,-1075.5717365155342,-17717.23895210369,303.0,12,31,35.0
7052,7052,-953.53116909414,-17679.030781413872,303.0,12,31,35.0
7053,7053,-1385.3960387681814,-17637.49841962839,304.0,12,31,35.0
7054,7054,1366.5383897798204,-16574.00697903443,304.0,12,31,35.0
7055,7055,-1352.0880040881837,-17563.300222397935,305.0,12,31,35.0
7056,7056,1430.644923589229,-16452.677162255153,305.0,12,31,35.0
7057,7057,-1378.1751724237963,-17465.347980209586,306.0,12,31,35.0
7058,7058,-1414.6581129795754,-17480.88337546793,306.0,12,31,35.0
7059,7059,-1148.1838899194452,-17648.534863745175,306.0,12,31,35.0
7060,7060,-1139.987149335774,-17535.05237803142,307.0,12,31,35.0
7061,7061,-1437.0123526210562,-17521.15041894898,308.0,12,31,35.0
7062,7062,1530.904499873188,-16416.82119665216,308.0,12,31,35.0
7063,7063,-1061.2187593645904,-17435.88071360619,308.0,12,31,35.0
7064,7064,-1479.4560227576997,-17430.506146003907,309.0,12,31,35.0
7065,7065,1447.6451288130568,-16383.944006805275,309.0,12,31,35.0
7066,7066,1606.8363236517898,-16350.923680477086,309.0,12,31,35.0
7067,7067,-975.5427885189677,-17431.77127276395,309.0,12,31,35.0
7068,7068,-965.6599364552096,-17402.27801932605,309.0,12,31,35.0
7069,7069,-1135.145916400759,-17377.620638785625,309.0,12,31,35.0
7070,7070,-1535.0901223037038,-17370.55865414537,310.0,12,31,35.0
7071,7071,-1469.4235370552894,-17317.878995200623,310.0,12,31,35.0
7072,7072,1482.5088818195727,-16276.444641552423,310.0,12,31,35.0
7073,7073,-921.7699870465534,-17369.238273694245,310.0,12,31,35.0
7074,7074,-1608.1895769227274,-17375.647681589522,311.0,12,31,35.0
7075,7075,-930.5754994691732,-17259.324128519223,311.0,12,31,35.0
7076,7076,-890.692361378821,-17200.50085726349,312.0,12,31,35.0
7077,7077,-1697.4647301925984,-17286.212163971362,313.0,12,31,35.0
7078,7078,1376.3055962543422,-16238.451634412148,314.0,12,31,35.0
7079,7079,1510.7205169015408,-16188.864112161342,314.0,12,31,35.0
7080,7080,-886.7085985527557,-17133.0108497056,314.0,12,31,35.0
7081,7081,-1795.7386373109357,-17221.04845383728,315.0,12,31,35.0
7082,7082,-896.128974106189,-17016.565494274782,315.0,12,31,35.0
7083,7083,-1893.7084688831687,-17252.36292290128,316.0,12,31,35.0
7084,7084,-1790.5767012984816,-17114.43403378637,316.0,12,31,35.0
7085,7085,1446.8777771378384,-16129.562600212112,316.0,12,31,35.0
7086,7086,1441.7651049995832,-16110.118727989304,316.0,12,31,35.0
7087,7087,1488.811710168697,-16150.996318642485,316.0,12,31,35.0
7088,7088,1398.6831138111131,-16136.740212036264,316.0,12,31,35.0
7089,7089,-889.2401963573677,-16950.86962209308,316.0,12,31,35.0
7090,7090,-923.9357658093696,-16898.840336141835,316.0,12,31,35.0
7091,7091,-1849.5747978098584,-17100.042044070793,317.0,12,31,35.0
7092,7092,1363.8973678830332,-16056.27448465408,317.0,12,31,35.0
7093,7093,1461.8781477823827,-16028.55783588819,317.0,12,31,35.0
7094,7094,-989.0463472470484,-16883.283088338794,317.0,12,31,35.0
7095,7095,-862.7527345382068,-16834.651923078152,317.0,12,31,35.0
7096,7096,-862.7956219097338,-16857.081253130695,317.0,12,31,35.0
7097,7097,-867.3968462005623,-16773.44648457678,318.0,12,31,35.0
7098,7098,-888.4136810150861,-16756.766637062814,318.0,12,31,35.0
7099,7099,-1862.694905961432,-16976.538362855226,319.0,12,31,35.0
7100,7100,-772.6102800041053,-16725.298830590862,319.0,12,31,35.0
7101,7101,1436.739196941669,-15973.650257015512,320.0,12,31,35.0
7102,7102,1438.5426020667644,-15965.40058356564,320.0,12,31,35.0
7103,7103,-785.2646050210645,-16698.46223772482,320.0,12,31,35.0
7104,7104,-844.3039353870124,-16645.612165715713,320.0,12,31,35.0
7105,7105,-1935.9075512491172,-16930.651384112494,321.0,12,31,35.0
7106,7106,-1911.8210946018885,-16891.216067322435,321.0,12,31,35.0
7107,7107,-1953.2034532756045,-16920.618605198964,321.0,12,31,35.0
7108,7108,1511.536294677301,-15925.836667326914,321.0,12,31,35.0
7109,7109,-1916.2937611406503,-16803.494711599247,322.0,12,31,35.0
7110,7110,1452.9706995677836,-15841.518019968356,322.0,12,31,35.0
7111,7111,1391.9178026084735,-15799.685096960677,323.0,12,31,35.0
7112,7112,1339.7984779705494,-15764.339027130734,323.0,12,31,35.0
7113,7113,1482.2565160764448,-15738.024374155746,323.0,12,31,35.0
7114,7114,-750.7008610706467,-16580.79193254522,323.0,12,31,35.0
7115,7115,-683.0780924233646,-16679.100750093286,323.0,12,31,35.0
7116,7116,-1991.6950069076097,-16770.59725766021,324.0,12,31,35.0
7117,7117,1357.438869037659,-15694.187289263746,324.0,12,31,35.0
7118,7118,1315.599376140495,-15761.42423067835,324.0,12,31,35.0
7119,7119,1482.8196732994236,-15696.24543378299,324.0,12,31,35.0
7120,7120,1387.5178609241696,-15651.959830641988,324.0,12,31,35.0
7121,7121,1343.2882145535184,-15685.562421588127,324.0,12,31,35.0
7122,7122,-2030.8586356679996,-16683.488615730468,325.0,12,31,35.0
7123,7123,1434.3087053838235,-15632.733570785733,325.0,12,31,35.0
7124,7124,-712.3005274766128,-16523.86908265235,325.0,12,31,35.0
7125,7125,-644.5499404275283,-16530.948848625656,325.0,12,31,35.0
7126,7126,-650.0047903549869,-16517.581223539877,325.0,12,31,35.0
7127,7127,-2102.8186272980365,-16626.711739284703,326.0,12,31,35.0
7128,7128,-2099.4020101268584,-16639.620675548682,326.0,12,31,35.0
7129,7129,-608.5656684620485,-16490.510523438956,326.0,12,31,35.0
7130,7130,-761.8563236871222,-16478.895066687288,326.0,12,31,35.0
7131,7131,-2128.2916396078963,-16541.265259237407,327.0,12,31,35.0
7132,7132,1523.373677687987,-15576.53799779864,327.0,12,31,35.0
7133,7133,1528.0228736974448,-15567.477112186596,327.0,12,31,35.0
7134,7134,1421.101068087249,-15552.761525167973,327.0,12,31,35.0
7135,7135,-610.9577137178889,-16433.98792982243,327.0,12,31,35.0
7136,7136,1431.4409844778156,-15446.369758668872,328.0,12,31,35.0
7137,7137,1431.8521455464638,-15464.57047542604,328.0,12,31,35.0
7138,7138,1448.354072504243,-15483.339029968703,328.0,12,31,35.0
7139,7139,1501.767664871257,-15467.88911381227,328.0,12,31,35.0
7140,7140,-600.0418116845013,-16312.704648567487,328.0,12,31,35.0
7141,7141,-552.2146992776701,-16317.631755177345,328.0,12,31,35.0
7142,7142,-616.6124672170229,-16364.025252559328,328.0,12,31,35.0
7143,7143,-666.6209290524438,-16372.610703038632,328.0,12,31,35.0
7144,7144,-578.94760983572,-16375.40001790787,328.0,12,31,35.0
7145,7145,-538.2371432063721,-16304.678384243822,330.0,12,31,35.0
7146,7146,-561.7979926218596,-16217.718507590853,331.0,12,31,35.0
7147,7147,-516.558265563225,-16208.256892852683,331.0,12,31,35.0
7148,7148,-611.8040021116792,-16213.604480095868,331.0,12,31,35.0
7149,7149,-2218.401434247503,-16522.182906692316,332.0,12,31,35.0
7150,7150,1462.3332548266935,-15376.482196370433,332.0,12,31,35.0
7151,7151,1406.6499517639393,-15502.690224185078,332.0,12,31,35.0
7152,7152,-575.0027786036844,-16090.1552794763,332.0,12,31,35.0
7153,7153,-663.7925332214932,-15974.236110813426,333.0,12,31,35.0
7154,7154,1439.9698470839614,-15354.82989812502,334.0,12,31,35.0
7155,7155,1404.4058992155633,-15289.675639931696,335.0,12,31,35.0
7156,7156,1362.4343715374052,-15312.847607266398,335.0,12,31,35.0
7157,7157,-606.4025330226256,-15884.212691621464,335.0,12,31,35.0
7158,7158,-706.5601330088585,-15886.87212502457,335.0,12,31,35.0
7159,7159,1399.690213283039,-15186.680101778957,336.0,12,31,35.0
7160,7160,1301.07439163643,-15223.40850408383,336.0,12,31,35.0
7161,7161,-680.0043243016424,-15791.627103192151,336.0,12,31,35.0
7162,7162,-605.0058869704868,-15790.688279311102,336.0,12,31,35.0
7163,7163,-2314.8074189030854,-16466.88872777144,337.0,12,31,35.0
7164,7164,1240.4272013705756,-15167.1448218331,338.0,12,31,35.0
7165,7165,1405.8403442642168,-15124.395062477446,338.0,12,31,35.0
7166,7166,1351.3545167119885,-15130.04250725534,338.0,12,31,35.0
7167,7167,-693.7598799918283,-15693.839321762724,338.0,12,31,35.0
7168,7168,-712.4865977404563,-15736.009387769232,338.0,12,31,35.0
7169,7169,-573.8479680040974,-15693.678299926589,338.0,12,31,35.0
7170,7170,-715.9183979733212,-15616.042305725405,339.0,12,31,35.0
7171,7171,-2320.1534263284325,-16365.961629928024,340.0,12,31,35.0
7172,7172,-2329.6323848055536,-16273.612762717505,341.0,12,31,35.0
7173,7173,1308.097833134504,-15050.12855446459,341.0,12,31,35.0
7174,7174,1397.062103886458,-15038.3866845975,341.0,12,31,35.0
7175,7175,-781.0387871746758,-15568.542855312371,341.0,12,31,35.0
7176,7176,-2327.661798562948,-16192.430744420804,342.0,12,31,35.0
7177,7177,1361.098812571124,-14927.587068310611,342.0,12,31,35.0
7178,7178,1246.6806438030824,-14974.156478501876,342.0,12,31,35.0
7179,7179,1378.2773909082537,-14936.98648088173,342.0,12,31,35.0
7180,7180,-777.6846855029211,-15504.136927307502,342.0,12,31,35.0
7181,7181,-753.3093983643943,-15445.575398362296,342.0,12,31,35.0
7182,7182,-2346.0883727453206,-16107.17521289035,343.0,12,31,35.0
7183,7183,-2239.443426168958,-16234.693622853843,343.0,12,31,35.0
7184,7184,-2396.843133413519,-16142.892708909923,343.0,12,31,35.0
7185,7185,-2291.011660408195,-16080.78945090678,344.0,12,31,35.0
7186,7186,1262.6342105193353,-14914.65425354986,344.0,12,31,35.0
7187,7187,1348.8694975211436,-14830.318266913308,344.0,12,31,35.0
7188,7188,-2370.950671080528,-16119.688418847269,345.0,12,31,35.0
7189,7189,-2378.0284261971933,-16155.825757416364,345.0,12,31,35.0
7190,7190,1370.944647172609,-14852.284894648285,345.0,12,31,35.0
7191,7191,-756.4282744072224,-15360.566671894863,345.0,12,31,35.0
7192,7192,-795.3211344417217,-15362.554566979325,345.0,12,31,35.0
7193,7193,-802.248618752893,-15287.384707197994,346.0,12,31,35.0
7194,7194,-697.427186138164,-15307.926238031743,346.0,12,31,35.0
7195,7195,1393.3261107852045,-14756.409990000007,347.0,12,31,35.0
7196,7196,1448.080250987743,-14763.455671938593,347.0,12,31,35.0
7197,7197,-2447.859815161706,-16042.252257861412,348.0,12,31,35.0
7198,7198,1377.213545950136,-14685.969819255435,348.0,12,31,35.0
7199,7199,-817.005195228067,-15249.561722462076,348.0,12,31,35.0
7200,7200,-2554.0766719900525,-16090.529288531923,349.0,12,31,35.0
7201,7201,-792.885037858143,-15141.942303147564,349.0,12,31,35.0
7202,7202,1392.1440808578784,-14646.858975532736,350.0,12,31,35.0
7203,7203,-812.6815998973946,-15044.790654534096,350.0,12,31,35.0
7204,7204,-2548.3422609521,-16039.240696154142,351.0,12,31,35.0
7205,7205,1415.096151304791,-14556.253234966924,351.0,12,31,35.0
7206,7206,-864.7307918824657,-14982.709287318075,351.0,12,31,35.0
7207,7207,-2555.704501778668,-15950.396337585616,352.0,12,31,35.0
7208,7208,1352.7323661406522,-14536.247117061275,352.0,12,31,35.0
7209,7209,1431.3934107308537,-14442.298214075849,352.0,12,31,35.0
7210,7210,-845.7025392025478,-14880.901334565757,352.0,12,31,35.0
7211,7211,-921.4787503663111,-14946.119014096555,352.0,12,31,35.0
7212,7212,-820.6999333520068,-14916.358911791162,352.0,12,31,35.0
7213,7213,-2670.8363339220327,-15889.476504749518,353.0,12,31,35.0
7214,7214,1372.699720065723,-14421.140424746458,353.0,12,31,35.0
7215,7215,1301.6984040924203,-14418.411760566249,353.0,12,31,35.0
7216,7216,1340.3339625800388,-14431.314206395851,353.0,12,31,35.0
7217,7217,-2759.9624560742177,-15854.744753129044,354.0,12,31,35.0
7218,7218,-2662.521609509512,-15823.614315857772,354.0,12,31,35.0
7219,7219,-829.7445007370281,-14807.194772459625,354.0,12,31,35.0
7220,7220,-2758.3973785948497,-15727.328873447792,355.0,12,31,35.0
7221,7221,-2782.102090739353,-15859.980076653308,355.0,12,31,35.0
7222,7222,-816.2958043403152,-14701.764771177304,355.0,12,31,35.0
7223,7223,-787.6380479441872,-14733.07626094015,355.0,12,31,35.0
7224,7224,-2775.329447816285,-15687.756946027035,356.0,12,31,35.0
7225,7225,1372.442483877124,-14333.318724573262,356.0,12,31,35.0
7226,7226,1291.299441540245,-14316.688309119914,356.0,12,31,35.0
7227,7227,-854.0597157905078,-14636.023999148263,356.0,12,31,35.0
7228,7228,1232.2151520716268,-14316.38557272982,358.0,12,31,35.0
7229,7229,1368.3000068160793,-14269.214762210104,358.0,12,31,35.0
7230,7230,-756.6288848179692,-14605.654625517249,359.0,12,31,35.0
7231,7231,1233.9388805557376,-14175.465739309588,360.0,12,31,35.0
7232,7232,1328.466590847043,-14159.770578623058,360.0,12,31,35.0
7233,7233,1227.9759237067071,-14278.548056069789,360.0,12,31,35.0
7234,7234,-806.0407193312993,-14552.30132064593,360.0,12,31,35.0
7235,7235,-743.0459461716754,-14470.843310567145,362.0,12,31,35.0
7236,7236,1189.7060263401886,-14087.057095497958,363.0,12,31,35.0
7237,7237,1303.7789081705785,-14116.296511372855,363.0,12,31,35.0
7238,7238,1252.350226583106,-14097.424919710773,363.0,12,31,35.0
7239,7239,-827.4782711550307,-14391.784369559158,363.0,12,31,35.0
7240,7240,-829.516301499798,-14381.363983502695,363.0,12,31,35.0
7241,7241,-2761.5037240328934,-15589.104572089336,364.0,12,31,35.0
7242,7242,1182.4137114253238,-14004.770910290144,364.0,12,31,35.0
7243,7243,1286.144405596905,-14061.134085339929,364.0,12,31,35.0
7244,7244,1282.794175153795,-13975.012387488803,364.0,12,31,35.0
7245,7245,-2851.3046956273038,-15532.645850092584,365.0,12,31,35.0
7246,7246,-2884.327007865623,-15475.75151683728,366.0,12,31,35.0
7247,7247,1269.6945432451537,-13924.727267721632,366.0,12,31,35.0
7248,7248,-844.0587014198875,-14277.32117465116,366.0,12,31,35.0
7249,7249,-938.2893398905624,-14364.95682702393,366.0,12,31,35.0
7250,7250,-2882.7942810685054,-15393.60683712729,367.0,12,31,35.0
7251,7251,1331.0091439113262,-13828.253722983984,367.0,12,31,35.0
7252,7252,-2900.480817529128,-15293.675681535837,368.0,12,31,35.0
7253,7253,1297.829403877569,-13743.558402178403,368.0,12,31,35.0
7254,7254,1296.2028465308676,-13779.963055463635,368.0,12,31,35.0
7255,7255,1427.4228674363997,-13758.858575678612,368.0,12,31,35.0
7256,7256,-2967.850418187804,-15193.334486231905,369.0,12,31,35.0
7257,7257,-909.4936725993044,-14271.408686447669,369.0,12,31,35.0
7258,7258,-839.0946704754494,-14267.981714067168,369.0,12,31,35.0
7259,7259,1401.694745785212,-13697.942155230923,370.0,12,31,35.0
7260,7260,1260.3673766479687,-13725.811936536844,371.0,12,31,35.0
7261,7261,-3035.9197140973456,-15110.665816928216,372.0,12,31,35.0
7262,7262,-836.6832662384405,-14143.08878467728,372.0,12,31,35.0
7263,7263,-3041.740455390688,-15008.1204858987,373.0,12,31,35.0
7264,7264,-3025.3508684592034,-15010.631926279297,373.0,12,31,35.0
7265,7265,-3151.982485597659,-15086.4805897448,373.0,12,31,35.0
7266,7266,-886.8247748067134,-14076.639653603235,373.0,12,31,35.0
7267,7267,-830.6762612559631,-14022.12061163927,374.0,12,31,35.0
7268,7268,-973.1670401816592,-14019.977922182308,374.0,12,31,35.0
7269,7269,-900.2906553305266,-13982.537764095085,374.0,12,31,35.0
7270,7270,-3072.736003773364,-14929.980689106442,375.0,12,31,35.0
7271,7271,1215.5374193245957,-13610.966071836205,375.0,12,31,35.0
7272,7272,-889.0579654159005,-13961.426584600702,375.0,12,31,35.0
7273,7273,-3114.04522463281,-14867.0890457302,376.0,12,31,35.0
7274,7274,-803.4003676513993,-13893.44460453176,376.0,12,31,35.0
7275,7275,-3176.555033332204,-14800.583806183751,377.0,12,31,35.0
7276,7276,1181.1081754475515,-13514.358781955922,377.0,12,31,35.0
7277,7277,-785.2438767273734,-13794.872648798802,377.0,12,31,35.0
7278,7278,-3239.3574431124625,-14754.30526834815,378.0,12,31,35.0
7279,7279,-3296.123372169236,-14724.396080440129,378.0,12,31,35.0
7280,7280,1186.3723426090428,-13425.701181337612,378.0,12,31,35.0
7281,7281,1296.6586793050058,-13372.90916421034,379.0,12,31,35.0
7282,7282,1244.1739993260826,-13340.481210027214,379.0,12,31,35.0
7283,7283,1107.3607883120692,-13393.927077935758,379.0,12,31,35.0
7284,7284,1124.4298531532927,-13350.67589932735,379.0,12,31,35.0
7285,7285,1076.8538428426837,-13389.490354618429,380.0,12,31,35.0
7286,7286,-888.6832213707862,-13744.045545890003,380.0,12,31,35.0
7287,7287,-796.1424724641893,-13708.019860976668,380.0,12,31,35.0
7288,7288,-860.6086692674634,-13766.963483423338,380.0,12,31,35.0
7289,7289,-697.3806396278235,-13758.085386774344,380.0,12,31,35.0
7290,7290,1154.058150685702,-13322.792340838723,381.0,12,31,35.0
7291,7291,-763.6918839027982,-13645.335693363666,381.0,12,31,35.0
7292,7292,-749.8875670999196,-13629.333508695245,381.0,12,31,35.0
7293,7293,-847.6313465614105,-13716.170906181866,381.0,12,31,35.0
7294,7294,1119.7475580927835,-13193.896667262024,382.0,12,31,35.0
7295,7295,-3374.070774135422,-14700.167690074004,383.0,12,31,35.0
7296,7296,-3360.9892416530865,-14619.922136781764,384.0,12,31,35.0
7297,7297,-3368.2398378259927,-14614.999717578272,384.0,12,31,35.0
7298,7298,-764.3736187656756,-13525.605926277594,384.0,12,31,35.0
7299,7299,-845.8827211368952,-13577.16389425352,384.0,12,31,35.0
7300,7300,-811.1750888447484,-13564.873653728084,384.0,12,31,35.0
7301,7301,-3413.452495610365,-14583.08371910177,385.0,12,31,35.0
7302,7302,1111.157194947076,-13120.61895122818,385.0,12,31,35.0
7303,7303,-743.9624445895253,-13480.47521181965,385.0,12,31,35.0
7304,7304,-763.7436884761778,-13461.603948806292,385.0,12,31,35.0
7305,7305,-3496.3713024229355,-14639.743516598955,386.0,12,31,35.0
7306,7306,1184.9226259504478,-13061.14622696939,386.0,12,31,35.0
7307,7307,1126.0849819829407,-13019.09097093903,387.0,12,31,35.0
7308,7308,-3521.918229728772,-14557.148961481576,388.0,12,31,35.0
7309,7309,-3535.0791294059745,-14532.472891001187,388.0,12,31,35.0
7310,7310,1115.8821075066642,-12968.924361424431,388.0,12,31,35.0
7311,7311,-3421.0552840722453,-14450.10712538123,389.0,12,31,35.0
7312,7312,1160.5408175437965,-12879.441312408131,389.0,12,31,35.0
7313,7313,1172.7583099799388,-12885.53399301319,389.0,12,31,35.0
7314,7314,-734.719769320707,-13401.290135637646,389.0,12,31,35.0
7315,7315,1194.8521903495548,-12793.179193772276,390.0,12,31,35.0
7316,7316,-731.7748653516923,-13316.285627543755,390.0,12,31,35.0
7317,7317,-3374.9124064656985,-14356.920461907102,391.0,12,31,35.0
7318,7318,-3514.0803925459986,-14442.14546690716,391.0,12,31,35.0
7319,7319,-3412.9237160894963,-14303.661802046425,391.0,12,31,35.0
7320,7320,-3440.2246197387303,-14350.986231574714,391.0,12,31,35.0
7321,7321,1286.6729360165218,-12727.4013211867,391.0,12,31,35.0
7322,7322,1165.9688831453511,-12703.771474694207,391.0,12,31,35.0
7323,7323,-834.5180466412246,-13268.124167954924,391.0,12,31,35.0
7324,7324,-843.6191841678971,-13176.401142550783,392.0,12,31,35.0
7325,7325,1266.4647730187994,-12617.730377074293,393.0,12,31,35.0
7326,7326,1322.4689580257486,-12705.276489825808,393.0,12,31,35.0
7327,7327,-867.036780769234,-13095.220443830804,393.0,12,31,35.0
7328,7328,-853.4926113315205,-13059.062296836102,393.0,12,31,35.0
7329,7329,-907.3461915122136,-13114.186153494087,393.0,12,31,35.0
7330,7330,-808.4895215201235,-13058.337179354085,393.0,12,31,35.0
7331,7331,-942.6539494620786,-13195.511710929895,393.0,12,31,35.0
7332,7332,-3521.390663337906,-14290.064883602645,394.0,12,31,35.0
7333,7333,-3532.3283318028584,-14217.69328002686,395.0,12,31,35.0
7334,7334,-3592.370004086448,-14197.436024363353,395.0,12,31,35.0
7335,7335,1277.567785121739,-12577.731478238891,395.0,12,31,35.0
7336,7336,-940.9156568483008,-12996.051723335748,395.0,12,31,35.0
7337,7337,-904.5313005288356,-12994.275417815745,395.0,12,31,35.0
7338,7338,-3542.4673853008367,-14111.283892074638,396.0,12,31,35.0
7339,7339,-3679.401788148115,-14254.526665381483,396.0,12,31,35.0
7340,7340,1355.952283234965,-12502.228708833884,396.0,12,31,35.0
7341,7341,-924.0365547446067,-12877.427414872687,396.0,12,31,35.0
7342,7342,1301.2176633767094,-12386.73641425303,397.0,12,31,35.0
7343,7343,1301.0580417483386,-12390.10432600136,397.0,12,31,35.0
7344,7344,1431.9663351324032,-12413.560011556769,397.0,12,31,35.0
7345,7345,-1023.9019855494626,-12813.449921240106,397.0,12,31,35.0
7346,7346,-3700.190038765702,-14213.169159848228,398.0,12,31,35.0
7347,7347,1250.0728884111204,-12340.13912200017,398.0,12,31,35.0
7348,7348,1346.0208778638796,-12304.38723165073,398.0,12,31,35.0
7349,7349,-1097.2961954309942,-12814.772923819875,398.0,12,31,35.0
7350,7350,-1026.971056967374,-12738.385488657064,398.0,12,31,35.0
7351,7351,1340.6705530801974,-12252.645900618165,399.0,12,31,35.0
7352,7352,-1074.9117225576165,-12672.875329539522,400.0,12,31,35.0
7353,7353,-1098.852792824689,-12685.117562331694,400.0,12,31,35.0
7354,7354,-1100.5356111805722,-12710.31772450449,400.0,12,31,35.0
7355,7355,1263.787775112601,-12191.34703951506,401.0,12,31,35.0
7356,7356,1249.0150942756186,-12294.917099727749,401.0,12,31,35.0
7357,7357,1352.4892880569196,-12177.744651785884,401.0,12,31,35.0
7358,7358,-1145.9473481792656,-12589.17654797415,401.0,12,31,35.0
7359,7359,-1187.5001572565643,-12556.126419515393,402.0,12,31,35.0
7360,7360,-3787.3781808002,-14183.445558822445,403.0,12,31,35.0
7361,7361,1228.8387852316555,-12110.238243806649,403.0,12,31,35.0
7362,7362,1174.150544142039,-12167.008442589562,403.0,12,31,35.0
7363,7363,-3853.146615496769,-14142.44390550533,404.0,12,31,35.0
7364,7364,1164.2766220901638,-12026.037906990368,404.0,12,31,35.0
7365,7365,1144.503248760385,-12064.771974838792,404.0,12,31,35.0
7366,7366,1240.199938306917,-12031.22445096141,404.0,12,31,35.0
7367,7367,1235.9327140649918,-11942.996025994107,405.0,12,31,35.0
7368,7368,1226.6859124283912,-11939.644806274457,405.0,12,31,35.0
7369,7369,-1287.335974708732,-12531.865530179828,405.0,12,31,35.0
7370,7370,1216.0818418136432,-11832.644060208211,406.0,12,31,35.0
7371,7371,-1358.0218829142457,-12419.205216686349,406.0,12,31,35.0
7372,7372,-3924.9532653131305,-14028.80117943007,407.0,12,31,35.0
7373,7373,-3778.126655613021,-14108.361046497745,407.0,12,31,35.0
7374,7374,1317.6669629368523,-11772.102958889383,407.0,12,31,35.0
7375,7375,-1402.6302954257037,-12298.55419828339,407.0,12,31,35.0
7376,7376,-1397.4836278784333,-12332.945798270748,407.0,12,31,35.0
7377,7377,-1415.8376191002217,-12328.292893181657,407.0,12,31,35.0
7378,7378,-3913.001814858558,-14012.669904171227,408.0,12,31,35.0
7379,7379,-3988.72359056517,-14064.136553755558,408.0,12,31,35.0
7380,7380,-3927.0842163108537,-14097.922165111522,408.0,12,31,35.0
7381,7381,-3917.9161054746273,-14078.128444395112,408.0,12,31,35.0
7382,7382,-1491.1001788388007,-12256.436919008363,408.0,12,31,35.0
7383,7383,-1348.5616645994548,-12266.22460983191,408.0,12,31,35.0
7384,7384,-1373.6071122564963,-12243.985442638885,408.0,12,31,35.0
7385,7385,1258.5817335813858,-11693.895168439743,409.0,12,31,35.0
7386,7386,-1411.3302571963295,-12171.810664320588,409.0,12,31,35.0
7387,7387,-1487.2115235822932,-12209.446231521064,409.0,12,31,35.0
7388,7388,-4033.51406756913,-14100.132357363656,410.0,12,31,35.0
7389,7389,1194.8081062131118,-11621.795600458314,410.0,12,31,35.0
7390,7390,-1338.138331514612,-12186.78204718976,410.0,12,31,35.0
7391,7391,1279.4396310861312,-11534.800711020962,411.0,12,31,35.0
7392,7392,1192.748870305043,-11497.05619077678,411.0,12,31,35.0
7393,7393,-1430.261838379954,-12123.263510310811,411.0,12,31,35.0
7394,7394,-1330.325626740963,-12059.994330800486,411.0,12,31,35.0
7395,7395,-1374.6981604770194,-12099.427861084918,411.0,12,31,35.0
7396,7396,-1402.5983092274632,-12068.039047573911,411.0,12,31,35.0
7397,7397,1237.3510167298057,-11409.680050838182,412.0,12,31,35.0
7398,7398,-1454.6105424126083,-12022.98210186898,412.0,12,31,35.0
7399,7399,-1509.7757012743357,-12027.514768857887,412.0,12,31,35.0
7400,7400,-4108.652288323413,-14044.883439036936,413.0,12,31,35.0
7401,7401,1262.9025048921822,-11342.313871793072,414.0,12,31,35.0
7402,7402,1257.0952571116427,-11316.1440415191,414.0,12,31,35.0
7403,7403,-1430.0948648271906,-11930.33263884194,414.0,12,31,35.0
7404,7404,-4111.913093224113,-13926.587771992168,415.0,12,31,35.0
7405,7405,1238.9132659108125,-11195.87192876795,415.0,12,31,35.0
7406,7406,-1372.92707966863,-11774.937647359084,415.0,12,31,35.0
7407,7407,-4173.97628269555,-13835.663343530146,416.0,12,31,35.0
7408,7408,1195.5136802789118,-11064.086207790284,416.0,12,31,35.0
7409,7409,1174.1501663526617,-11085.427048637795,416.0,12,31,35.0
7410,7410,-1401.686140595771,-11676.68773938489,416.0,12,31,35.0
7411,7411,-1344.3116232791838,-11686.715699684666,416.0,12,31,35.0
7412,7412,-1472.117514027947,-11651.138006590534,417.0,12,31,35.0
7413,7413,-4146.333568850542,-13738.25753956206,418.0,12,31,35.0
7414,7414,-4215.019864226735,-13792.788961101862,418.0,12,31,35.0
7415,7415,-1534.240821824446,-11627.919855354025,418.0,12,31,35.0
7416,7416,-1501.595110610941,-11568.863922152164,418.0,12,31,35.0
7417,7417,-1546.3060350649505,-11577.734634542358,418.0,12,31,35.0
7418,7418,-1385.3702558648542,-11635.356426334787,418.0,12,31,35.0
7419,7419,-4265.611815952755,-13714.474117717926,419.0,12,31,35.0
7420,7420,-4128.305168215137,-13685.013654746568,419.0,12,31,35.0
7421,7421,1224.228702046186,-10970.336052308185,419.0,12,31,35.0
7422,7422,1117.1596988648555,-11029.425777547223,419.0,12,31,35.0
7423,7423,1130.261546553605,-11008.221517065927,419.0,12,31,35.0
7424,7424,1085.9600021461256,-10955.780702841654,420.0,12,31,35.0
7425,7425,1095.9148432986087,-10886.5762798882,421.0,12,31,35.0
7426,7426,-1492.1743899548785,-11521.603478140574,421.0,12,31,35.0
7427,7427,-4252.36306920074,-13633.331458392451,422.0,12,31,35.0
7428,7428,-4302.243914936757,-13688.965605410804,422.0,12,31,35.0
7429,7429,-1481.453270479689,-11406.649939801033,422.0,12,31,35.0
7430,7430,-1376.1314045534036,-11532.702942512737,422.0,12,31,35.0
7431,7431,-4349.831973902556,-13575.02486417856,423.0,12,31,35.0
7432,7432,1051.1692318818584,-10752.659674867762,423.0,12,31,35.0
7433,7433,-1463.407792601303,-11390.430349765202,423.0,12,31,35.0
7434,7434,-4358.967626060293,-13466.393272264038,424.0,12,31,35.0
7435,7435,1054.2795019540315,-10671.722930807711,424.0,12,31,35.0
7436,7436,1007.7666675088852,-10670.110605233762,424.0,12,31,35.0
7437,7437,-1462.5447967578823,-11266.521648775,424.0,12,31,35.0
7438,7438,949.6958001299948,-10664.625915846224,425.0,12,31,35.0
7439,7439,966.6604628456278,-10577.755658960648,425.0,12,31,35.0
7440,7440,-1537.2731627368498,-11153.624790067784,425.0,12,31,35.0
7441,7441,-4389.342515718239,-13389.978027442748,426.0,12,31,35.0
7442,7442,996.9028016516834,-10531.07463913001,426.0,12,31,35.0
7443,7443,-1474.2698639390314,-11036.851312277988,426.0,12,31,35.0
7444,7444,-4442.834436264779,-13496.18703198454,427.0,12,31,35.0
7445,7445,955.6586239298788,-10420.796636746403,427.0,12,31,35.0
7446,7446,-1503.4320358476095,-10965.16724307887,427.0,12,31,35.0
7447,7447,-1434.832986243462,-10941.197346541774,427.0,12,31,35.0
7448,7448,-4489.891538967554,-13442.058998632949,428.0,12,31,35.0
7449,7449,-4512.615803173726,-13544.601991152678,428.0,12,31,35.0
7450,7450,-4566.159894566135,-13527.867099391491,428.0,12,31,35.0
7451,7451,-4526.771412778226,-13487.720001832153,428.0,12,31,35.0
7452,7452,-4499.136534701131,-13386.19420761477,428.0,12,31,35.0
7453,7453,953.6030259449436,-10317.605026753015,428.0,12,31,35.0
7454,7454,-1500.2518833725069,-10905.582817385004,428.0,12,31,35.0
7455,7455,-1489.3205042961465,-10899.907474585145,428.0,12,31,35.0
7456,7456,-1410.3602085953264,-10849.084912096416,428.0,12,31,35.0
7457,7457,-1515.7081253534734,-10878.87254121662,428.0,12,31,35.0
7458,7458,-4523.769156810222,-13408.907751836874,429.0,12,31,35.0
7459,7459,-4632.753138400236,-13501.28699809462,429.0,12,31,35.0
7460,7460,951.8428797791868,-10208.870353942457,429.0,12,31,35.0
7461,7461,-1578.2851907724162,-10793.647821624523,429.0,12,31,35.0
7462,7462,937.307359336982,-10080.873689423885,430.0,12,31,35.0
7463,7463,-4643.652002876769,-13391.40816400944,431.0,12,31,35.0
7464,7464,-4674.459395675131,-13460.13813633725,431.0,12,31,35.0
7465,7465,925.5343671912296,-10016.029070075809,431.0,12,31,35.0
7466,7466,1018.1779682221392,-10052.401686200175,431.0,12,31,35.0
7467,7467,1012.421462319195,-10026.828786819202,431.0,12,31,35.0
7468,7468,832.9775597789583,-10079.040049211571,431.0,12,31,35.0
7469,7469,-1648.1674214807745,-10731.816853666518,431.0,12,31,35.0
7470,7470,-1639.3380516296686,-10634.985635291294,432.0,12,31,35.0
7471,7471,-1585.9135647821436,-10605.894755218103,432.0,12,31,35.0
7472,7472,-1686.49793404797,-10642.697065905017,432.0,12,31,35.0
7473,7473,-4708.039530966782,-13334.51901676552,433.0,12,31,35.0
7474,7474,-4618.225121396285,-13344.28929538066,433.0,12,31,35.0
7475,7475,-4700.021421016744,-13504.132183919291,433.0,12,31,35.0
7476,7476,-1632.6419027254008,-10566.838747992966,433.0,12,31,35.0
7477,7477,-4799.61519240529,-13407.833071650766,434.0,12,31,35.0
7478,7478,1015.4796739803904,-9957.456478894266,434.0,12,31,35.0
7479,7479,820.1313539713278,-9981.052229968976,434.0,12,31,35.0
7480,7480,-1710.9113219171254,-10546.291402836374,434.0,12,31,35.0
7481,7481,-1761.1295104502972,-10447.646688344692,435.0,12,31,35.0
7482,7482,-4806.039807866487,-13316.326860864936,436.0,12,31,35.0
7483,7483,936.883567844303,-9893.190891261873,436.0,12,31,35.0
7484,7484,846.2116690584805,-9865.08952045354,436.0,12,31,35.0
7485,7485,-4902.114379575078,-13323.699426730407,437.0,12,31,35.0
7486,7486,-1769.6892416453838,-10364.383199238768,437.0,12,31,35.0
7487,7487,-5002.6862398057765,-13310.742244880405,438.0,12,31,35.0
7488,7488,-4939.45410732748,-13202.365977855692,438.0,12,31,35.0
7489,7489,-4938.192219795719,-13223.693345930827,438.0,12,31,35.0
7490,7490,-1817.3384638029036,-10332.514448454642,438.0,12,31,35.0
7491,7491,-1855.8050939116308,-10390.212821892794,438.0,12,31,35.0
7492,7492,955.213964958989,-9779.51527345975,439.0,12,31,35.0
7493,7493,-4947.3502619237415,-13154.179737762102,440.0,12,31,35.0
7494,7494,960.8432093064308,-9647.55723634462,440.0,12,31,35.0
7495,7495,-1765.3578454248873,-10286.949472442397,440.0,12,31,35.0
7496,7496,876.0519584484323,-9567.600831825255,441.0,12,31,35.0
7497,7497,858.3952519467729,-9446.93810153543,442.0,12,31,35.0
7498,7498,935.2823987045928,-9511.825698498144,442.0,12,31,35.0
7499,7499,847.1568416216862,-9464.767819800789,442.0,12,31,35.0
7500,7500,-1829.423996659336,-10206.066743294945,442.0,12,31,35.0
7501,7501,-5053.633168394107,-13150.900372931976,443.0,12,31,35.0
7502,7502,-1849.0386535497416,-10115.141253566657,443.0,12,31,35.0
7503,7503,-5009.130236490325,-13062.239707773218,444.0,12,31,35.0
7504,7504,829.1224782214018,-9385.025280031125,444.0,12,31,35.0
7505,7505,958.5822809305876,-9412.498587847153,444.0,12,31,35.0
7506,7506,-1945.1400800878005,-10075.69781512231,444.0,12,31,35.0
7507,7507,-1908.81692321147,-9987.356600091036,445.0,12,31,35.0
7508,7508,955.7912849233024,-9315.457979144654,446.0,12,31,35.0
7509,7509,844.038187947842,-9286.534507682903,446.0,12,31,35.0
7510,7510,-5117.972505966146,-13056.200786258069,447.0,12,31,35.0
7511,7511,896.2074975904734,-9168.157159391514,447.0,12,31,35.0
7512,7512,-5195.638118446044,-13004.80743427487,448.0,12,31,35.0
7513,7513,938.8168619366422,-9092.676124985095,448.0,12,31,35.0
7514,7514,-1875.952987425036,-9863.058004412982,448.0,12,31,35.0
7515,7515,-5276.831421985303,-12903.879960851498,449.0,12,31,35.0
7516,7516,-5306.168648417411,-13066.015637055694,449.0,12,31,35.0
7517,7517,897.6315224424015,-9018.538741520142,449.0,12,31,35.0
7518,7518,1003.5681158046548,-9013.006719775674,449.0,12,31,35.0
7519,7519,-1962.5177111232676,-9899.976082865796,449.0,12,31,35.0
7520,7520,-1837.121692155169,-9797.446128250896,449.0,12,31,35.0
7521,7521,848.4740932214202,-8977.799735700799,450.0,12,31,35.0
7522,7522,-1939.1076031713776,-9742.96698218496,450.0,12,31,35.0
7523,7523,-1962.0694375871024,-9749.813206127024,450.0,12,31,35.0
7524,7524,-5267.702984726365,-12866.898280194864,451.0,12,31,35.0
7525,7525,924.0881535350468,-8917.537032736765,451.0,12,31,35.0
7526,7526,-1950.170786527088,-9626.588062106275,451.0,12,31,35.0
7527,7527,-5333.530090557344,-12948.091397876258,452.0,12,31,35.0
7528,7528,-5310.384812932852,-12776.313230562091,452.0,12,31,35.0
7529,7529,987.4673398185116,-8846.81336712549,452.0,12,31,35.0
7530,7530,832.6085912248425,-8902.446669112174,452.0,12,31,35.0
7531,7531,879.6158816807899,-8810.968072114465,452.0,12,31,35.0
7532,7532,-1980.3747485937265,-9530.764087635238,452.0,12,31,35.0
7533,7533,-5332.411078324242,-12792.966289665555,453.0,12,31,35.0
7534,7534,931.2365959040084,-8751.103683098363,453.0,12,31,35.0
7535,7535,-5391.194538741175,-12739.678605590048,454.0,12,31,35.0
7536,7536,-5533.436964927261,-12675.799474794503,455.0,12,31,35.0
7537,7537,1007.199393904626,-8683.306617777502,455.0,12,31,35.0
7538,7538,1030.2835526985343,-8708.975357795778,455.0,12,31,35.0
7539,7539,-1945.0843923356956,-9459.716981472176,455.0,12,31,35.0
7540,7540,-5628.446390513256,-12621.33662974731,456.0,12,31,35.0
7541,7541,980.545648155743,-8602.106647726992,456.0,12,31,35.0
7542,7542,-5707.153325964613,-12533.963441231745,457.0,12,31,35.0
7543,7543,-5670.5902730286125,-12516.33620247818,457.0,12,31,35.0
7544,7544,-5699.481577007883,-12619.265274890296,457.0,12,31,35.0
7545,7545,1086.120372468718,-8587.9036059299,457.0,12,31,35.0
7546,7546,1021.0156426168757,-8484.91704590158,457.0,12,31,35.0
7547,7547,-5797.028199425009,-12532.676809950575,458.0,12,31,35.0
7548,7548,1025.3756229504409,-8438.127939290469,458.0,12,31,35.0
7549,7549,1076.8343883404066,-8466.253284378852,458.0,12,31,35.0
7550,7550,-1940.2710729784449,-9358.355086877142,458.0,12,31,35.0
7551,7551,-5757.683827510174,-12459.271418112608,459.0,12,31,35.0
7552,7552,-5808.439688705485,-12451.790251070252,459.0,12,31,35.0
7553,7553,-5813.130145968748,-12423.213186854688,459.0,12,31,35.0
7554,7554,950.763043597398,-8379.839427923293,459.0,12,31,35.0
7555,7555,-2004.063324065597,-9306.168237304337,459.0,12,31,35.0
7556,7556,-1918.8678805917168,-9274.377404015488,459.0,12,31,35.0
7557,7557,998.8797791153124,-8340.124266900551,460.0,12,31,35.0
7558,7558,1014.4835869091454,-8334.822889874393,460.0,12,31,35.0
7559,7559,-1900.79567411704,-9264.68287416485,460.0,12,31,35.0
7560,7560,-1991.9623657739264,-9197.381362455695,460.0,12,31,35.0
7561,7561,-1937.1054850852224,-9218.823285212797,460.0,12,31,35.0
7562,7562,-5929.62555801017,-12422.031237757175,461.0,12,31,35.0
7563,7563,1029.3947760277183,-8223.458772589534,461.0,12,31,35.0
7564,7564,991.7904320463548,-8268.757188809594,461.0,12,31,35.0
7565,7565,-6011.838211783374,-12312.078921333316,462.0,12,31,35.0
7566,7566,-6010.245528820675,-12358.354890567069,462.0,12,31,35.0
7567,7567,-5994.252052065428,-12451.368443778492,462.0,12,31,35.0
7568,7568,-6001.7832818374745,-12449.713133084138,462.0,12,31,35.0
7569,7569,1113.4200312416042,-8274.9045748554,462.0,12,31,35.0
7570,7570,1056.6805461323274,-8192.312480624103,462.0,12,31,35.0
7571,7571,985.245245823458,-8175.360669140687,462.0,12,31,35.0
7572,7572,-1928.2025647204407,-9158.25718069161,462.0,12,31,35.0
7573,7573,-2050.1269250323708,-9157.229997501336,462.0,12,31,35.0
7574,7574,-1949.3833025351685,-9150.947905852536,462.0,12,31,35.0
7575,7575,-2027.5929088573723,-9194.345621053624,462.0,12,31,35.0
7576,7576,-6092.113173867595,-12392.914547891236,463.0,12,31,35.0
7577,7577,1019.259227777158,-8107.696118738466,463.0,12,31,35.0
7578,7578,-1955.2990997276816,-9042.860868707048,463.0,12,31,35.0
7579,7579,-6157.191432903664,-12432.480478241894,465.0,12,31,35.0
7580,7580,947.6968738409034,-8055.252844132439,465.0,12,31,35.0
7581,7581,1054.780948057428,-8023.409995678021,465.0,12,31,35.0
7582,7582,970.5337272799304,-8016.617452048165,465.0,12,31,35.0
7583,7583,-1981.9716369307105,-8956.885042931142,465.0,12,31,35.0
7584,7584,1107.1916215527235,-8022.050456403606,466.0,12,31,35.0
7585,7585,985.172515424987,-7922.784452291218,466.0,12,31,35.0
7586,7586,-2031.6288574766431,-8869.258628808542,466.0,12,31,35.0
7587,7587,985.2592416668336,-7907.849759720414,467.0,12,31,35.0
7588,7588,-2097.8788773692327,-8812.089825382014,467.0,12,31,35.0
7589,7589,936.8945108738332,-7823.88466425402,468.0,12,31,35.0
7590,7590,942.6316133256912,-7832.25239147425,468.0,12,31,35.0
7591,7591,-2062.689306926327,-8714.214232810446,468.0,12,31,35.0
7592,7592,-38051.240078176204,9710.421667772163,350.0,-1,-1,-1.0
7593,7593,38408.12363873502,2796.0537299490534,399.0,-1,28,32.0
7594,7594,-33290.56038090001,21114.782291252355,269.0,-1,-1,-1.0
7595,7595,-23337.50741557207,32317.56838909407,193.0,-1,-1,-1.0
7596,7596,19786.70040893765,11963.255524953056,212.0,-1,-1,-1.0
7597,7597,-2165.557226217832,-13130.60515352081,60.0,-1,31,-1.0
7598,7598,-35155.29566701414,16639.521660570143,73.0,-1,-1,-1.0
7599,7599,-1687.2462830059594,14387.332813384426,106.0,-1,-1,-1.0
7600,7600,-19982.72548271385,-24326.05512211901,48.0,-1,-1,-1.0
7601,7601,-25751.85822480281,-2280.7045718734444,295.0,-1,-1,-1.0
7602,7602,11273.090270522647,11250.448869495616,145.0,-1,-1,-1.0
7603,7603,22386.026435905696,-5468.6958988314,445.0,-1,44,-1.0
7604,7604,26444.797253495795,-31120.46469785983,425.0,-1,-1,-1.0
7605,7605,-15606.55329888653,-36879.226636299085,142.0,-1,-1,-1.0
7606,7606,-21286.40325639321,29067.40414027809,470.0,-1,-1,-1.0
7607,7607,30176.68288678228,-27260.648286260017,251.0,-1,45,-1.0
7608,7608,2059.348535969352,28309.331133080545,190.0,-1,-1,-1.0
7609,7609,-6423.362321883178,-15774.57703661513,110.0,-1,-1,-1.0
7610,7610,32369.305209515296,20353.83105718616,243.0,-1,-1,-1.0
7611,7611,-28340.2712581142,-4143.411131455119,22.0,-1,41,-1.0
7612,7612,13963.968410825022,37930.69894663969,484.0,-1,-1,-1.0
7613,7613,-18965.5949769452,16190.34281530384,77.0,-1,-1,-1.0
7614,7614,-25805.94470240808,7115.291737991363,407.0,-1,-1,-1.0
7615,7615,4855.936235195637,-12771.930715418315,333.0,-1,31,-1.0
7616,7616,-35415.48661169734,25103.66470154248,60.0,-1,-1,-1.0
7617,7617,-24554.27570071414,19512.505003214108,104.0,-1,-1,-1.0
7618,7618,-530.2577521571002,-20130.528668665866,496.0,-1,31,-1.0
7619,7619,39309.88260538899,-652.7967651818108,30.0,-1,-1,-1.0
7620,7620,-4441.328009930003,-23069.327859060057,249.0,-1,-1,-1.0
7621,7621,-33352.8160430317,-23982.48191490202,277.0,-1,39,-1.0
7622,7622,-23652.787747307728,-2804.600250788084,468.0,-1,41,-1.0
7623,7623,-1624.8211725563087,-38846.72484548439,223.0,-1,-1,-1.0
7624,7624,-36161.197092401606,-38344.4904913178,234.0,-1,-1,-1.0
7625,7625,-1950.528300285092,-10020.913230830747,285.0,-1,31,-1.0
7626,7626,30575.608721170924,17998.70049253617,348.0,-1,-1,-1.0
7627,7627,-5174.31287392119,34538.7258850566,408.0,-1,48,-1.0
7628,7628,-38847.9219177736,35235.19072843279,199.0,-1,5,-1.0
7629,7629,-10827.066977273247,-14440.849231267966,383.0,-1,-1,-1.0
7630,7630,27032.389272917542,-35249.07273149942,460.0,-1,-1,-1.0
7631,7631,39126.691131316926,-9728.76154908894,448.0,-1,-1,-1.0
7632,7632,15437.014419967743,-6081.273253255531,294.0,-1,13,-1.0
7633,7633,-12789.034728056937,19418.147355208966,391.0,-1,-1,-1.0
7634,7634,33800.7322924685,-13007.659362153909,198.0,-1,-1,-1.0
7635,7635,-15037.749112530568,-35785.564627733744,444.0,-1,-1,-1.0
7636,7636,-28522.278830128034,34439.55583889548,424.0,-1,6,-1.0
7637,7637,19010.77524820641,12087.074399724055,261.0,-1,-1,-1.0
7638,7638,-16903.28471437496,-11207.826269974636,34.0,-1,42,-1.0
7639,7639,11697.99409410575,-12591.482395035724,97.0,-1,-1,-1.0
7640,7640,-34158.04645231512,36232.82019271258,285.0,-1,-1,-1.0
7641,7641,-36426.19677835146,7927.408736458114,57.0,-1,24,-1.0
7642,7642,27685.32824721356,-39515.97569812799,216.0,-1,-1,-1.0
7643,7643,15118.938379618674,31617.86985074755,12.0,-1,-1,-1.0
7644,7644,-28086.05459699809,-9994.237866087027,325.0,-1,-1,-1.0
7645,7645,1547.807013001846,-23387.734698364424,263.0,-1,-1,-1.0
7646,7646,-23025.70099348535,18858.137312500265,299.0,-1,37,-1.0
7647,7647,-31331.97800620717,26377.18090407028,406.0,-1,-1,-1.0
7648,7648,-19321.747426999973,-19812.79864988628,160.0,-1,-1,-1.0
7649,7649,-10320.743158816254,7887.603924115945,35.0,-1,-1,-1.0
7650,7650,-3652.6565094389007,-17508.119474603463,171.0,-1,-1,-1.0
7651,7651,-27546.889033505016,-5900.3043708947735,128.0,-1,-1,-1.0
7652,7652,13502.732267688623,-32029.30271680332,168.0,-1,3,-1.0
7653,7653,-37848.4021863688,3238.4279095729216,444.0,-1,-1,-1.0
7654,7654,-12764.372994079167,-4069.751603405646,178.0,-1,-1,-1.0
7655,7655,-18227.116693548574,32043.571868831237,290.0,-1,-1,-1.0
7656,7656,26635.9109482973,-27447.119741195827,102.0,-1,45,-1.0
7657,7657,30097.24051562961,-23244.84735143117,51.0,-1,45,-1.0
7658,7658,-10700.548358342152,23774.869791170466,160.0,-1,-1,-1.0
7659,7659,23223.985213887703,-34129.29436177194,329.0,-1,-1,-1.0
7660,7660,37325.15070324855,17981.514926358563,396.0,-1,28,-1.0
7661,7661,-6870.225631886387,2260.5961974114907,335.0,-1,-1,-1.0
7662,7662,36998.47439440158,7186.297368037354,130.0,-1,28,-1.0
7663,7663,-8174.214049669867,32211.15826260562,331.0,-1,-1,-1.0
7664,7664,32403.487955930745,-16422.50668302135,356.0,-1,-1,-1.0
7665,7665,-8755.634038331977,-34784.098604883555,417.0,-1,35,-1.0
7666,7666,18267.81427141386,-3472.797147448182,21.0,-1,13,-1.0
7667,7667,1714.1978843083052,-3327.5855398132558,93.0,-1,-1,-1.0
7668,7668,10747.5435708961,6791.986020064243,216.0,-1,2,-1.0
7669,7669,19230.332812269524,30475.922491327583,166.0,-1,-1,-1.0
7670,7670,767.3511211457226,-30566.80788488807,218.0,-1,-1,-1.0
7671,7671,-33620.11206304136,-17193.379842536106,436.0,-1,-1,-1.0
7672,7672,-35705.42801721848,7158.057718384553,261.0,-1,24,-1.0
7673,7673,10043.157712220707,-34289.72558967539,115.0,-1,-1,-1.0
7674,7674,3511.271257019842,-11546.81091665438,356.0,-1,-1,-1.0
7675,7675,15793.623793128048,-10361.368735267431,210.0,-1,-1,-1.0
7676,7676,-12437.809806652142,-28922.77298461585,35.0,-1,17,-1.0
7677,7677,34948.42690591082,-15581.211693259764,396.0,-1,-1,-1.0
7678,7678,-12705.739943022803,-15877.472986220537,117.0,-1,-1,-1.0
7679,7679,29336.05364663569,35775.83969345958,478.0,-1,11,-1.0
7680,7680,27851.73055898206,39125.27542154146,183.0,-1,-1,-1.0
7681,7681,-32464.014281432777,24421.05541174257,32.0,-1,-1,-1.0
7682,7682,5877.580071979712,-10689.043942881117,184.0,-1,31,-1.0
7683,7683,-6438.670975135981,-14071.877183891014,288.0,-1,-1,-1.0
7684,7684,-26645.364156089177,6802.900804831843,14.0,-1,-1,-1.0
7685,7685,-12698.06191116455,17204.44004303163,182.0,-1,-1,-1.0
7686,7686,29177.34598024744,23879.087305576213,18.0,-1,-1,-1.0
7687,7687,35752.48884696727,-26992.63871734954,417.0,-1,45,51.0
7688,7688,-20595.07646458729,-37290.02794978333,375.0,-1,-1,-1.0
7689,7689,-14507.360449194415,-33406.928963235994,129.0,-1,36,-1.0
7690,7690,-19439.49280805729,22485.783439447987,424.0,-1,-1,-1.0
7691,7691,-8529.505707545617,-24930.158470757397,270.0,-1,-1,-1.0
7692,7692,8281.939495062972,-38680.166414815794,364.0,-1,1,-1.0
7693,7693,-9574.0995515935,-15859.155357275184,432.0,-1,-1,-1.0
7694,7694,-401.63167754773895,15502.954064542304,13.0,-1,-1,-1.0
7695,7695,36596.1543653644,24366.8784258581,38.0,-1,-1,-1.0
7696,7696,-39459.64229442805,150.42471050829772,103.0,-1,-1,-1.0
7697,7697,30543.42026571851,28068.70471520233,40.0,-1,10,-1.0
7698,7698,-30981.21980732284,37262.17720336889,173.0,-1,-1,-1.0
7699,7699,-15049.990032679185,917.6740003045998,432.0,-1,-1,-1.0
7700,7700,-14945.95057541268,-20490.16214298667,369.0,-1,-1,-1.0
7701,7701,36738.18215759593,30079.806108219986,231.0,-1,-1,-1.0
7702,7702,-16435.93018654638,-35070.78729065096,136.0,-1,-1,-1.0
7703,7703,18817.84590323479,20226.593153246256,140.0,-1,18,-1.0
7704,7704,-30825.547432296116,-19766.665064811645,170.0,-1,-1,-1.0
7705,7705,34951.17018759863,16805.187297806246,306.0,-1,28,-1.0
7706,7706,3839.108068441616,1671.0098580651538,363.0,-1,-1,-1.0
7707,7707,-5042.828453255272,-10656.21351409435,124.0,-1,-1,-1.0
7708,7708,-24836.615163034097,-35088.88180439534,458.0,-1,12,-1.0
7709,7709,36074.01016786373,34851.69426758708,328.0,-1,-1,-1.0
7710,7710,28180.76389571924,-14301.041340356323,170.0,-1,45,-1.0
7711,7711,27487.286923962834,-28043.76494070856,480.0,-1,-1,-1.0
7712,7712,14151.596856785924,9198.870568216267,47.0,-1,2,-1.0
7713,7713,24395.550935865795,-22705.52039816776,393.0,-1,-1,-1.0
7714,7714,33298.87745903243,38913.32717255389,81.0,-1,-1,-1.0
7715,7715,-3172.5436380209503,-3655.589918306912,498.0,-1,-1,-1.0
7716,7716,-19355.330427880373,32675.282194170795,125.0,-1,-1,-1.0
7717,7717,12557.5462573236,16359.886643453969,492.0,-1,-1,-1.0
7718,7718,22908.760266725425,1322.662942592222,411.0,-1,-1,-1.0
7719,7719,3168.1536403890204,-27199.99208563456,138.0,-1,-1,-1.0
7720,7720,34186.20411943752,7534.257172205165,47.0,-1,28,-1.0
7721,7721,-28430.348091864256,-3940.112955548546,413.0,-1,41,47.0
7722,7722,-31199.34618079744,24844.85427532061,323.0,-1,-1,-1.0
7723,7723,-30796.124332210617,-3395.827164479924,158.0,-1,41,-1.0
7724,7724,23266.307183592755,-17307.95657131179,368.0,-1,-1,-1.0
7725,7725,2453.835156714857,3465.017137180839,382.0,-1,-1,-1.0
7726,7726,34383.41983317082,34207.711041254326,200.0,-1,-1,-1.0
7727,7727,-20415.220583929466,-33270.49345840955,183.0,-1,-1,-1.0
7728,7728,-27371.168779467043,22364.94914705395,296.0,-1,-1,-1.0
7729,7729,-27110.00735311925,-31852.497114195427,152.0,-1,-1,-1.0
7730,7730,-14454.077892705487,-10006.039991197886,330.0,-1,-1,-1.0
7731,7731,20862.26936320431,2686.083324304782,487.0,-1,-1,-1.0
7732,7732,37644.06869943009,-22101.987862547983,171.0,-1,-1,-1.0
7733,7733,1834.213259279255,-38722.47949255992,356.0,-1,-1,-1.0
7734,7734,35340.54892746874,-20143.54191433985,38.0,-1,-1,-1.0
7735,7735,-525.1115886154366,24205.5638156464,286.0,-1,-1,-1.0
7736,7736,-9156.015561599452,-21140.279720298196,158.0,-1,-1,-1.0
7737,7737,36336.18856844765,30982.340880186253,12.0,-1,-1,-1.0
7738,7738,-21895.656737654423,-31399.01602241773,28.0,-1,-1,-1.0
7739,7739,-36941.73845437857,38091.67734912512,483.0,-1,5,-1.0
7740,7740,24563.314479713823,-38189.37449235103,125.0,-1,-1,-1.0
7741,7741,37566.05694437474,-2188.2613318977747,51.0,-1,28,-1.0
7742,7742,-11612.83122664786,22354.418488655152,325.0,-1,-1,-1.0
7743,7743,20942.01693071345,22605.10956869165,469.0,-1,18,-1.0
7744,7744,22888.143013974463,-39431.4249118386,386.0,-1,-1,-1.0
7745,7745,-21266.365719889556,14411.47314802122,357.0,-1,-1,-1.0
7746,7746,33877.27316469842,6104.738658463146,83.0,-1,-1,-1.0
7747,7747,-3741.7209821097567,3864.377162147721,169.0,-1,27,-1.0
7748,7748,8575.061255325185,-37154.46425447354,451.0,-1,-1,-1.0
7749,7749,8954.133570724538,-29694.55673613159,404.0,-1,-1,-1.0
7750,7750,-25810.95394718628,17765.298798016905,454.0,-1,-1,-1.0
7751,7751,-32787.15582482942,29431.108798815985,298.0,-1,-1,-1.0
7752,7752,5809.309886702904,-24679.204332750312,281.0,-1,31,-1.0
7753,7753,-25777.32281942028,25961.346755717703,385.0,-1,48,-1.0
7754,7754,-20562.737336561662,-18095.47452534708,466.0,-1,42,-1.0
7755,7755,-10435.416053438748,-6428.638227131538,198.0,-1,-1,-1.0
7756,7756,-15989.378981164562,17187.045978135575,110.0,-1,-1,-1.0
7757,7757,17805.99428739406,8048.53041468915,286.0,-1,-1,-1.0
7758,7758,-1084.8546300770686,-18211.615224385725,397.0,-1,31,-1.0
7759,7759,-34042.47830876197,-19121.764179483325,431.0,-1,-1,-1.0
7760,7760,-16012.431942503004,37853.94360624322,246.0,-1,48,-1.0
7761,7761,18426.06198354253,1779.6882692874642,330.0,-1,-1,-1.0
7762,7762,27197.33039438307,-8541.81551894718,300.0,-1,-1,-1.0
7763,7763,-23842.52304887167,-3081.0507088322483,424.0,-1,41,-1.0
7764,7764,34525.791284232284,-14274.760712886546,134.0,-1,-1,-1.0
7765,7765,12544.735135421928,-924.2277903426584,387.0,-1,-1,-1.0
7766,7766,-20990.0537382214,1417.1505236242883,492.0,-1,-1,-1.0
7767,7767,-39876.19339587936,5348.950168447162,308.0,-1,-1,-1.0
7768,7768,11430.749503311868,-10878.30140672806,330.0,-1,-1,-1.0
7769,7769,-17970.62674740092,13704.0946174931,119.0,-1,-1,-1.0
7770,7770,35797.50086432473,2881.614061017397,258.0,-1,28,-1.0
7771,7771,38371.51622578621,30526.569305369747,34.0,-1,10,-1.0
7772,7772,33801.85390579906,38619.17158601689,417.0,-1,-1,-1.0
7773,7773,39630.01095669805,25855.77291357249,155.0,-1,-1,-1.0
7774,7774,19474.114283744457,20713.55029685045,74.0,-1,18,-1.0
7775,7775,-12083.74397328723,-16789.605738839724,135.0,-1,31,-1.0
7776,7776,23904.6846531208,-39572.08971201842,291.0,-1,-1,-1.0
7777,7777,5163.346918970361,21722.637087923096,166.0,-1,46,-1.0
7778,7778,12834.892501475202,30022.75537162536,123.0,-1,-1,-1.0
7779,7779,25388.343780636074,18549.589997899697,253.0,-1,-1,-1.0
7780,7780,4682.393420966226,-30762.529971719283,73.0,-1,-1,-1.0
7781,7781,28690.52084997995,-18990.42519232089,433.0,-1,45,-1.0
7782,7782,-25370.62154482085,16760.15129723028,476.0,-1,-1,-1.0
7783,7783,31607.410201910097,-10849.581450897502,351.0,-1,-1,-1.0
7784,7784,-11393.118983802487,-21661.266405626822,381.0,-1,-1,-1.0
7785,7785,-30769.486883846395,-28636.244720663235,166.0,-1,34,-1.0
7786,7786,38105.72530344375,34798.51393472409,315.0,-1,-1,-1.0
7787,7787,-29589.37579841359,24070.939086779275,54.0,-1,-1,-1.0
7788,7788,17294.120685400376,-26945.10282402005,253.0,-1,3,-1.0
7789,7789,-35412.02227987168,-13598.80975151408,238.0,-1,32,38.0
7790,7790,18173.82325258,-18275.081320831738,449.0,-1,-1,-1.0
7791,7791,-11235.50042743605,36905.3121251486,207.0,-1,48,-1.0
7792,7792,-31071.569789382916,-2543.311163104256,239.0,-1,-1,-1.0
7793,7793,26815.0923096472,36403.72411941269,104.0,-1,-1,-1.0
7794,7794,-11605.0896901804,20180.104826572016,467.0,-1,-1,-1.0
7795,7795,-15763.674615619464,-22725.09070994537,213.0,-1,-1,-1.0
7796,7796,-1348.220743011887,7448.635567818368,356.0,-1,27,-1.0
7797,7797,17768.491792899033,15113.476757498043,120.0,-1,-1,-1.0
7798,7798,-3138.3817978154984,4116.46565713796,214.0,-1,27,-1.0
7799,7799,-17621.45131590448,25256.841862051093,303.0,-1,-1,-1.0
7800,7800,32674.307900200816,31434.44542968739,113.0,-1,-1,-1.0
7801,7801,-5135.0456161308975,-13623.463531562307,44.0,-1,31,-1.0
7802,7802,15466.109536730975,37406.98721676195,32.0,-1,-1,-1.0
7803,7803,30294.933216614896,-34970.40920451216,395.0,-1,-1,-1.0
7804,7804,-18835.421652887144,-14806.98529066876,476.0,-1,42,-1.0
7805,7805,5298.819247217012,18568.66039862894,370.0,-1,-1,-1.0
7806,7806,-17755.685119912137,-24095.976521267425,61.0,-1,36,-1.0
7807,7807,24552.28086071624,38420.3437742188,43.0,-1,30,-1.0
7808,7808,-5041.424904660205,35120.05368634123,380.0,-1,48,-1.0
7809,7809,-127.41004974988756,-19583.4357936507,415.0,-1,31,-1.0
7810,7810,-28789.91989930552,9187.943302741209,401.0,-1,-1,-1.0
7811,7811,-12456.463365044234,24846.338360498998,48.0,-1,48,60.0
7812,7812,268.7064991503721,-12441.76337651144,455.0,-1,31,-1.0
7813,7813,-676.0066044656487,28380.63110455472,264.0,-1,-1,-1.0
7814,7814,-39826.15467087631,19286.52064796597,325.0,-1,-1,-1.0
7815,7815,-26373.472742721533,-24343.130520990817,382.0,-1,38,-1.0
7816,7816,-19451.39826189519,-14796.048444431031,63.0,-1,42,-1.0
7817,7817,14248.251169058009,14203.545390333107,458.0,-1,-1,-1.0
7818,7818,30783.11818934066,27869.365869493908,429.0,-1,-1,-1.0
7819,7819,18902.13789409906,8257.7835307227,289.0,-1,-1,-1.0
7820,7820,11511.557976276485,36338.52596893815,24.0,-1,-1,-1.0
7821,7821,19702.162902386317,-28821.06008161726,394.0,-1,-1,-1.0
7822,7822,-13356.162445080918,-14191.411298003914,230.0,-1,-1,-1.0
7823,7823,-8678.371671945319,-36031.77623818558,457.0,-1,-1,-1.0
7824,7824,-11508.97518625424,-19272.95420169834,419.0,-1,31,-1.0
7825,7825,37141.5662725424,-37966.60630388285,472.0,-1,-1,-1.0
7826,7826,31222.24284561648,-1324.3129980167068,332.0,-1,-1,-1.0
7827,7827,-2404.710853905613,-5552.70509889425,460.0,-1,-1,-1.0
7828,7828,-10297.713095198313,-19944.584248445168,13.0,-1,-1,-1.0
7829,7829,-38368.66676476049,-22196.420696538964,175.0,-1,0,-1.0
7830,7830,21176.02029337269,29983.95204432649,296.0,-1,30,-1.0
7831,7831,4895.4190328079785,-25388.44680890171,341.0,-1,31,-1.0
7832,7832,19863.39412862761,-23234.14720474665,357.0,-1,-1,-1.0
7833,7833,-1217.540819142523,-3295.88693321708,429.0,-1,-1,-1.0
7834,7834,16439.33211887427,-37406.543134428495,41.0,-1,-1,-1.0
7835,7835,-9639.452483446486,38874.9755040531,42.0,-1,48,57.0
7836,7836,-22727.093345521884,17948.848744709343,472.0,-1,-1,-1.0
7837,7837,24681.07894548521,17550.51666386053,74.0,-1,-1,-1.0
7838,7838,-22501.207538742536,16808.302813713533,446.0,-1,-1,-1.0
7839,7839,-24703.88656089092,-27149.21455693183,431.0,-1,38,-1.0
7840,7840,29516.233915057965,20709.063274491466,422.0,-1,28,-1.0
7841,7841,17261.857393956103,20746.06179969442,104.0,-1,-1,-1.0
7842,7842,-22685.27168013525,-10075.6977376117,351.0,-1,-1,-1.0
7843,7843,38498.256592909616,-22662.649070736992,31.0,-1,-1,-1.0
7844,7844,12112.70596317033,-2373.0427276239643,97.0,-1,-1,-1.0
7845,7845,2362.821669743171,-33838.82948119066,19.0,-1,1,-1.0
7846,7846,-11182.86089485661,-29092.935673071363,344.0,-1,-1,-1.0
7847,7847,-9411.31652284959,-18098.149040404533,175.0,-1,-1,-1.0
7848,7848,22442.423269490253,-30021.1148629312,102.0,-1,-1,-1.0
7849,7849,35450.330155273914,-31876.27541997946,136.0,-1,-1,-1.0
7850,7850,-35561.49786983499,-18642.357797380217,165.0,-1,-1,-1.0
7851,7851,35194.26167740798,-24194.87328962677,274.0,-1,-1,-1.0
7852,7852,8196.694735212608,24648.04050651918,160.0,-1,48,-1.0
7853,7853,-31740.96593961405,-9950.204194434347,230.0,-1,-1,-1.0
7854,7854,31067.21318243227,37034.472757389725,463.0,-1,11,-1.0
7855,7855,20549.640691107663,21875.653616473588,360.0,-1,18,-1.0
7856,7856,-19338.142395661125,-10990.49216514083,425.0,-1,-1,-1.0
7857,7857,-27203.870609785383,38755.298206840336,458.0,-1,-1,-1.0
7858,7858,13235.144463659291,26248.389182124025,23.0,-1,-1,-1.0
7859,7859,-2740.3321398920234,-17380.856714313104,186.0,-1,31,-1.0
7860,7860,-26696.227217863103,29499.98101501765,356.0,-1,-1,-1.0
7861,7861,-30419.10206838,17502.702551535513,18.0,-1,-1,-1.0
7862,7862,-27098.65435014505,-1376.043583297156,260.0,-1,41,-1.0
7863,7863,36829.028754857005,13147.30283292412,457.0,-1,28,-1.0
7864,7864,23835.708175260253,-22952.185477406165,51.0,-1,-1,-1.0
7865,7865,-223.90081984590503,-9252.096530061584,437.0,-1,31,35.0
7866,7866,-11687.735341253783,-15517.08004141015,389.0,-1,-1,-1.0
7867,7867,-5362.705791738983,9722.56333508346,224.0,-1,-1,-1.0
7868,7868,32114.101074346283,-22509.36182576053,171.0,-1,45,-1.0
7869,7869,-17614.27329083898,28857.97973313308,180.0,-1,48,59.0
7870,7870,-33940.2423050589,4367.450583139944,80.0,-1,-1,-1.0
7871,7871,18040.367779502725,29838.06131795091,161.0,-1,-1,-1.0
7872,7872,-24670.044569335678,4834.764394228834,319.0,-1,-1,-1.0
7873,7873,19042.33004529125,-3761.1491101145584,288.0,-1,13,-1.0
7874,7874,30527.17617467676,-21858.232952050195,114.0,-1,45,-1.0
7875,7875,2321.114800143412,28006.438400629195,486.0,-1,48,-1.0
7876,7876,-15823.93552994338,-20257.13614585893,303.0,-1,-1,-1.0
7877,7877,-33831.84356422462,14872.387105069089,313.0,-1,24,-1.0
7878,7878,29976.940497248303,-18716.673545496167,487.0,-1,-1,-1.0
7879,7879,-35691.086322878895,-39414.496930602,33.0,-1,-1,-1.0
7880,7880,-15730.970086511854,6094.96549254284,172.0,-1,26,-1.0
7881,7881,-38099.10290866162,21192.628962401766,289.0,-1,-1,-1.0
7882,7882,-24660.617375313264,12815.11634315479,325.0,-1,-1,-1.0
7883,7883,11990.65253774762,-14298.699659265629,205.0,-1,-1,-1.0
7884,7884,26313.905983388948,-24736.99488645231,308.0,-1,45,51.0
7885,7885,-34050.10142418198,11903.600864283231,360.0,-1,24,-1.0
7886,7886,37506.5719193492,30222.171463133127,129.0,-1,10,-1.0
7887,7887,25339.287747670773,8903.166145782758,262.0,-1,15,-1.0
7888,7888,39935.29067227994,21188.70696359167,188.0,-1,-1,-1.0
7889,7889,6660.839346828223,17458.385287511453,144.0,-1,8,-1.0
7890,7890,-30544.266945247942,3277.549729913255,258.0,-1,29,-1.0
7891,7891,-5027.31131670397,-20727.79092128342,251.0,-1,7,-1.0
7892,7892,9812.896118168064,38876.32207797951,403.0,-1,-1,-1.0
7893,7893,24400.47043545179,15062.29085588838,216.0,-1,-1,-1.0
7894,7894,10270.274563805013,29497.924500419656,69.0,-1,-1,-1.0
7895,7895,-30734.81926806897,-3702.154464570209,237.0,-1,41,-1.0
7896,7896,-20940.11664196065,-20411.05851917214,183.0,-1,-1,-1.0
7897,7897,20362.576265919797,-1353.9843734086537,160.0,-1,-1,-1.0
7898,7898,-34687.247913848914,20984.679323019765,206.0,-1,-1,-1.0
7899,7899,27536.02442333715,-36972.79841434753,230.0,-1,-1,-1.0
7900,7900,27309.1239367449,-12966.668774635313,90.0,-1,45,51.0
7901,7901,31048.667773855108,-33417.06056794971,303.0,-1,-1,-1.0
7902,7902,25304.78230399663,-25700.57859083609,490.0,-1,-1,-1.0
7903,7903,34369.54082046678,11193.767969056666,157.0,-1,28,-1.0
7904,7904,37097.73979786817,13874.744742585945,385.0,-1,28,-1.0
7905,7905,-5133.855692193829,-20293.145676170807,137.0,-1,7,-1.0
7906,7906,8465.2166445377,-14668.816356394076,264.0,-1,-1,-1.0
7907,7907,-26768.89287335808,20379.100441821935,427.0,-1,-1,-1.0
7908,7908,-37557.89671659659,1200.5475601076396,328.0,-1,-1,-1.0
7909,7909,38737.1916118037,-20804.09855830024,41.0,-1,-1,-1.0
7910,7910,39131.2522590109,13755.245014210765,24.0,-1,-1,-1.0
7911,7911,1413.3200244316686,-36915.136256465,394.0,-1,-1,-1.0
7912,7912,-22590.682512077845,-2713.2325873218506,388.0,-1,-1,-1.0
7913,7913,-30530.0820014597,3275.9161539366105,205.0,-1,29,-1.0
7914,7914,-39846.29306767344,-9883.217055973662,142.0,-1,-1,-1.0
7915,7915,6020.541914019792,-28907.92520162993,119.0,-1,31,-1.0
7916,7916,-38926.76791378647,-26528.000374311065,357.0,-1,-1,-1.0
7917,7917,-22287.12204943525,8555.974401682375,355.0,-1,-1,-1.0
7918,7918,-20013.940494689155,31631.812864596184,323.0,-1,-1,-1.0
7919,7919,-33228.72361017847,-26457.071537610303,394.0,-1,-1,-1.0
7920,7920,23268.60622602497,-1731.4516172928052,57.0,-1,44,50.0
7921,7921,-8355.030046575037,-25836.70751194539,113.0,-1,-1,-1.0
7922,7922,-11306.032636502136,-13255.350847705571,444.0,-1,-1,-1.0
7923,7923,-37001.75627285986,12035.19292566429,45.0,-1,-1,-1.0
7924,7924,-13839.792551199267,16502.629229021804,499.0,-1,-1,-1.0
7925,7925,19389.44032619427,411.5582756962758,292.0,-1,-1,-1.0
7926,7926,20638.15586607947,31849.400854199543,10.0,-1,30,-1.0
7927,7927,24925.39494843985,-37075.98533041253,84.0,-1,-1,-1.0
7928,7928,-16666.007796550177,13892.998290840507,31.0,-1,-1,-1.0
7929,7929,11828.885382491431,34636.74228892005,371.0,-1,-1,-1.0
7930,7930,-4627.333090762935,21301.20618034563,111.0,-1,-1,-1.0
7931,7931,9830.302177263642,-5723.6173109379815,35.0,-1,-1,-1.0
7932,7932,-19209.25741807844,-24597.80458868925,167.0,-1,36,-1.0
7933,7933,-16204.07052523812,11132.303025513902,11.0,-1,-1,-1.0
7934,7934,33113.51930591992,-37343.41652181671,346.0,-1,-1,-1.0
7935,7935,-26117.15316705159,-24817.19662076433,67.0,-1,38,-1.0
7936,7936,-36019.47418949482,-14253.012602964798,235.0,-1,-1,-1.0
7937,7937,-39767.35860138788,-13061.692860853504,174.0,-1,-1,-1.0
7938,7938,-646.8724496428695,-9115.066700515832,404.0,-1,31,-1.0
7939,7939,633.2003220308034,-17365.54648936414,197.0,-1,31,-1.0
7940,7940,-35688.28976799635,39099.59797122776,141.0,-1,5,-1.0
7941,7941,5104.130540122096,22446.11139298613,330.0,-1,46,-1.0
7942,7942,35541.100272091804,17810.503577871576,162.0,-1,28,-1.0
7943,7943,-5216.793651684748,16873.515948730623,244.0,-1,-1,-1.0
7944,7944,-9539.25324110906,-16304.02746654937,111.0,-1,-1,-1.0
7945,7945,-29040.838596649774,-16041.359284026135,34.0,-1,-1,-1.0
7946,7946,18607.7331822969,19568.230027317102,375.0,-1,18,-1.0
7947,7947,-20023.855522674872,30505.46402481229,236.0,-1,-1,-1.0
7948,7948,-28369.092566962758,140.69555903604487,313.0,-1,-1,-1.0
7949,7949,-27564.39100112838,6300.06371718616,492.0,-1,-1,-1.0
7950,7950,-34818.685251748066,26151.464458402334,261.0,-1,-1,-1.0
7951,7951,-37382.00340425468,25751.91038892677,452.0,-1,23,-1.0
7952,7952,-2427.304284872189,-4593.140346911081,262.0,-1,-1,-1.0
7953,7953,-30838.66710767753,13194.247569553292,271.0,-1,-1,-1.0
7954,7954,24929.73927001954,-14768.395721771794,425.0,-1,45,-1.0
7955,7955,33165.76279564432,-2069.646011444289,55.0,-1,33,-1.0
7956,7956,-31315.598316019485,38693.38989695163,340.0,-1,-1,-1.0
7957,7957,12372.253032823472,-2667.363674535729,156.0,-1,-1,-1.0
7958,7958,39473.02640338785,-37312.08580335027,437.0,-1,-1,-1.0
7959,7959,-30536.47677910984,32646.09213978705,260.0,-1,6,-1.0
7960,7960,-15987.596245256324,-15959.487837080009,452.0,-1,31,-1.0
7961,7961,16955.31893290973,22559.099885120595,365.0,-1,-1,-1.0
7962,7962,-17851.68400443857,-10757.010376831897,476.0,-1,-1,-1.0
7963,7963,528.3266831028377,20183.73635685936,395.0,-1,46,-1.0
7964,7964,5313.109344262994,39111.183338779054,165.0,-1,-1,-1.0
7965,7965,6416.062731680438,-18735.660567519317,90.0,-1,-1,-1.0
7966,7966,-9945.19342181402,15202.096054678732,124.0,-1,-1,-1.0
7967,7967,28532.97356505645,-3852.896126968153,130.0,-1,33,-1.0
7968,7968,29758.878806553985,-2164.678502860341,439.0,-1,33,-1.0
7969,7969,2670.609881057572,-27813.679556171537,31.0,-1,25,-1.0
7970,7970,22993.173853072098,-17902.420385809066,83.0,-1,-1,-1.0
7971,7971,-2791.951124768835,-21687.415217588004,427.0,-1,-1,-1.0
7972,7972,5288.885452612725,1632.6214585611888,184.0,-1,14,-1.0
7973,7973,-9306.963527876303,38579.11407309247,258.0,-1,48,-1.0
7974,7974,39097.92525863284,29428.91898663767,281.0,-1,-1,-1.0
7975,7975,37860.08971485667,8198.27478441989,66.0,-1,-1,-1.0
7976,7976,-17903.28973768907,1969.643358093097,411.0,-1,-1,-1.0
7977,7977,9000.983262634443,-33373.35688914169,490.0,-1,-1,-1.0
7978,7978,12488.268042192576,-17377.6217166876,111.0,-1,-1,-1.0
7979,7979,-11527.00273531285,-30583.94010757115,460.0,-1,-1,-1.0
7980,7980,19727.12214402503,39230.938281931056,419.0,-1,-1,-1.0
7981,7981,-20848.724961399246,16138.113005613171,324.0,-1,-1,-1.0
7982,7982,30327.83912523233,24583.847970398456,265.0,-1,-1,-1.0
7983,7983,15642.920207183824,-30530.40205633588,158.0,-1,-1,-1.0
7984,7984,-5026.140704002159,-34960.45212366654,127.0,-1,35,-1.0
7985,7985,-18062.59116187552,-12139.329065778204,10.0,-1,-1,-1.0
7986,7986,29129.10765024745,34998.41284377898,479.0,-1,-1,-1.0
7987,7987,31032.45963403136,-34609.892136871975,293.0,-1,-1,-1.0
7988,7988,-20992.18811875492,9278.413339063343,402.0,-1,-1,-1.0
7989,7989,-15561.970596160518,38930.45400277896,439.0,-1,-1,-1.0
7990,7990,30153.686569681173,-17942.788715271734,173.0,-1,-1,-1.0
7991,7991,-17468.72506574945,-7420.886241683958,492.0,-1,43,-1.0
7992,7992,3631.7782218009306,8324.4674088127,396.0,-1,27,-1.0
7993,7993,-20441.56681518112,30374.432276048363,154.0,-1,48,-1.0
7994,7994,-32277.86748616074,15347.51485173362,15.0,-1,-1,-1.0
7995,7995,-11323.78202012758,3127.076775396002,411.0,-1,-1,-1.0
7996,7996,21071.58737190161,-10447.233446559329,429.0,-1,-1,-1.0
7997,7997,14516.315351194447,24801.09105619936,320.0,-1,9,-1.0
7998,7998,-38277.52742672578,-28743.232119851546,312.0,-1,20,-1.0
7999,7999,3839.889015826448,6332.373074617994,334.0,-1,-1,-1.0
8000,8000,-19992.31267148321,31511.25245993334,83.0,-1,-1,-1.0
8001,8001,-29999.33357232868,-1571.5956835413235,125.0,-1,-1,-1.0
8002,8002,37402.16020726791,-25359.364753245914,11.0,-1,-1,-1.0
8003,8003,-5608.524471987104,-25019.087636898414,191.0,-1,25,-1.0
8004,8004,30803.589583041143,-22987.777497032723,313.0,-1,45,51.0
8005,8005,-31321.739713887124,26127.439592847582,361.0,-1,-1,-1.0
8006,8006,-10690.848039221317,-1602.4763388569263,443.0,-1,-1,-1.0
8007,8007,26894.92776866796,-10645.480596403691,288.0,-1,-1,-1.0
8008,8008,-10854.218025423866,814.0432326144,489.0,-1,-1,-1.0
8009,8009,12501.988625947284,17230.158955783816,102.0,-1,-1,-1.0
8010,8010,-826.5382100287752,34548.31905682197,452.0,-1,-1,-1.0
8011,8011,31224.20477893481,5726.321392709644,298.0,-1,-1,-1.0
8012,8012,-9949.97352737012,7301.493175787546,339.0,-1,-1,-1.0
8013,8013,36721.7209887982,-4526.7458889439295,473.0,-1,33,-1.0
8014,8014,-22226.58851487201,8920.957781225872,486.0,-1,-1,-1.0
8015,8015,-34010.113439519024,-23679.086867616206,477.0,-1,39,-1.0
8016,8016,26849.48925384044,39097.32283817402,376.0,-1,-1,-1.0
8017,8017,-35019.84654603101,17882.11552692629,209.0,-1,-1,-1.0
8018,8018,16991.65467347252,-30510.809746559265,494.0,-1,-1,-1.0
8019,8019,-13588.775787134651,-34615.3629688041,233.0,-1,-1,-1.0
8020,8020,-17711.493691913514,39724.178013097655,100.0,-1,-1,-1.0
8021,8021,-26406.76226355312,-5454.901191905585,3.0,-1,-1,-1.0
8022,8022,38148.02529577041,-15571.868993307093,7.0,-1,-1,-1.0
8023,8023,19381.1551605878,-36514.203856593966,206.0,-1,-1,-1.0
8024,8024,37233.6734644752,7263.077089953869,7.0,-1,28,-1.0
8025,8025,-38857.54281774328,-29493.54840234996,25.0,-1,-1,-1.0
8026,8026,11629.83190727923,23822.984071585557,8.0,-1,-1,-1.0
8027,8027,-23409.567437997484,-39463.40766471794,385.0,-1,-1,-1.0
8028,8028,23854.114691043706,35911.397994358485,36.0,-1,-1,-1.0
8029,8029,-23053.152412886568,28109.219413135917,55.0,-1,-1,-1.0
8030,8030,-17557.06863548367,11333.993199870813,205.0,-1,-1,-1.0
8031,8031,-28056.774599922603,9111.213617068905,393.0,-1,-1,-1.0
8032,8032,-20470.68745138856,19826.710518360625,128.0,-1,-1,-1.0
8033,8033,-16642.362088282585,-37493.48522620269,429.0,-1,-1,-1.0
8034,8034,-36086.808702756185,25129.4540551737,202.0,-1,-1,-1.0
8035,8035,12333.809829249743,12952.84752269616,473.0,-1,-1,-1.0
8036,8036,28406.947226606324,21808.349088473813,20.0,-1,-1,-1.0
8037,8037,-11294.42034848755,12969.99829155614,462.0,-1,-1,-1.0
8038,8038,39303.93816533031,-16723.401571275546,126.0,-1,-1,-1.0
8039,8039,-18300.80078587996,-14198.550672357796,22.0,-1,42,-1.0
8040,8040,-12079.954066346738,-15230.871545029417,246.0,-1,-1,-1.0
8041,8041,13480.0823799614,-17474.393831984897,180.0,-1,-1,-1.0
8042,8042,34217.170914406975,2661.638654848117,118.0,-1,28,-1.0
8043,8043,-237.27104346924895,-8646.055080284204,90.0,-1,31,36.0
8044,8044,-13869.048434015498,-31857.80727860653,492.0,-1,-1,-1.0
8045,8045,-35917.90508199252,21075.7662815715,399.0,-1,23,-1.0
8046,8046,-30780.064007093293,-32035.98594219917,220.0,-1,-1,-1.0
8047,8047,-37866.96398157773,29428.883497750096,413.0,-1,-1,-1.0
8048,8048,-1427.848811205571,22184.33774055595,264.0,-1,-1,-1.0
8049,8049,35067.14757975857,6583.085956823692,224.0,-1,28,-1.0
8050,8050,18748.937278730256,27207.06700584815,212.0,-1,-1,-1.0
8051,8051,2101.447577764411,-8651.33242025621,499.0,-1,31,-1.0
8052,8052,13140.06691301796,-15456.059994053576,192.0,-1,-1,-1.0
8053,8053,-38841.28714492697,-36475.18155273054,333.0,-1,-1,-1.0
8054,8054,7142.365591370632,-553.8407603642409,75.0,-1,-1,-1.0
8055,8055,-8131.165593239668,1224.7147605617138,245.0,-1,-1,-1.0
8056,8056,-3631.869266177222,1638.7590139910026,79.0,-1,27,-1.0
8057,8057,11876.142554871069,8143.834232451823,54.0,-1,-1,-1.0
8058,8058,11620.330858062334,15022.036631405535,496.0,-1,-1,-1.0
8059,8059,-25323.40521803371,-34408.56915821221,264.0,-1,12,-1.0
8060,8060,21665.44700108584,-3683.857520934994,440.0,-1,44,-1.0
8061,8061,3301.1488146936244,20890.072106927477,417.0,-1,46,-1.0
8062,8062,-30589.44664113288,-17264.691436907837,414.0,-1,-1,-1.0
8063,8063,-25208.93875278471,22248.33257894039,228.0,-1,-1,-1.0
8064,8064,-37141.83268345497,-31804.607327863057,182.0,-1,20,23.0
8065,8065,38094.82393975552,-19988.635676877147,409.0,-1,-1,-1.0
8066,8066,-4585.720000667636,27221.596372406333,191.0,-1,48,-1.0
8067,8067,8224.100831110278,-14971.522949827988,461.0,-1,31,-1.0
8068,8068,-33431.09529053061,-3656.123776222528,369.0,-1,-1,-1.0
8069,8069,-31068.45421990216,-24678.94682399653,177.0,-1,-1,-1.0
8070,8070,599.0106088730972,10061.155038285457,104.0,-1,27,-1.0
8071,8071,-3988.123909237809,-7977.62258871087,471.0,-1,31,-1.0
8072,8072,31577.554389863755,-6651.677577396942,326.0,-1,-1,-1.0
8073,8073,-10475.690876939803,-32805.12812463203,31.0,-1,-1,-1.0
8074,8074,37494.73262882035,6041.46980680339,188.0,-1,28,-1.0
8075,8075,-10828.196995609556,-34687.02911580748,258.0,-1,-1,-1.0
8076,8076,-9845.20665845774,-1456.9796169953624,180.0,-1,-1,-1.0
8077,8077,-11767.20898599787,2970.941633776514,409.0,-1,26,-1.0
8078,8078,26542.797180322115,-27373.076463850462,480.0,-1,45,-1.0
8079,8079,-30864.08309554054,37327.52945356821,99.0,-1,-1,-1.0
8080,8080,-9326.956888921708,9897.510470068402,175.0,-1,-1,-1.0
8081,8081,-33541.1810482662,-24269.4820766976,443.0,-1,39,-1.0
8082,8082,-38197.08279108414,29925.91840172987,404.0,-1,-1,-1.0
8083,8083,-5477.985363226828,-7114.098469698547,262.0,-1,31,-1.0
8084,8084,38321.11520180198,-14654.048016272183,181.0,-1,-1,-1.0
8085,8085,-21429.861579644712,-3021.685397042522,457.0,-1,43,-1.0
8086,8086,21842.338849479813,-16496.213560849,44.0,-1,-1,-1.0
8087,8087,23066.905806693496,-15512.406273336295,120.0,-1,45,-1.0
8088,8088,8948.731049483875,35378.63832239708,284.0,-1,-1,-1.0
8089,8089,29562.34156650976,10359.548741716057,99.0,-1,-1,-1.0
8090,8090,-8996.945058023219,34742.74994662184,192.0,-1,-1,-1.0
8091,8091,-12213.190338794826,-19846.536654260846,12.0,-1,-1,-1.0
8092,8092,1825.9344584633727,-32683.583507881773,399.0,-1,1,-1.0
8093,8093,-4052.024359785406,20995.866850439168,29.0,-1,-1,-1.0
8094,8094,3731.394688716944,22113.04178570929,214.0,-1,46,54.0
8095,8095,-4609.22182718874,19881.145735988684,223.0,-1,-1,-1.0
8096,8096,4003.795238233077,18397.15656224672,26.0,-1,-1,-1.0
8097,8097,13006.040582447808,33919.52541208512,387.0,-1,47,-1.0
8098,8098,20909.457751684604,14369.52633825069,490.0,-1,-1,-1.0
8099,8099,-24744.43746494997,-34599.03294579612,449.0,-1,12,-1.0
8100,8100,12352.77331401949,34129.219357537775,477.0,-1,47,-1.0
8101,8101,-23969.409325065848,27259.16080712767,367.0,-1,-1,-1.0
8102,8102,31949.11004253397,-13625.847521479876,101.0,-1,-1,-1.0
8103,8103,-13647.656563551667,-20647.785640136422,452.0,-1,-1,-1.0
8104,8104,1587.2025635838145,-20369.23496553212,231.0,-1,31,35.0
8105,8105,36489.31097147921,-21859.65202703681,417.0,-1,-1,-1.0
8106,8106,16347.40535611372,-11600.573030850228,84.0,-1,-1,-1.0
8107,8107,15285.60745011743,3359.5867499769665,427.0,-1,2,-1.0
8108,8108,-21723.337845311467,11534.76137888262,482.0,-1,40,-1.0
8109,8109,5178.309201504533,-3835.192379651853,19.0,-1,-1,-1.0
8110,8110,-2003.029307531768,-33609.48091118429,268.0,-1,-1,-1.0
8111,8111,-32718.99762109612,-19866.932397072134,414.0,-1,-1,-1.0
8112,8112,14961.104266888731,22031.019229861653,37.0,-1,-1,-1.0
8113,8113,35252.08378451038,2897.582783409358,296.0,-1,28,-1.0
8114,8114,-19608.87414651763,27518.63863562941,66.0,-1,48,59.0
8115,8115,-2002.358770235085,35272.03053938698,74.0,-1,48,-1.0
8116,8116,-19930.502505993743,14078.023499314804,436.0,-1,-1,-1.0
8117,8117,-23802.178260609377,8055.039336382557,372.0,-1,-1,-1.0
8118,8118,6075.599923462629,28242.250085992942,418.0,-1,-1,-1.0
8119,8119,526.823350560895,-7824.302276340091,111.0,-1,31,-1.0
8120,8120,36272.57296239991,3096.095867633252,155.0,-1,28,-1.0
8121,8121,-10812.208312530884,8518.689289964357,153.0,-1,-1,-1.0
8122,8122,20694.282210638037,-27242.462788194112,217.0,-1,-1,-1.0
8123,8123,6253.823418668471,15538.190498460288,430.0,-1,8,-1.0
8124,8124,15572.72600129016,-10727.059619558995,227.0,-1,-1,-1.0
8125,8125,-36429.83898839745,11957.842849886949,317.0,-1,-1,-1.0
8126,8126,-21557.490725094634,-32971.41033573781,382.0,-1,-1,-1.0
8127,8127,25277.19802777321,-6903.118774682262,68.0,-1,-1,-1.0
8128,8128,21244.31697370481,21683.055462683507,156.0,-1,-1,-1.0
8129,8129,-3171.372862794248,20710.535436579536,433.0,-1,-1,-1.0
8130,8130,-39918.767167555954,24296.02145259477,195.0,-1,-1,-1.0
8131,8131,33787.76258676029,10786.487146613215,90.0,-1,-1,-1.0
8132,8132,-16360.094625369393,-7548.827039470307,493.0,-1,43,-1.0
8133,8133,7579.5690183704355,-25308.282401807213,252.0,-1,31,-1.0
8134,8134,-34855.19347968187,-38213.92402161539,105.0,-1,-1,-1.0
8135,8135,-12857.834412900223,-37751.06980898669,415.0,-1,-1,-1.0
8136,8136,-11522.193924943089,31609.577480391643,415.0,-1,48,-1.0
8137,8137,28448.032027903377,-1369.1530902612285,27.0,-1,33,-1.0
8138,8138,-1387.229170701699,-36270.14459419456,141.0,-1,-1,-1.0
8139,8139,-3405.2751456771875,38006.31507200576,431.0,-1,48,-1.0
8140,8140,-5406.77760063039,-21493.61858112305,261.0,-1,7,-1.0
8141,8141,8044.113893696558,-36648.49108189938,43.0,-1,1,-1.0
8142,8142,3988.7725369420295,27868.83926070381,465.0,-1,48,-1.0
8143,8143,-14401.208394418682,6621.985783322038,318.0,-1,-1,-1.0
8144,8144,28375.20011307315,-38232.154889626254,329.0,-1,-1,-1.0
8145,8145,-12644.920072453053,28854.88004772084,418.0,-1,48,-1.0
8146,8146,-30970.10668028973,22406.59624374281,433.0,-1,-1,-1.0
8147,8147,-15709.768218281228,20657.768044012773,210.0,-1,-1,-1.0
8148,8148,-34105.28492297462,26366.104276726124,170.0,-1,-1,-1.0
8149,8149,7488.655627984226,31219.909592307304,288.0,-1,48,-1.0
8150,8150,-11740.069705988,-37336.62978207523,256.0,-1,-1,-1.0
8151,8151,-16934.647659004157,-7169.303664569059,258.0,-1,43,-1.0
8152,8152,38460.14482207778,-17806.99505760088,48.0,-1,-1,-1.0
8153,8153,-16324.52358852957,-94.55841915246856,447.0,-1,-1,-1.0
8154,8154,-965.9237435013856,34875.59307818726,373.0,-1,-1,-1.0
8155,8155,8375.487806948513,-26749.574249676854,35.0,-1,31,35.0
8156,8156,-6878.82215412848,-28204.35277190749,15.0,-1,25,-1.0
8157,8157,20868.532594271663,20073.47499798979,221.0,-1,18,-1.0
8158,8158,-25908.96552291517,-38674.67025361964,268.0,-1,-1,-1.0
8159,8159,-35290.04089504564,-13527.98832464642,415.0,-1,32,38.0
8160,8160,22286.39836773889,-23994.63461339408,362.0,-1,-1,-1.0
8161,8161,3869.083586202498,-4707.286142301069,180.0,-1,-1,-1.0
8162,8162,-3868.946716429222,19719.970796334987,400.0,-1,-1,-1.0
8163,8163,26987.041855356874,24220.811293504616,194.0,-1,-1,-1.0
8164,8164,28662.240189694014,-3189.289062087999,458.0,-1,-1,-1.0
8165,8165,-22449.67441679984,-30569.67854337074,97.0,-1,-1,-1.0
8166,8166,14228.564884625464,-34330.78257233206,249.0,-1,4,-1.0
8167,8167,-17458.485435647784,-33519.16087136758,206.0,-1,-1,-1.0
8168,8168,-26982.59739541381,15765.2818228392,493.0,-1,-1,-1.0
8169,8169,12546.391790076312,5737.82511824934,381.0,-1,-1,-1.0
8170,8170,-17888.66502968645,-17416.587581762862,443.0,-1,-1,-1.0
8171,8171,-16701.72756233314,9173.998165682024,85.0,-1,-1,-1.0
8172,8172,-3911.518373411527,20295.74622254176,465.0,-1,-1,-1.0
8173,8173,-11111.805329384206,22434.583581795043,234.0,-1,-1,-1.0
8174,8174,-27454.76010980882,24029.953776537848,115.0,-1,48,-1.0
8175,8175,3654.3169772216415,25661.26218237572,486.0,-1,48,-1.0
8176,8176,-9411.175453943555,-21967.39817335347,283.0,-1,-1,-1.0
8177,8177,-17193.5200137066,-27079.967135430787,430.0,-1,36,-1.0
8178,8178,-10495.12960653245,-26814.841104032992,310.0,-1,17,-1.0
8179,8179,-4341.21704604636,31024.82878539133,19.0,-1,-1,-1.0
8180,8180,38830.05290573447,26684.277074119516,460.0,-1,-1,-1.0
8181,8181,20953.653575291,-11028.782695135247,395.0,-1,-1,-1.0
8182,8182,30213.4918354791,33170.70875303242,117.0,-1,-1,-1.0
8183,8183,34423.34165527986,27643.37734599963,262.0,-1,-1,-1.0
8184,8184,19919.644919664846,-26137.07499019707,369.0,-1,-1,-1.0
8185,8185,-16221.886069956729,3768.8004311357727,151.0,-1,-1,-1.0
8186,8186,13779.05146434204,-12535.49914561514,58.0,-1,-1,-1.0
8187,8187,2272.228642438655,-16813.978281289696,333.0,-1,31,-1.0
8188,8188,35307.26481829125,-32183.965217463425,306.0,-1,-1,-1.0
8189,8189,730.4232199099279,1118.7231770044457,18.0,-1,-1,-1.0
8190,8190,-14200.82623098028,-14520.942272011252,108.0,-1,-1,-1.0
8191,8191,-18003.73190207908,32554.33233523405,407.0,-1,-1,-1.0
8192,8192,-2921.286061512743,5203.480938527195,267.0,-1,27,-1.0
8193,8193,13359.213172387492,-35074.50679351669,198.0,-1,4,-1.0
8194,8194,22235.75479023373,-15848.25610857938,38.0,-1,45,-1.0
8195,8195,-13495.863325474584,27255.96157128313,353.0,-1,48,61.0
8196,8196,28282.12794388857,20800.702927553877,63.0,-1,-1,-1.0
8197,8197,-12889.050041194238,-1620.526164282026,56.0,-1,-1,-1.0
8198,8198,848.7677358627698,16734.849247113256,397.0,-1,-1,-1.0
8199,8199,-19908.9023894946,14177.16085481672,401.0,-1,-1,-1.0
8200,8200,39275.76398729958,-3479.3937442409733,59.0,-1,-1,-1.0
8201,8201,7957.233572621226,23544.2807395256,478.0,-1,48,-1.0
8202,8202,-23322.35978238569,31277.290371394654,286.0,-1,-1,-1.0
8203,8203,-24472.760812402757,34922.93492181398,34.0,-1,-1,-1.0
8204,8204,-18868.947690902587,-4518.117738829016,464.0,-1,-1,-1.0
8205,8205,32748.744641034864,-22274.08589730832,22.0,-1,45,-1.0
8206,8206,-10124.671481785022,-9878.093051825515,148.0,-1,31,-1.0
8207,8207,-11096.37283338938,-35609.5874936014,420.0,-1,-1,-1.0
8208,8208,11507.883620732588,6570.38157079852,488.0,-1,2,-1.0
8209,8209,-13348.04765676216,23450.47206094632,174.0,-1,-1,-1.0
8210,8210,-19203.02128104116,-22012.95523403207,202.0,-1,-1,-1.0
8211,8211,-23420.281882259496,-5749.991067087591,248.0,-1,-1,-1.0
8212,8212,-33465.218217595335,-9148.564357933928,311.0,-1,-1,-1.0
8213,8213,-13616.590237172377,24299.408349550635,413.0,-1,48,61.0
8214,8214,-15587.246070839312,-27065.582897392087,439.0,-1,-1,-1.0
8215,8215,16300.18265195516,-18705.52917545102,357.0,-1,-1,-1.0
8216,8216,-21479.967241926657,-17992.548144248674,434.0,-1,-1,-1.0
8217,8217,-5151.616200012119,30382.02729163409,455.0,-1,-1,-1.0
8218,8218,37409.71114522302,-39641.26153933339,351.0,-1,-1,-1.0
8219,8219,5576.114729530258,4398.770694351471,285.0,-1,-1,-1.0
8220,8220,26787.14838217567,-14071.238662109316,136.0,-1,45,52.0
8221,8221,-12273.496839557953,11020.073627856298,142.0,-1,-1,-1.0
8222,8222,-21886.6787878171,29320.62130645597,74.0,-1,-1,-1.0
8223,8223,39527.40155360817,-30150.49910047604,154.0,-1,-1,-1.0
8224,8224,-31427.682574664414,23491.984347451697,480.0,-1,-1,-1.0
8225,8225,-35467.03609043192,-28835.43890976989,162.0,-1,20,-1.0
8226,8226,-29417.20643229236,-24187.25681697726,123.0,-1,39,-1.0
8227,8227,30050.669530296203,-17942.006216827045,459.0,-1,-1,-1.0
8228,8228,22042.176892054653,-36775.61640651912,35.0,-1,-1,-1.0
8229,8229,24820.60909801499,-14164.894874984366,462.0,-1,45,-1.0
8230,8230,1386.7052712683944,-9421.305304476642,464.0,-1,31,35.0
8231,8231,19816.01027858165,3331.9976484911967,397.0,-1,-1,-1.0
8232,8232,2043.9488126222057,-36746.24039307797,483.0,-1,-1,-1.0
8233,8233,-6418.8165692498005,7841.287050821928,423.0,-1,-1,-1.0
8234,8234,-14291.859100465716,5876.630785736728,447.0,-1,-1,-1.0
8235,8235,22638.629398704383,38312.59672772716,411.0,-1,-1,-1.0
8236,8236,-22176.193335275664,-7969.024734206407,131.0,-1,-1,-1.0
8237,8237,6713.531471626309,5654.114801620664,399.0,-1,-1,-1.0
8238,8238,9919.892061800958,7976.705814230212,490.0,-1,2,-1.0
8239,8239,28238.82348097517,28834.556742523564,405.0,-1,-1,-1.0
8240,8240,21712.876176043297,14658.130988647936,251.0,-1,-1,-1.0
8241,8241,-14575.098238213095,-30870.76440422216,215.0,-1,-1,-1.0
8242,8242,-34183.8389615395,-36372.603984154586,53.0,-1,19,-1.0
8243,8243,-8211.538065875884,13962.054642763209,27.0,-1,-1,-1.0
8244,8244,-3712.917340114196,-36825.7306479259,51.0,-1,-1,-1.0
8245,8245,21569.76243580416,15918.250359641432,330.0,-1,18,-1.0
8246,8246,-15423.356551300814,-33725.39905702584,282.0,-1,36,-1.0
8247,8247,-7633.59547269321,-11569.259533528006,54.0,-1,-1,-1.0
8248,8248,-30184.499702585257,14190.994040429288,291.0,-1,-1,-1.0
8249,8249,26664.58458835102,-23982.33788462165,339.0,-1,45,-1.0
8250,8250,-3303.6457056039653,-21772.76380799936,403.0,-1,-1,-1.0
8251,8251,-20125.3768337166,12835.761490015968,232.0,-1,-1,-1.0
8252,8252,-39911.86660883125,-35964.444582930206,243.0,-1,-1,-1.0
8253,8253,38411.09179490256,-38850.35454806587,441.0,-1,-1,-1.0
8254,8254,-15250.424139355648,-5527.029536255119,97.0,-1,-1,-1.0
8255,8255,28376.54840319956,9689.642013165794,409.0,-1,-1,-1.0
8256,8256,-14220.851972852488,22364.2828543585,440.0,-1,-1,-1.0
8257,8257,23966.90369975009,-30208.27522598762,71.0,-1,-1,-1.0
8258,8258,9927.97933119058,-14926.712371977152,242.0,-1,-1,-1.0
8259,8259,-16895.656053746705,23248.870248619554,80.0,-1,-1,-1.0
8260,8260,27413.096073809866,17284.279600212874,432.0,-1,-1,-1.0
8261,8261,-32815.12965637851,29327.376951305225,419.0,-1,-1,-1.0
8262,8262,-16149.170117518444,-10474.420047595091,146.0,-1,-1,-1.0
8263,8263,14970.842473733135,-14961.276698645775,119.0,-1,-1,-1.0
8264,8264,-9559.05767063803,-10296.115490905217,158.0,-1,31,-1.0
8265,8265,-27208.71554962032,21696.03928283648,112.0,-1,-1,-1.0
8266,8266,34416.31119659405,17927.412606817154,32.0,-1,-1,-1.0
8267,8267,-25138.05452400227,-28027.425320478666,151.0,-1,38,-1.0
8268,8268,-17625.142721047738,-2979.652021230031,45.0,-1,43,-1.0
8269,8269,10179.13469840256,36919.616331014055,398.0,-1,-1,-1.0
8270,8270,25559.324472839784,36582.660929600825,137.0,-1,-1,-1.0
8271,8271,-19196.638704528144,-35338.98081312845,450.0,-1,12,-1.0
8272,8272,12795.371760004193,-33949.16242065895,356.0,-1,4,-1.0
8273,8273,-22644.89861419593,-20317.968243967767,283.0,-1,-1,-1.0
8274,8274,36649.02204029322,36031.75987083565,469.0,-1,-1,-1.0
8275,8275,-195.80445959009376,-21792.923085116858,104.0,-1,-1,-1.0
8276,8276,-36899.5937509227,-22366.908855053534,309.0,-1,0,-1.0
8277,8277,31296.37229642941,3077.183781576743,489.0,-1,-1,-1.0
8278,8278,-30543.289529187023,-14602.584727399471,78.0,-1,-1,-1.0
8279,8279,38064.00167975911,29126.34631296662,424.0,-1,10,-1.0
8280,8280,34602.59973915128,6724.560680048162,155.0,-1,-1,-1.0
8281,8281,-26128.3107452796,-11140.026731132612,477.0,-1,-1,-1.0
8282,8282,12021.506678234226,22805.02230069129,478.0,-1,-1,-1.0
8283,8283,-9847.831387555798,25951.821954630897,70.0,-1,-1,-1.0
8284,8284,33254.15019311379,-19783.1277761502,425.0,-1,-1,-1.0
8285,8285,-22707.45855138537,13651.25631321026,20.0,-1,-1,-1.0
8286,8286,17855.645450342257,-32021.162979993896,311.0,-1,-1,-1.0
8287,8287,-29629.143152949124,-10774.146834065126,203.0,-1,-1,-1.0
8288,8288,-9741.019969264766,-19002.08847813476,438.0,-1,-1,-1.0
8289,8289,7516.941860215928,39945.33660805515,420.0,-1,-1,-1.0
8290,8290,28263.853453323507,-13815.755408874822,399.0,-1,45,-1.0
8291,8291,-5395.901050383829,-28157.29295018268,447.0,-1,25,-1.0
8292,8292,-27692.07162775146,9336.342041062242,205.0,-1,-1,-1.0
8293,8293,-2978.1470783854456,9776.121317899177,463.0,-1,-1,-1.0
8294,8294,-35899.621120172524,-33600.06423080675,204.0,-1,20,-1.0
8295,8295,-29801.07842015405,-18116.6948301224,447.0,-1,-1,-1.0
8296,8296,-18921.02805824222,-3467.117013753196,134.0,-1,43,-1.0
8297,8297,30280.140877985672,-5426.207880001013,190.0,-1,-1,-1.0
8298,8298,-23314.573997057887,25957.29350655251,306.0,-1,48,-1.0
8299,8299,11491.695843866022,-2986.76048391105,353.0,-1,-1,-1.0
8300,8300,-27262.70056010258,8107.735628092501,453.0,-1,-1,-1.0
8301,8301,-39625.46798759315,1624.345384080094,330.0,-1,-1,-1.0
8302,8302,12118.218990029098,-36351.2087559183,178.0,-1,4,-1.0
8303,8303,31241.99856174189,9781.33636977397,342.0,-1,-1,-1.0
8304,8304,3900.087364325147,-468.0385718369289,184.0,-1,-1,-1.0
8305,8305,37199.59350347372,-17180.12088724681,499.0,-1,-1,-1.0
8306,8306,-34846.55414184223,10348.102793038182,172.0,-1,-1,-1.0
8307,8307,-13987.99536282551,-38362.95689921206,71.0,-1,-1,-1.0
8308,8308,-14295.455649627344,10278.820946882806,343.0,-1,-1,-1.0
8309,8309,-19472.76703148912,-20923.39241486882,295.0,-1,36,-1.0
8310,8310,25922.026637870036,-36309.17313621157,78.0,-1,-1,-1.0
8311,8311,-36487.164311133296,21988.3414621046,213.0,-1,23,-1.0
8312,8312,-16987.51221285969,34455.3018343663,158.0,-1,-1,-1.0
8313,8313,21536.49667753352,25472.006237274945,205.0,-1,-1,-1.0
8314,8314,-35931.12327088358,24343.3468126334,27.0,-1,-1,-1.0
8315,8315,9693.162484385888,26909.68987388487,415.0,-1,-1,-1.0
8316,8316,-30061.06948740306,-3575.8703729725894,380.0,-1,41,47.0
8317,8317,30314.01158976926,31846.060797892496,148.0,-1,-1,-1.0
8318,8318,20359.44711759135,13169.06108208748,405.0,-1,-1,-1.0
8319,8319,26090.284542787325,-17794.354372510472,349.0,-1,45,-1.0
8320,8320,-2943.268968359844,10091.791461722052,225.0,-1,-1,-1.0
8321,8321,-2681.055701091922,7101.889580839168,469.0,-1,27,-1.0
8322,8322,9714.14000489736,-1308.389813149617,86.0,-1,-1,-1.0
8323,8323,-4620.239594058403,7579.228312898849,351.0,-1,-1,-1.0
8324,8324,-4898.917486187056,35398.15753879606,347.0,-1,48,-1.0
8325,8325,-9140.258679874602,9278.713136808954,151.0,-1,-1,-1.0
8326,8326,31095.071638584268,-8862.798054678071,84.0,-1,-1,-1.0
8327,8327,-15560.404709731489,-34280.583520338,91.0,-1,36,-1.0
8328,8328,-18794.3385006834,35982.809691126386,352.0,-1,-1,-1.0
8329,8329,-29029.246417566803,18198.11583042148,491.0,-1,40,-1.0
8330,8330,11066.416935127883,30698.533739073013,20.0,-1,-1,-1.0
8331,8331,-6211.615436487613,36875.76743523225,379.0,-1,-1,-1.0
8332,8332,-27549.6891861903,9215.76420111228,461.0,-1,-1,-1.0
8333,8333,16016.799522436037,-34853.83195005616,97.0,-1,-1,-1.0
8334,8334,-36815.50644694143,7959.736312865272,353.0,-1,24,-1.0
8335,8335,-25185.54253406699,20710.3054485893,162.0,-1,37,-1.0
8336,8336,34933.32465319232,-4131.415752218723,267.0,-1,-1,-1.0
8337,8337,-27366.872856816663,31304.10993634796,139.0,-1,-1,-1.0
8338,8338,13127.631912476269,-34588.60151201952,270.0,-1,4,-1.0
8339,8339,30426.2647793137,-36104.05088231844,476.0,-1,-1,-1.0
8340,8340,30581.4060021731,15905.71690834232,107.0,-1,-1,-1.0
8341,8341,-135.17318604794127,-27342.803549333352,417.0,-1,25,-1.0
8342,8342,-26810.63089033072,-14408.450339894936,210.0,-1,-1,-1.0
8343,8343,6612.03856371728,-26945.67594160139,53.0,-1,31,35.0
8344,8344,29246.53007550098,-1493.746722752374,411.0,-1,33,-1.0
8345,8345,27022.3753749772,-5963.676692656474,395.0,-1,-1,-1.0
8346,8346,-11260.948261354082,-10556.228245137128,466.0,-1,-1,-1.0
8347,8347,5153.321477260986,6198.164713895836,478.0,-1,-1,-1.0
8348,8348,25931.719471903954,23495.656294175424,214.0,-1,18,-1.0
8349,8349,-26068.619306801826,5498.949143709622,22.0,-1,-1,-1.0
8350,8350,20144.118312914517,-1909.2090013660272,366.0,-1,-1,-1.0
8351,8351,-36181.41473611612,-7648.467102844075,349.0,13,32,38.0
8352,8352,-36299.83967206555,-7626.152647332173,350.0,13,32,38.0
8353,8353,-36229.65404118965,-7738.6395657408,350.0,13,32,38.0
8354,8354,-36222.78502986584,-7786.553762343371,352.0,13,32,38.0
8355,8355,-36227.62955399503,-7864.867773137388,353.0,13,32,38.0
8356,8356,-36321.64247224628,-7857.178922980949,354.0,13,32,38.0
8357,8357,-36449.341048916,-7872.038869939599,355.0,13,32,38.0
8358,8358,-36403.194721951535,-7883.470166549523,355.0,13,32,38.0
8359,8359,-36510.97634940854,-7890.621996252856,356.0,13,32,38.0
8360,8360,-36517.27771346112,-8022.281032095548,357.0,13,32,38.0
8361,8361,-36499.19346968031,-8016.699837036435,357.0,13,32,38.0
8362,8362,-36576.87936219078,-8115.372021601505,360.0,13,32,38.0
8363,8363,-36581.50226328762,-8227.858685985182,361.0,13,32,38.0
8364,8364,-36568.69851597108,-8311.787255146248,362.0,13,32,38.0
8365,8365,-36568.15762565188,-8333.281387845422,362.0,13,32,38.0
8366,8366,-36597.594681266375,-8314.010521745318,362.0,13,32,38.0
8367,8367,-36663.00029020989,-8344.805464272617,363.0,13,32,38.0
8368,8368,-36718.7057425763,-8434.694152418211,364.0,13,32,38.0
8369,8369,-36715.622057673965,-8522.374707239718,366.0,13,32,38.0
8370,8370,-36843.04184823368,-8469.416523459535,366.0,13,32,38.0
8371,8371,-36786.343071692594,-8562.124215239643,367.0,13,32,38.0
8372,8372,-36779.16009728246,-8613.242981492553,367.0,13,32,38.0
8373,8373,-36801.37190359328,-8596.735891352328,367.0,13,32,38.0
8374,8374,-36894.46585624972,-8644.121543359162,369.0,13,32,38.0
8375,8375,-36825.63382951901,-8636.8203188508,369.0,13,32,38.0
8376,8376,-36819.63043406792,-8677.29297565337,369.0,13,32,38.0
8377,8377,-36759.36652122331,-8685.060628716417,370.0,13,32,38.0
8378,8378,-36817.392565943264,-8746.94993163013,371.0,13,32,38.0
8379,8379,-36715.43725288773,-8773.693214727304,372.0,13,32,38.0
8380,8380,-36774.14066768999,-8893.88361844382,374.0,13,32,38.0
8381,8381,-36889.88142948788,-8894.487633280009,375.0,13,32,38.0
8382,8382,-36806.6415622956,-9010.431581848025,375.0,13,32,38.0
8383,8383,-36820.56140209751,-8947.526653731204,375.0,13,32,38.0
8384,8384,-36837.72488411728,-8953.095037348507,375.0,13,32,38.0
8385,8385,-36932.00803008248,-9017.25235413221,376.0,13,32,38.0
8386,8386,-36812.73455458256,-9041.498283358053,376.0,13,32,38.0
8387,8387,-36850.52196871449,-9141.389349058374,378.0,13,32,38.0
8388,8388,-36822.07227340136,-9225.16813007334,379.0,13,32,38.0
8389,8389,-36912.36791342784,-9194.604537255693,379.0,13,32,38.0
8390,8390,-36942.46370317379,-9187.00451973084,379.0,13,32,38.0
8391,8391,-36959.96025996168,-9221.115094009863,380.0,13,32,38.0
8392,8392,-36862.58232442923,-9306.093008410202,380.0,13,32,38.0
8393,8393,-36838.67241554697,-9336.078745944433,383.0,13,32,38.0
8394,8394,-36827.10746483554,-9448.46751274164,386.0,13,32,38.0
8395,8395,-36933.78424869709,-9368.323840465911,386.0,13,32,38.0
8396,8396,-36900.85193908461,-9511.885920310551,388.0,13,32,38.0
8397,8397,-36826.79515746314,-9468.04570343542,388.0,13,32,38.0
8398,8398,-36909.84209536765,-9585.94030905813,389.0,13,32,38.0
8399,8399,-36952.17133836626,-9532.7223877333,389.0,13,32,38.0
8400,8400,-36949.91236695638,-9507.634839528311,389.0,13,32,38.0
8401,8401,-36949.69740490967,-9621.726581905648,391.0,13,32,38.0
8402,8402,-36895.94611863785,-9712.9292251344,396.0,13,32,38.0
8403,8403,-37042.81664459271,-9626.5263775471,396.0,13,32,38.0
8404,8404,-36913.800352357,-9773.353875120602,397.0,13,32,38.0
8405,8405,-36904.54439836306,-9874.663654669352,402.0,13,32,38.0
8406,8406,-36975.96688935091,-9827.66171540068,402.0,13,32,38.0
8407,8407,-36984.07475493911,-9955.911317908553,407.0,13,32,38.0
8408,8408,-37102.5581829272,-9949.179454642088,408.0,13,32,38.0
8409,8409,-37036.2909703752,-10037.792730171785,408.0,13,32,38.0
8410,8410,-37116.66554495228,-10067.395869119597,411.0,13,32,38.0
8411,8411,-37093.007438706845,-10143.957288797052,416.0,13,32,38.0
8412,8412,-37211.37954935232,-10039.299249457576,416.0,13,32,38.0
8413,8413,-37157.74456398087,-10152.728494423764,416.0,13,32,38.0
8414,8414,-37157.73465994534,-10201.68250492985,417.0,13,32,38.0
8415,8415,-37023.55977473291,-10203.053197464076,417.0,13,32,38.0
8416,8416,-37049.68369523994,-10250.58742068927,417.0,13,32,38.0
8417,8417,-37063.07999246504,-10324.199028294068,418.0,13,32,38.0
8418,8418,-37035.10594472019,-10252.57960304249,420.0,13,32,38.0
8419,8419,-37096.33782071163,-10390.821513322657,420.0,13,32,38.0
8420,8420,-37112.02286078253,-10409.711886131316,420.0,13,32,38.0
8421,8421,-37049.3100983378,-10467.87248893472,420.0,13,32,38.0
8422,8422,-37194.800185271575,-10487.758003727433,421.0,13,32,38.0
8423,8423,-37103.17480578473,-10274.90156939279,422.0,13,32,38.0
8424,8424,-37107.41520320916,-10235.830316246169,422.0,13,32,38.0
8425,8425,-37196.105052018174,-10591.527343514235,422.0,13,32,38.0
8426,8426,-37139.31989498616,-10338.152449161724,425.0,13,32,38.0
8427,8427,-37122.623516541214,-10439.27594108333,426.0,13,32,38.0
8428,8428,-37161.35262223278,-10449.68066063156,426.0,13,32,38.0
8429,8429,-37140.165103698055,-10407.242541759771,426.0,13,32,38.0
8430,8430,-37129.682126685984,-10624.737657227945,426.0,13,32,38.0
8431,8431,-37134.890900875456,-10513.58537014625,427.0,13,32,38.0
8432,8432,-37203.43739190984,-10553.934517574233,428.0,13,32,38.0
8433,8433,-37104.406635408806,-10603.261300403828,428.0,13,32,38.0
8434,8434,-37062.80890445666,-10710.516647487364,428.0,13,32,38.0
8435,8435,-37004.84928810209,-10675.259141682129,428.0,13,32,38.0
8436,8436,-36993.66485008103,-10749.094194169526,430.0,13,32,38.0
8437,8437,-37127.381641394335,-10630.687756539124,431.0,13,32,38.0
8438,8438,-37129.66914875682,-10738.962343662146,432.0,13,32,38.0
8439,8439,-37213.06455493268,-10830.475331954683,433.0,13,32,38.0
8440,8440,-37040.68627285694,-10809.87689893804,433.0,13,32,38.0
8441,8441,-37102.35758404135,-10850.816098707868,433.0,13,32,38.0
8442,8442,-36976.33386829783,-10841.67459804834,434.0,13,32,38.0
8443,8443,-37107.26210037411,-10913.938251535164,436.0,13,32,38.0
8444,8444,-37203.75994323087,-10925.729104580589,436.0,13,32,38.0
8445,8445,-36919.0440667851,-10925.140876636022,436.0,13,32,38.0
8446,8446,-37164.98578913237,-11016.733778003883,437.0,13,32,38.0
8447,8447,-36974.67175344853,-10947.771205549756,437.0,13,32,38.0
8448,8448,-36913.55027502726,-10998.561076683687,437.0,13,32,38.0
8449,8449,-37223.75486847534,-11098.894671300595,438.0,13,32,38.0
8450,8450,-37171.76044219376,-11184.388410652233,440.0,13,32,38.0
8451,8451,-36914.17259934662,-11086.03512303682,440.0,13,32,38.0
8452,8452,-36962.097740918565,-11161.191586911067,441.0,13,32,38.0
8453,8453,-36871.84994110644,-11132.668475681668,441.0,13,32,38.0
8454,8454,-37071.30565588347,-11253.057766020063,442.0,13,32,38.0
8455,8455,-36857.62531545807,-11229.910195121922,442.0,13,32,38.0
8456,8456,-36823.54319786644,-11223.76650502176,442.0,13,32,38.0
8457,8457,-37066.59573860343,-11361.392903941432,443.0,13,32,38.0
8458,8458,-37162.64132330973,-11257.346142335937,443.0,13,32,38.0
8459,8459,-37010.07621365349,-11286.306935297103,443.0,13,32,38.0
8460,8460,-37149.78669285842,-11361.565683044664,444.0,13,32,38.0
8461,8461,-36806.45022970212,-11303.668137300208,444.0,13,32,38.0
8462,8462,-36715.88316978543,-11341.176284552312,445.0,13,32,38.0
8463,8463,-37212.32660750482,-11426.786872817393,446.0,13,32,38.0
8464,8464,-36705.65922765313,-11431.712847062652,446.0,13,32,38.0
8465,8465,-36644.635870568665,-11513.952668858365,448.0,13,32,38.0
8466,8466,-37249.099481631056,-11484.213950605932,449.0,13,32,38.0
8467,8467,-37304.11737659567,-11389.026035453686,449.0,13,32,38.0
8468,8468,-37248.48273313335,-11495.748759930264,449.0,13,32,38.0
8469,8469,-36688.10466033132,-11605.899321130995,449.0,13,32,38.0
8470,8470,-36677.38459780853,-11712.094530837958,450.0,13,32,38.0
8471,8471,-36565.2450859237,-11696.552367228069,451.0,13,32,38.0
8472,8472,-36704.2489127625,-11758.407094253913,451.0,13,32,38.0
8473,8473,-36649.31120216497,-11805.697169778294,451.0,13,32,38.0
8474,8474,-36578.13153258754,-11820.939701880958,452.0,13,32,38.0
8475,8475,-36563.96098879918,-11836.095542438205,452.0,13,32,38.0
8476,8476,-36724.74965777448,-11850.82371959912,452.0,13,32,38.0
8477,8477,-37223.70089014568,-11533.382773981337,453.0,13,32,38.0
8478,8478,-37299.55368690025,-11528.527736694865,453.0,13,32,38.0
8479,8479,-36592.55130524655,-11906.275020456334,453.0,13,32,38.0
8480,8480,-36629.40001394697,-11924.82729708675,453.0,13,32,38.0
8481,8481,-36528.96292722539,-11957.535098481016,455.0,13,32,38.0
8482,8482,-36535.918593236056,-11949.250617938074,455.0,13,32,38.0
8483,8483,-37307.55421849711,-11596.522297721103,456.0,13,32,38.0
8484,8484,-36557.56633229266,-12030.129923565024,456.0,13,32,38.0
8485,8485,-36583.4724534888,-12033.144839632569,456.0,13,32,38.0
8486,8486,-36539.45727157653,-12055.913590268776,456.0,13,32,38.0
8487,8487,-37316.84842078975,-11688.052928419303,457.0,13,32,38.0
8488,8488,-37389.78826964212,-11695.552933811128,457.0,13,32,38.0
8489,8489,-36554.47869829305,-12102.65643882436,458.0,13,32,38.0
8490,8490,-36475.04563431689,-12111.638324344776,458.0,13,32,38.0
8491,8491,-37423.1362468439,-11754.3997248422,459.0,13,32,38.0
8492,8492,-37289.26399421752,-11730.152371011349,459.0,13,32,38.0
8493,8493,-37339.514334279,-11827.482006864746,459.0,13,32,38.0
8494,8494,-36500.40743813426,-12180.985710396286,459.0,13,32,38.0
8495,8495,-37400.42799594089,-11845.43209751913,460.0,13,32,38.0
8496,8496,-37267.67956420336,-11837.445084277557,460.0,13,32,38.0
8497,8497,-36511.93749044519,-12290.87184047506,460.0,13,32,38.0
8498,8498,-37362.50625011919,-11751.850465782249,461.0,13,32,38.0
8499,8499,-37397.54508917549,-11941.212540013415,461.0,13,32,38.0
8500,8500,-37363.25479572254,-11937.326991899072,462.0,13,32,38.0
8501,8501,-37455.853720094594,-11982.798626613614,463.0,13,32,38.0
8502,8502,-36592.71187460671,-12321.828352333298,463.0,13,32,38.0
8503,8503,-37507.586100223496,-12065.229491468075,464.0,13,32,38.0
8504,8504,-37600.59682215773,-12022.19286805474,465.0,13,32,38.0
8505,8505,-37614.96423627853,-12052.066943193146,465.0,13,32,38.0
8506,8506,-36546.73005702786,-12452.6135426539,465.0,13,32,38.0
8507,8507,-30026.30092202802,8371.404048032215,80.0,-1,-1,-1.0
8508,8508,21094.08056744162,-11876.266246334037,160.0,-1,-1,-1.0
8509,8509,29231.340583342306,32127.840771896983,308.0,-1,-1,-1.0
8510,8510,-10255.819989992404,25539.458418524824,41.0,-1,-1,-1.0
8511,8511,26233.745647227435,28170.59444803357,253.0,-1,-1,-1.0
8512,8512,39234.26796813129,39547.952468847536,31.0,-1,-1,-1.0
8513,8513,17930.76373661783,-19455.222027786534,304.0,-1,-1,-1.0
8514,8514,-12201.7633375601,-18226.606201332197,249.0,-1,31,-1.0
8515,8515,38623.54305408741,4058.681380956397,40.0,-1,28,-1.0
8516,8516,25867.428358183708,-5690.170645728351,327.0,-1,-1,-1.0
8517,8517,-1033.5439425573932,-8379.420884707135,227.0,-1,31,-1.0
8518,8518,-36939.8235113237,-9103.367935139886,113.0,-1,32,38.0
8519,8519,22095.640194774554,-11899.567569228251,281.0,-1,-1,-1.0
8520,8520,-26777.70204572778,4618.477453658081,204.0,-1,-1,-1.0
8521,8521,-17813.68165217656,8224.170612798844,437.0,-1,-1,-1.0
8522,8522,-24325.97273434369,24801.0612819545,348.0,-1,48,-1.0
8523,8523,-26476.20063463469,-13066.187867859291,129.0,-1,-1,-1.0
8524,8524,-30277.309086724475,20674.78986711223,75.0,-1,-1,-1.0
8525,8525,-622.7086899987116,1440.3684829900085,139.0,-1,22,-1.0
8526,8526,-167.13485554266663,3228.2310345074147,429.0,-1,-1,-1.0
8527,8527,-1004.84201110946,19608.46915827852,246.0,-1,46,-1.0
8528,8528,38082.37662022638,-33604.26356748778,439.0,-1,-1,-1.0
8529,8529,-8504.343064112236,32750.914806565183,353.0,-1,-1,-1.0
8530,8530,-11902.343658835478,-4819.069031231782,325.0,-1,-1,-1.0
8531,8531,-35866.0225146477,34446.8316033859,368.0,-1,-1,-1.0
8532,8532,13430.795743372311,-26485.924697367835,34.0,-1,3,-1.0
8533,8533,-28840.398594151404,24441.15555402377,418.0,-1,-1,-1.0
8534,8534,-4942.822414822032,-37487.61588465388,48.0,-1,-1,-1.0
8535,8535,36633.57535650784,4966.583476976841,144.0,-1,28,-1.0
8536,8536,22531.226294115026,11932.565368760326,4.0,-1,16,-1.0
8537,8537,-38227.12172482987,-21099.177463709057,326.0,-1,0,-1.0
8538,8538,-1714.7224829711413,11861.904662327142,405.0,-1,-1,-1.0
8539,8539,-3141.0362713256327,8184.933455682556,217.0,-1,27,-1.0
8540,8540,-28893.26003026298,30103.102180406684,412.0,-1,-1,-1.0
8541,8541,14421.14868495686,18450.24851351644,203.0,-1,-1,-1.0
8542,8542,-23885.95089443404,-16931.16098584226,337.0,-1,-1,-1.0
8543,8543,-11759.263738388245,39816.49009557367,157.0,-1,-1,-1.0
8544,8544,31312.815148289592,16778.540267331817,160.0,-1,-1,-1.0
8545,8545,-30576.35757302336,11967.384817201542,473.0,-1,-1,-1.0
8546,8546,-2750.4737342954395,-18737.60813129124,357.0,-1,-1,-1.0
8547,8547,15452.345113929348,15387.81624473483,160.0,-1,-1,-1.0
8548,8548,-13364.639415236636,-27398.40263726161,352.0,-1,17,-1.0
8549,8549,16610.42092946481,-18602.910589777865,52.0,-1,-1,-1.0
8550,8550,7173.429997912739,-19545.679165789512,372.0,-1,-1,-1.0
8551,8551,11271.712489323218,32856.45899136942,96.0,-1,47,-1.0
8552,8552,-28190.52251544844,25628.939635650488,242.0,-1,-1,-1.0
8553,8553,5118.682241609444,-33705.79690392791,91.0,-1,1,-1.0
8554,8554,-29184.302943745657,-20458.853263090557,498.0,-1,39,-1.0
8555,8555,23603.362676164936,5942.025786760554,292.0,-1,-1,-1.0
8556,8556,1345.6343627944516,-13993.431233292393,335.0,-1,31,35.0
8557,8557,10593.534654369272,158.3025169356115,153.0,-1,-1,-1.0
8558,8558,-39036.30226952752,-13288.834913291848,1.0,-1,-1,-1.0
8559,8559,-35186.129167232866,-30027.826509539475,414.0,-1,-1,-1.0
8560,8560,4144.301803890361,28117.137376371,435.0,-1,48,-1.0
8561,8561,-31128.67178599828,-37453.63580605595,466.0,-1,-1,-1.0
8562,8562,-15586.58591277073,-35270.777792982626,353.0,-1,-1,-1.0
8563,8563,-32820.95076013592,38783.00730793898,83.0,-1,-1,-1.0
8564,8564,-34055.00913392458,10618.26736457106,20.0,-1,24,-1.0
8565,8565,-18928.008871405204,8491.733559825116,175.0,-1,-1,-1.0
8566,8566,11741.62413655586,-28675.199275980416,140.0,-1,-1,-1.0
8567,8567,-28440.530172784805,-25857.23389682616,370.0,-1,-1,-1.0
8568,8568,5934.361124160911,5654.14408708243,474.0,-1,-1,-1.0
8569,8569,14250.449533398889,22990.890566026326,179.0,-1,-1,-1.0
8570,8570,27213.68650079456,-31516.67698749333,96.0,-1,-1,-1.0
8571,8571,9261.547461387876,28587.421488092645,215.0,-1,-1,-1.0
8572,8572,-2513.8729148187413,20592.02029531608,142.0,-1,-1,-1.0
8573,8573,-2275.2659653768933,-38787.66415434933,36.0,-1,-1,-1.0
8574,8574,22578.692108740644,25859.354100896744,177.0,-1,-1,-1.0
8575,8575,-2762.8676667342297,-38417.75043632413,100.0,-1,-1,-1.0
8576,8576,37651.92120750158,20629.67371118928,121.0,-1,28,-1.0
8577,8577,25249.2321939538,37044.9825950328,132.0,-1,30,-1.0
8578,8578,27261.59617716966,-38847.89296214314,198.0,-1,-1,-1.0
8579,8579,36145.233086819455,-37241.114484763246,488.0,-1,21,-1.0
8580,8580,-273.1141487138448,5027.241965028945,241.0,-1,27,-1.0
8581,8581,-8138.421604048646,-13335.761371930072,374.0,-1,-1,-1.0
8582,8582,17586.2238773641,-21230.998292670585,286.0,-1,-1,-1.0
8583,8583,-32105.714613226137,13291.165836984184,287.0,-1,-1,-1.0
8584,8584,5490.786045271161,8788.75411277204,60.0,-1,-1,-1.0
8585,8585,-38948.41995195072,-38472.4190130944,386.0,-1,19,-1.0
8586,8586,-22559.51070161095,-6481.399906263068,374.0,-1,-1,-1.0
8587,8587,1849.2752194965144,407.418495410966,442.0,-1,-1,-1.0
8588,8588,-9241.816832142762,15502.394392435495,441.0,-1,-1,-1.0
8589,8589,-33614.16620396641,7484.907489793783,266.0,-1,24,-1.0
8590,8590,5839.489330736826,16914.905836780585,236.0,-1,-1,-1.0
8591,8591,11303.375972864967,17916.509561099883,316.0,-1,-1,-1.0
8592,8592,855.6933983342678,-15217.2163526041,213.0,-1,31,-1.0
8593,8593,30763.389852473192,9141.270902647731,445.0,-1,-1,-1.0
8594,8594,12000.067377547535,38198.273054426056,252.0,-1,-1,-1.0
8595,8595,-12617.484235952556,-23591.56598571862,139.0,-1,-1,-1.0
8596,8596,-37359.16987952532,-10304.285742904389,321.0,-1,32,38.0
8597,8597,-34756.793286640735,-6467.690231648834,71.0,-1,-1,-1.0
8598,8598,28163.51541770768,26735.66179154841,183.0,-1,-1,-1.0
8599,8599,22558.317415751226,-2183.6330249715397,419.0,-1,44,-1.0
8600,8600,5956.6512821278375,-11580.487868861435,410.0,-1,31,-1.0
8601,8601,-5528.779392814933,-21377.13074834477,213.0,-1,7,-1.0
8602,8602,16246.908582073578,25591.746441925105,346.0,-1,9,-1.0
8603,8603,14209.293553382922,1297.6086703096007,423.0,-1,2,-1.0
8604,8604,29547.975861354324,-25546.681980127745,123.0,-1,45,-1.0
8605,8605,31828.9617806249,-29996.519213583764,460.0,-1,-1,-1.0
8606,8606,-39842.83557312904,-11030.137024693777,319.0,-1,-1,-1.0
8607,8607,-16874.189021710667,-28097.903263275468,132.0,-1,36,42.0
8608,8608,25132.83895775408,-32148.163728202715,494.0,-1,-1,-1.0
8609,8609,-36063.84491337725,-2112.2216529743746,346.0,-1,-1,-1.0
8610,8610,33393.18985869821,-33100.69253094602,368.0,-1,-1,-1.0
8611,8611,29525.022276992488,-27088.777576186665,107.0,-1,-1,-1.0
8612,8612,22828.94750263761,6209.534921366758,448.0,-1,-1,-1.0
8613,8613,-7888.186314847473,-1664.9321794149946,497.0,-1,-1,-1.0
8614,8614,29491.662871286,-17470.252722380344,173.0,-1,-1,-1.0
8615,8615,37060.97207780977,38958.14836383432,4.0,-1,-1,-1.0
8616,8616,6634.832600557653,-24538.615032609607,331.0,-1,31,-1.0
8617,8617,-3546.6595267692755,24226.70150716423,395.0,-1,-1,-1.0
8618,8618,-25771.712587934817,26605.545895802265,140.0,-1,-1,-1.0
8619,8619,21352.151491057964,-5255.801112158282,29.0,-1,44,-1.0
8620,8620,17055.695104742983,-5295.936828944447,218.0,-1,-1,-1.0
8621,8621,-22057.600544555156,1015.9946524001208,222.0,-1,-1,-1.0
8622,8622,3054.9230418998413,-11402.845723186354,288.0,-1,-1,-1.0
8623,8623,-32225.38867262141,-20987.08899702341,202.0,-1,-1,-1.0
8624,8624,24700.278590413465,28386.601083854664,342.0,-1,-1,-1.0
8625,8625,-10484.985794451695,-39431.969921788186,62.0,-1,-1,-1.0
8626,8626,-11562.276377844264,-27124.30439562043,226.0,-1,17,-1.0
8627,8627,2672.029588621772,577.7614533490487,44.0,-1,-1,-1.0
8628,8628,-36502.84021612644,-29919.03583288501,287.0,-1,20,-1.0
8629,8629,19388.156395009268,28737.54893446366,257.0,-1,30,-1.0
8630,8630,-20128.2186961968,21370.58589499248,311.0,-1,-1,-1.0
8631,8631,-39573.64920963944,-8394.83650412758,56.0,-1,-1,-1.0
8632,8632,1865.3098676416705,-20975.042343712725,250.0,-1,31,-1.0
8633,8633,9102.916908187595,2694.67332166226,225.0,-1,-1,-1.0
8634,8634,37445.44007515709,32949.55536368185,439.0,-1,10,-1.0
8635,8635,20978.98538859855,38959.43759519761,253.0,-1,-1,-1.0
8636,8636,9653.571789854655,-12302.114649529887,2.0,-1,-1,-1.0
8637,8637,15989.562822619948,10433.31422246687,233.0,-1,-1,-1.0
8638,8638,30222.48385807249,37292.29262576088,199.0,-1,11,-1.0
8639,8639,-9225.48962080066,-12143.199829571837,410.0,-1,31,-1.0
8640,8640,-9767.190566153702,-14239.602893720305,79.0,-1,31,-1.0
8641,8641,-39202.61020941361,-14719.560498043753,114.0,-1,-1,-1.0
8642,8642,33105.875079354926,-10787.908195006705,196.0,-1,-1,-1.0
8643,8643,1563.743791265304,-24689.51849167045,210.0,-1,-1,-1.0
8644,8644,11109.69576877298,24651.56246169343,381.0,-1,48,-1.0
8645,8645,26974.92064572248,-16069.981477412157,11.0,-1,45,-1.0
8646,8646,-4580.926692602203,-23636.384399827843,339.0,-1,-1,-1.0
8647,8647,-39010.88176183122,-11349.987879881655,397.0,-1,-1,-1.0
8648,8648,8101.53382238069,17543.83821116988,85.0,-1,8,-1.0
8649,8649,16063.372402123314,-9861.913123360591,376.0,-1,-1,-1.0
8650,8650,-16415.320462969627,5978.115964139884,78.0,-1,26,-1.0
8651,8651,-24223.098331244408,24265.20241443342,107.0,-1,-1,-1.0
8652,8652,-8528.188443727257,7771.805142982987,467.0,-1,27,-1.0
8653,8653,-3812.293103317345,33535.31094729371,187.0,-1,48,-1.0
8654,8654,796.1931574015325,-32161.710897993875,476.0,-1,-1,-1.0
8655,8655,-27662.68532810967,-6311.400383011882,440.0,-1,-1,-1.0
8656,8656,16394.414148781398,4459.784123203135,159.0,-1,2,-1.0
8657,8657,-39019.35295365889,-10896.940360627144,267.0,-1,-1,-1.0
8658,8658,8406.976720469778,-37105.60514677712,107.0,-1,1,-1.0
8659,8659,3136.897604136364,-31075.058414202424,492.0,-1,-1,-1.0
8660,8660,13626.86078334767,24250.554110458404,125.0,-1,-1,-1.0
8661,8661,-34691.89933367484,12332.07505871565,400.0,-1,-1,-1.0
8662,8662,32186.761897690376,38721.920600679805,257.0,-1,-1,-1.0
8663,8663,20881.426242910275,-5896.866443340281,488.0,-1,44,-1.0
8664,8664,20736.98575875294,-24996.30272063657,85.0,-1,-1,-1.0
8665,8665,-39562.23349646538,15578.61779528614,174.0,-1,-1,-1.0
8666,8666,11609.534580149346,15065.96872238932,7.0,-1,-1,-1.0
8667,8667,15750.967467076654,32149.13702949723,11.0,-1,-1,-1.0
8668,8668,-24872.27000325268,8987.754125277053,424.0,-1,-1,-1.0
8669,8669,29676.86975240585,-8999.386067941887,468.0,-1,-1,-1.0
8670,8670,3688.063589206256,-31183.88181982724,336.0,-1,-1,-1.0
8671,8671,37529.47786356376,17208.199119918398,200.0,-1,-1,-1.0
8672,8672,11035.836382836198,-22102.20972613225,239.0,-1,-1,-1.0
8673,8673,29978.71448554929,-21882.18666186408,318.0,-1,45,51.0
8674,8674,-21691.35503211612,3599.7934185256163,27.0,-1,-1,-1.0
8675,8675,-4111.876401725371,4670.032135760994,427.0,-1,27,-1.0
8676,8676,-26242.495256804643,-4206.89464900233,387.0,-1,-1,-1.0
8677,8677,-9587.732221251244,-9532.61926848022,473.0,-1,31,-1.0
8678,8678,-25763.894398111563,1683.3565490460896,251.0,-1,41,-1.0
8679,8679,29722.373352545823,-8705.765842500747,34.0,-1,-1,-1.0
8680,8680,-24490.17822951089,16519.05984022365,384.0,-1,-1,-1.0
8681,8681,-1921.569890453742,7868.253367465273,212.0,-1,27,-1.0
8682,8682,-23727.42310978976,-22552.173632291717,175.0,-1,-1,-1.0
8683,8683,14311.440884119693,-468.56531210415415,122.0,-1,-1,-1.0
8684,8684,-3640.381637213112,-6701.127709496592,432.0,-1,-1,-1.0
8685,8685,-39095.98012965228,355.45415648497146,95.0,-1,-1,-1.0
8686,8686,25244.56459618034,229.3713614291701,89.0,-1,-1,-1.0
8687,8687,26289.439117404152,-37086.88029680382,190.0,-1,-1,-1.0
8688,8688,-31225.58290358721,-8517.89831093459,104.0,-1,41,47.0
8689,8689,3052.8874602869982,-8894.650482725847,425.0,-1,-1,-1.0
8690,8690,34308.554311002095,10821.454919970269,208.0,-1,28,-1.0
8691,8691,24196.53578120268,-30135.407741076797,298.0,-1,-1,-1.0
8692,8692,-9586.935772400098,29646.714882063665,24.0,-1,-1,-1.0
8693,8693,-2844.3800516995034,4562.758882607493,20.0,-1,27,-1.0
8694,8694,-9886.253093564925,-3733.386805016242,286.0,-1,-1,-1.0
8695,8695,31526.78134526094,-28116.712295460864,133.0,-1,-1,-1.0
8696,8696,-21070.24504959935,-24105.302885960096,320.0,-1,36,-1.0
8697,8697,35768.61620986098,11769.556509406866,24.0,-1,28,-1.0
8698,8698,28741.20589590707,21332.83688767201,360.0,-1,28,-1.0
8699,8699,15625.423777296795,-10652.04490880733,259.0,-1,-1,-1.0
8700,8700,5899.263002176063,12819.224819350651,9.0,-1,-1,-1.0
8701,8701,-20884.36852859076,36950.59950067541,15.0,-1,-1,-1.0
8702,8702,32468.247645294323,-8388.310486819952,137.0,-1,-1,-1.0
8703,8703,5860.80980668954,-9326.692968958934,292.0,-1,31,-1.0
8704,8704,3275.8551869264265,-7369.802950308716,179.0,-1,-1,-1.0
8705,8705,32907.89901229361,13120.588215628091,443.0,-1,28,-1.0
8706,8706,-209.4519080618993,24547.603009223363,34.0,-1,-1,-1.0
8707,8707,-26856.65547071457,-23722.07254042559,259.0,-1,-1,-1.0
8708,8708,591.4024339973694,-25854.19555417463,32.0,-1,25,-1.0
8709,8709,4739.288865471521,2468.1112682392995,230.0,-1,14,-1.0
8710,8710,-19674.30299419868,37560.28003699482,486.0,-1,-1,-1.0
8711,8711,5978.495538212781,7611.993811662804,412.0,-1,-1,-1.0
8712,8712,-34130.80381742446,11852.964242267466,271.0,-1,24,-1.0
8713,8713,4379.284115969887,-38390.2198375725,484.0,-1,1,-1.0
8714,8714,-4371.497688459807,-29703.63613896578,277.0,-1,25,-1.0
8715,8715,26518.75544558732,-24229.324051591582,477.0,-1,45,-1.0
8716,8716,6537.87624675691,14435.46424312963,349.0,-1,8,-1.0
8717,8717,-6498.030119402232,-23556.68580152397,404.0,-1,-1,-1.0
8718,8718,-12046.46877370328,-11730.718242222472,335.0,-1,-1,-1.0
8719,8719,5765.982932405961,26546.812052115944,44.0,-1,-1,-1.0
8720,8720,-24050.002194414206,6645.17895199918,99.0,-1,-1,-1.0
8721,8721,20073.76685515621,28930.770383342693,149.0,-1,30,-1.0
8722,8722,37594.9823771626,34099.30781625613,270.0,-1,10,-1.0
8723,8723,30364.707553936318,-6043.896237616042,483.0,-1,-1,-1.0
8724,8724,10946.231317147203,-37875.45252255514,120.0,-1,-1,-1.0
8725,8725,417.4981658803808,18000.0456069192,299.0,-1,-1,-1.0
8726,8726,7232.693947398875,-5303.84588379231,497.0,-1,-1,-1.0
8727,8727,-23575.10231452542,10406.403995040033,437.0,-1,40,-1.0
8728,8728,-4328.144255286199,-5831.596848679335,419.0,-1,-1,-1.0
8729,8729,21937.02318637049,-33027.87904464476,51.0,-1,-1,-1.0
8730,8730,-2608.162736515937,27053.74198013947,78.0,-1,48,-1.0
8731,8731,-38787.92918747592,-38340.48863079264,437.0,-1,19,-1.0
8732,8732,-38760.68824363153,25523.75722245527,73.0,-1,-1,-1.0
8733,8733,-31764.58371423742,24455.003915970978,100.0,-1,-1,-1.0
8734,8734,-3166.5497272899597,-24368.99334654516,171.0,-1,25,-1.0
8735,8735,-36924.50808112082,21219.41211710776,8.0,-1,-1,-1.0
8736,8736,-16406.7351202619,-32930.447686632324,474.0,-1,36,-1.0
8737,8737,-23504.294714256364,34348.91906789398,130.0,-1,-1,-1.0
8738,8738,30288.785716025304,2366.7158849687257,368.0,-1,-1,-1.0
8739,8739,23487.29262072364,4459.2263811450175,82.0,-1,-1,-1.0
8740,8740,-3957.880337447263,1972.354113358888,493.0,-1,27,-1.0
8741,8741,-7695.717978904879,318.4887367969495,250.0,-1,-1,-1.0
8742,8742,-28850.7885727101,17049.76966041258,189.0,-1,40,-1.0
8743,8743,-27445.57980830736,-33084.615408121565,216.0,-1,-1,-1.0
8744,8744,31844.586331537317,23064.69438296377,487.0,-1,-1,-1.0
8745,8745,-14102.40672581896,-1477.234035444344,210.0,-1,-1,-1.0
8746,8746,-9666.86745938591,6533.683118881352,230.0,-1,-1,-1.0
8747,8747,-35945.65293968021,8301.441083245954,385.0,-1,24,-1.0
8748,8748,18654.89006023486,14209.640858613406,455.0,-1,-1,-1.0
8749,8749,-7633.467979515477,-12895.933096436282,115.0,-1,-1,-1.0
8750,8750,-19685.65845755632,-21959.42779872744,238.0,-1,-1,-1.0
8751,8751,-5046.624744749002,4507.763988430641,129.0,-1,27,-1.0
8752,8752,-11374.061133641968,26252.062746617245,256.0,-1,48,61.0
8753,8753,11972.38928980923,2284.9923921767404,290.0,-1,-1,-1.0
8754,8754,-35788.943667901,-37503.483486562734,146.0,-1,19,-1.0
8755,8755,26163.137409485676,36951.09099990674,289.0,-1,30,-1.0
8756,8756,32789.20914570187,845.9722397931473,437.0,-1,-1,-1.0
8757,8757,22030.148143992286,17617.109165464113,250.0,-1,18,-1.0
8758,8758,25548.30509484456,36388.31540851103,405.0,-1,-1,-1.0
8759,8759,-24829.961423715045,-4730.994008682574,122.0,-1,-1,-1.0
8760,8760,28618.587958405813,-36533.33455480216,419.0,-1,-1,-1.0
8761,8761,31619.33110975992,36814.87596690408,480.0,-1,11,-1.0
8762,8762,38714.39971064213,18781.87024685082,4.0,-1,28,-1.0
8763,8763,5585.688341766916,-25912.3538724404,379.0,-1,31,-1.0
8764,8764,26364.079849657093,23918.17077833732,313.0,-1,18,-1.0
8765,8765,-18460.497681757664,28602.422637817857,373.0,-1,48,-1.0
8766,8766,17699.99476747716,-39264.24685794972,49.0,-1,-1,-1.0
8767,8767,-17497.267150520584,-12323.723528195324,275.0,-1,42,-1.0
8768,8768,1041.9769801464208,-33646.704352343375,22.0,-1,1,-1.0
8769,8769,-22420.325841257007,-20704.078060874017,41.0,-1,-1,-1.0
8770,8770,-24956.89693322984,39375.16185496876,54.0,-1,-1,-1.0
8771,8771,13673.562858691788,-2290.955013644343,337.0,-1,-1,-1.0
8772,8772,-35395.53366543954,37395.263232014826,339.0,-1,5,-1.0
8773,8773,-21804.896949470967,9093.48138919149,364.0,-1,-1,-1.0
8774,8774,10595.595965081884,22078.2765571222,18.0,-1,-1,-1.0
8775,8775,31631.830984321397,30041.333898579014,272.0,-1,-1,-1.0
8776,8776,-23207.144527205743,26423.656969701,383.0,-1,48,-1.0
8777,8777,-29984.623380848825,-37544.49665022253,62.0,-1,-1,-1.0
8778,8778,22611.209530113018,-21882.290063843677,326.0,-1,-1,-1.0
8779,8779,3274.9542339020263,-28981.00610317904,215.0,-1,-1,-1.0
8780,8780,-36580.43895550418,7234.3438289120095,367.0,-1,-1,-1.0
8781,8781,25884.02546378241,-11066.25594443913,415.0,-1,-1,-1.0
8782,8782,-7937.780408795083,-1106.6139663420472,170.0,-1,-1,-1.0
8783,8783,-7987.639378736971,7057.113654450761,340.0,-1,27,-1.0
8784,8784,20647.030088326588,4758.217081279487,444.0,-1,-1,-1.0
8785,8785,-4634.709972434801,4735.122704759495,10.0,-1,27,-1.0
8786,8786,-34593.56625520776,10525.34550340275,493.0,-1,-1,-1.0
8787,8787,-18024.648869005207,-19926.188356203395,242.0,-1,-1,-1.0
8788,8788,22021.86716517162,26566.42998391454,119.0,-1,-1,-1.0
8789,8789,-2483.4334316453096,35331.864677699064,255.0,-1,48,57.0
8790,8790,-32878.219958785594,10758.872605278084,171.0,-1,-1,-1.0
8791,8791,-4169.080526636106,26064.33778921336,301.0,-1,-1,-1.0
8792,8792,34197.35660649733,-21410.77391864715,349.0,-1,-1,-1.0
8793,8793,27016.037735827544,20270.4138729384,59.0,-1,-1,-1.0
8794,8794,38025.9708233688,-10376.872293275836,340.0,-1,-1,-1.0
8795,8795,-5677.223032402988,8020.441966187282,235.0,-1,-1,-1.0
8796,8796,34809.345266436285,30276.7650011798,434.0,-1,-1,-1.0
8797,8797,-39874.08116172015,36848.70517112204,169.0,-1,-1,-1.0
8798,8798,-32455.70032515065,-596.5807566269868,240.0,-1,-1,-1.0
8799,8799,-17182.386894701533,-13429.0997040097,274.0,-1,-1,-1.0
8800,8800,-20732.02714409736,-7626.273864109986,197.0,-1,-1,-1.0
8801,8801,-23852.659324523836,20013.469788227747,383.0,-1,37,-1.0
8802,8802,4661.285805179345,36025.81940106252,120.0,-1,-1,-1.0
8803,8803,-16330.914863755632,-35914.597782647936,270.0,-1,-1,-1.0
8804,8804,-37890.201295703664,-25791.32970468377,77.0,-1,-1,-1.0
8805,8805,-24736.720306857867,10238.596389486023,55.0,-1,-1,-1.0
8806,8806,14677.939178106644,10448.514370051416,296.0,-1,-1,-1.0
8807,8807,28948.93868619406,10594.24435774477,40.0,-1,-1,-1.0
8808,8808,16265.680371448245,14243.35054912798,183.0,-1,-1,-1.0
8809,8809,30642.37415587218,25162.388637262145,358.0,-1,-1,-1.0
8810,8810,17650.208699604722,-20852.11340405886,352.0,-1,-1,-1.0
8811,8811,-23830.211879431303,23670.03769337069,185.0,-1,-1,-1.0
8812,8812,-22203.873429097803,11622.588605389836,342.0,-1,40,-1.0
8813,8813,6719.295114498658,13220.65543191765,184.0,-1,8,-1.0
8814,8814,35623.22035690861,-17560.467027486065,351.0,-1,-1,-1.0
8815,8815,-29830.571316003785,38871.77995549905,282.0,-1,-1,-1.0
8816,8816,-19177.88107929412,10627.19487015345,422.0,-1,-1,-1.0
8817,8817,33602.277381267864,25069.91365221688,95.0,-1,-1,-1.0
8818,8818,39135.0922863201,274.2535327459336,456.0,-1,-1,-1.0
8819,8819,-7651.724486096853,-26417.362292712256,447.0,-1,-1,-1.0
8820,8820,27438.1446770646,14070.133451504596,181.0,-1,-1,-1.0
8821,8821,-18579.55344500476,-38725.53977111222,48.0,-1,-1,-1.0
8822,8822,-22020.721563372936,-13975.156465976424,410.0,-1,-1,-1.0
8823,8823,-4866.024645208374,-21014.43295524459,25.0,-1,7,-1.0
8824,8824,33435.21651938041,4958.823400143498,203.0,-1,-1,-1.0
8825,8825,19283.749849693995,-6492.521188034196,229.0,-1,-1,-1.0
8826,8826,38674.42429873701,14525.283599248534,498.0,-1,28,-1.0
8827,8827,-7110.350400838455,-16699.958142670468,53.0,-1,-1,-1.0
8828,8828,-26229.50367563912,-25691.749194275253,262.0,-1,-1,-1.0
8829,8829,1535.2965035802918,27285.30896031517,130.0,-1,48,-1.0
8830,8830,-18215.376549954173,31919.86809416399,317.0,-1,-1,-1.0
8831,8831,11894.079372235734,9797.633561692266,274.0,-1,-1,-1.0
8832,8832,16652.228582303906,-5167.951236089262,395.0,-1,13,-1.0
8833,8833,9637.402031469996,25322.390262142675,103.0,-1,-1,-1.0
8834,8834,-13209.635972462676,15455.192048301498,322.0,-1,-1,-1.0
8835,8835,-14256.452975459972,-30494.51785357504,236.0,-1,-1,-1.0
8836,8836,-28615.07840214148,-36947.87038577587,357.0,-1,-1,-1.0
8837,8837,-28625.10880960759,33292.20195819024,345.0,-1,-1,-1.0
8838,8838,-5542.085799385095,36152.18308261986,374.0,-1,48,-1.0
8839,8839,-7093.349918038803,-24048.681299339707,412.0,-1,-1,-1.0
8840,8840,20298.92189913155,-11754.969288101707,461.0,-1,-1,-1.0
8841,8841,2830.158195849573,-8281.818402041125,470.0,-1,-1,-1.0
8842,8842,-20515.27464942694,18602.6869959416,423.0,-1,-1,-1.0
8843,8843,3387.8366254890207,17619.167248597485,209.0,-1,-1,-1.0
8844,8844,-36161.77400349477,-36689.86642886252,465.0,-1,19,-1.0
8845,8845,-21156.69902865884,3975.170097331196,169.0,-1,-1,-1.0
8846,8846,39664.069271936125,-4937.359158295883,202.0,-1,-1,-1.0
8847,8847,9119.03488879955,26830.82855537652,331.0,-1,-1,-1.0
8848,8848,35549.75314756668,-28140.829690948565,47.0,-1,-1,-1.0
8849,8849,-20767.458598946512,-11758.133566228706,277.0,-1,-1,-1.0
8850,8850,-1706.060898772943,-31393.153899381003,155.0,-1,-1,-1.0
8851,8851,-27097.200970248377,-26453.318020977204,67.0,-1,-1,-1.0
8852,8852,-25622.045874631436,-24729.24063793232,311.0,-1,38,-1.0
8853,8853,35348.15809641784,-19675.19320926044,355.0,-1,-1,-1.0
8854,8854,-28280.3817610353,-39145.34988427446,399.0,-1,-1,-1.0
8855,8855,5499.129273677885,-12496.35320324849,390.0,-1,31,-1.0
8856,8856,-37430.95465423202,-13062.514641321588,387.0,-1,32,38.0
8857,8857,22218.18027785548,33163.64207284301,180.0,-1,30,-1.0
8858,8858,-17845.37304717129,-30096.666048532265,435.0,-1,36,-1.0
8859,8859,3514.602292788899,-11827.461684133792,422.0,-1,-1,-1.0
8860,8860,-26640.819499089,12412.859382082504,124.0,-1,-1,-1.0
8861,8861,6284.354081006721,30516.121926828244,204.0,-1,48,58.0
8862,8862,-23237.56926659672,-436.1333061511541,110.0,-1,-1,-1.0
8863,8863,31969.442747275403,-1647.7548912328712,227.0,-1,-1,-1.0
8864,8864,14294.94953462515,-28088.47908815981,476.0,-1,3,-1.0
8865,8865,-2877.960149259299,13309.871303297245,96.0,-1,-1,-1.0
8866,8866,-37039.980287877246,-28996.40488598944,203.0,-1,20,-1.0
8867,8867,-20169.070002270324,20308.523970984425,106.0,-1,-1,-1.0
8868,8868,-13437.972677360203,-30731.038144883245,398.0,-1,36,-1.0
8869,8869,-12170.196273721256,-32324.8504557364,310.0,-1,-1,-1.0
8870,8870,39040.38722567781,24391.79874692919,71.0,-1,-1,-1.0
8871,8871,35536.82015740874,-29014.222070947813,452.0,-1,-1,-1.0
8872,8872,-24776.102086838546,-7473.668446938911,310.0,-1,-1,-1.0
8873,8873,-11401.686719696434,29162.88108114676,321.0,-1,-1,-1.0
8874,8874,26156.281101365166,6814.209907446297,172.0,-1,-1,-1.0
8875,8875,9978.272157357846,35238.98622934897,234.0,-1,-1,-1.0
8876,8876,-22451.43030323637,-35997.26685380172,160.0,-1,12,-1.0
8877,8877,11660.185624359809,-32465.7654518904,5.0,-1,-1,-1.0
8878,8878,18153.39414134238,1291.0222880880249,61.0,-1,-1,-1.0
8879,8879,-8092.624889596296,4483.040710794659,410.0,-1,-1,-1.0
8880,8880,12773.974595601709,-34272.4552270644,141.0,-1,4,-1.0
8881,8881,14989.391983318746,-8239.060334199967,413.0,-1,-1,-1.0
8882,8882,33886.67629693555,1751.5961224193234,163.0,-1,-1,-1.0
8883,8883,-521.1263768274875,12318.669029481023,344.0,-1,-1,-1.0
8884,8884,9088.821953905688,16632.728673622725,113.0,-1,-1,-1.0
8885,8885,-19965.03335321898,-22052.07103960261,105.0,-1,-1,-1.0
8886,8886,-9356.287959938552,32453.484252712908,186.0,-1,-1,-1.0
8887,8887,-33747.804830153415,39044.88841186684,436.0,-1,5,-1.0
8888,8888,11350.959915376116,12593.96533749788,344.0,-1,-1,-1.0
8889,8889,14527.763276528864,20825.62288232712,52.0,-1,-1,-1.0
8890,8890,-30644.245203999664,-7470.788710831559,40.0,-1,41,47.0
8891,8891,-8008.960409204668,-11699.923454119202,494.0,-1,31,-1.0
8892,8892,-9920.137727655332,18296.192231282905,185.0,-1,-1,-1.0
8893,8893,11525.01556375865,-34544.75638343655,73.0,-1,-1,-1.0
8894,8894,1152.529078264015,14933.648172520509,2.0,-1,-1,-1.0
8895,8895,9265.54590068751,3841.377506172481,122.0,-1,14,-1.0
8896,8896,-30767.124747635015,-29305.636195259853,359.0,-1,-1,-1.0
8897,8897,-26942.975492233083,-36291.29986951231,410.0,-1,-1,-1.0
8898,8898,26263.55887083877,-14648.05054823296,474.0,-1,45,-1.0
8899,8899,-12071.643354908188,23311.958642796773,269.0,-1,-1,-1.0
8900,8900,1615.352393520741,-19542.06944336009,496.0,-1,31,-1.0
8901,8901,25179.01364954099,12548.729422016426,299.0,-1,-1,-1.0
8902,8902,-28074.97095525294,-26041.824362677064,173.0,-1,-1,-1.0
8903,8903,-38430.68618627419,-17377.18292061774,212.0,-1,0,-1.0
8904,8904,6101.761114539731,-34382.693909577865,489.0,-1,1,-1.0
8905,8905,23153.533426282916,31654.285299260737,54.0,-1,-1,-1.0
8906,8906,36147.66235992094,-16601.303771204297,183.0,-1,-1,-1.0
8907,8907,39910.06596076967,-27161.60337444846,246.0,-1,-1,-1.0
8908,8908,30083.787135023595,39004.62192209542,259.0,-1,-1,-1.0
8909,8909,-8687.312276592209,-17483.569193528787,68.0,-1,-1,-1.0
8910,8910,-4143.772273572635,-35822.607930739985,24.0,-1,-1,-1.0
8911,8911,17164.657860744082,-37440.77664584035,65.0,-1,-1,-1.0
8912,8912,-2007.0189701180932,26847.82901942356,296.0,-1,48,-1.0
8913,8913,-24913.50588383616,-27458.276483801517,70.0,-1,38,-1.0
8914,8914,11323.652352761064,-19137.19838981917,96.0,-1,-1,-1.0
8915,8915,-22566.15122892704,-34263.60368710419,48.0,-1,12,-1.0
8916,8916,23497.40968164388,-21422.666482250446,438.0,-1,-1,-1.0
8917,8917,18295.533777813507,28980.80257316683,220.0,-1,-1,-1.0
8918,8918,-22805.73594323736,31381.706240552376,499.0,-1,-1,-1.0
8919,8919,-26932.703695107768,32721.843131887144,294.0,-1,-1,-1.0
8920,8920,-29195.97168624908,-28075.15770352925,88.0,-1,-1,-1.0
8921,8921,17194.87603502196,4641.301919362217,10.0,-1,2,-1.0
8922,8922,-28660.211699030675,26536.714886123475,321.0,-1,-1,-1.0
8923,8923,25918.93394579552,13488.703734155097,301.0,-1,15,-1.0
8924,8924,-32000.71329979889,-34563.881208675615,142.0,-1,-1,-1.0
8925,8925,-35616.40100164675,-12058.359316442557,88.0,-1,32,38.0
8926,8926,-8950.695932220959,-19444.049449385733,457.0,-1,-1,-1.0
8927,8927,-21033.599568188947,31466.78712459844,2.0,-1,-1,-1.0
8928,8928,18046.18907114972,-31405.367082618963,40.0,-1,-1,-1.0
8929,8929,-12500.933595575949,16957.16108093364,13.0,-1,-1,-1.0
8930,8930,3100.904177713339,18156.333464176,210.0,-1,-1,-1.0
8931,8931,-31245.51895859467,32676.473996438668,61.0,-1,6,-1.0
8932,8932,-641.7086701201479,22480.91114523461,151.0,-1,-1,-1.0
8933,8933,26411.625283648,24311.918946065794,43.0,-1,18,-1.0
8934,8934,-8786.098345627477,-21172.06901040636,103.0,-1,-1,-1.0
8935,8935,635.769335453755,-7722.236768497427,195.0,-1,31,-1.0
8936,8936,-8906.001343245276,36244.36742985902,421.0,-1,48,60.0
8937,8937,-15165.889596875984,39420.94392643435,351.0,-1,-1,-1.0
8938,8938,-33662.97032720279,15596.78510183069,315.0,-1,24,-1.0
8939,8939,-21412.48465061857,-35200.66629504556,427.0,-1,-1,-1.0
8940,8940,33095.62221215505,-15095.296105576715,275.0,-1,-1,-1.0
8941,8941,-12809.079426324912,35384.42414579798,255.0,-1,-1,-1.0
8942,8942,-36141.591786160985,-34688.490801177475,69.0,-1,-1,-1.0
8943,8943,-8950.161216998644,32107.512589790906,71.0,-1,-1,-1.0
8944,8944,-20061.474909829507,35603.86818534364,81.0,-1,-1,-1.0
8945,8945,14543.349875419117,-36499.300022964366,349.0,-1,-1,-1.0
8946,8946,7967.101968387971,-13133.016213227063,304.0,-1,-1,-1.0
8947,8947,33305.85946643692,30392.44656465904,469.0,-1,10,-1.0
8948,8948,-17168.90418171433,-21064.06246122497,296.0,-1,-1,-1.0
8949,8949,19520.28555669408,11004.098452477338,420.0,-1,16,-1.0
8950,8950,35665.45598285852,-39507.14040872983,295.0,-1,-1,-1.0
8951,8951,26320.513723829677,19516.90832125073,474.0,-1,-1,-1.0
8952,8952,19639.60433637573,11661.382646113896,181.0,-1,-1,-1.0
8953,8953,38399.52180587989,-27139.63122724584,183.0,-1,-1,-1.0
8954,8954,36450.96969007283,-37796.13722901044,362.0,-1,-1,-1.0
8955,8955,-2740.3050651016747,-15252.384168635312,82.0,-1,31,-1.0
8956,8956,-10202.65607743596,-26471.70680448423,113.0,-1,17,-1.0
8957,8957,-36481.11223330328,-36734.68634982361,21.0,-1,19,-1.0
8958,8958,27163.61960213518,33553.18389321923,294.0,-1,-1,-1.0
8959,8959,10127.295297182573,-5242.334281212759,495.0,-1,-1,-1.0
8960,8960,25079.964949706547,-34205.83834442991,466.0,-1,-1,-1.0
8961,8961,34829.37090862378,4846.229595631841,285.0,-1,28,-1.0
8962,8962,28738.88714361165,33077.98049809641,250.0,-1,-1,-1.0
8963,8963,12698.88055141025,8477.188669243413,127.0,-1,-1,-1.0
8964,8964,22850.73549172525,35562.419951515854,333.0,-1,-1,-1.0
8965,8965,-10283.148579590475,28585.91135612577,306.0,-1,-1,-1.0
8966,8966,-36634.514201507365,-878.1622969270466,153.0,-1,-1,-1.0
8967,8967,-23357.249398007243,33880.198057960064,51.0,-1,-1,-1.0
8968,8968,3529.366816561109,-17738.89114165873,427.0,-1,31,-1.0
8969,8969,6148.189283541746,-35474.22833117415,191.0,-1,1,-1.0
8970,8970,-27125.94521343363,-39442.65965838698,289.0,-1,-1,-1.0
8971,8971,14880.197510193088,-29314.3391044482,203.0,-1,3,-1.0
8972,8972,-11903.959290223946,-29922.072881955115,122.0,-1,-1,-1.0
8973,8973,-3341.852398048635,-8541.678679060024,170.0,-1,31,36.0
8974,8974,36091.15751936741,37753.62340887784,110.0,-1,-1,-1.0
8975,8975,28306.786383622995,-1139.7131945205765,215.0,-1,33,-1.0
8976,8976,-22922.277622637863,34376.96020340845,121.0,-1,-1,-1.0
8977,8977,-8212.918704384425,2219.269932539115,158.0,-1,-1,-1.0
8978,8978,12015.479790547128,6905.558784030924,392.0,-1,2,-1.0
8979,8979,-22242.028760371308,-773.7482103953371,56.0,-1,-1,-1.0
8980,8980,23094.729326198976,2287.708294744145,280.0,-1,-1,-1.0
8981,8981,38987.03255195661,20612.33045369644,29.0,-1,28,-1.0
8982,8982,8395.122954355422,18188.599027092983,39.0,-1,-1,-1.0
8983,8983,7097.17886288069,-18927.53514653305,424.0,-1,-1,-1.0
8984,8984,36631.69367615407,-30443.83825226195,87.0,-1,-1,-1.0
8985,8985,35261.83054344106,-18035.768692946465,290.0,-1,-1,-1.0
8986,8986,-6873.93381146426,21957.85378478325,0.0,-1,-1,-1.0
8987,8987,20945.780471149475,-17559.91128721516,463.0,-1,-1,-1.0
8988,8988,-22965.5810547756,13254.639717948376,275.0,-1,-1,-1.0
8989,8989,16652.54101820352,7218.422398775896,60.0,-1,2,-1.0
8990,8990,-31551.17790946501,-18263.48457742181,121.0,-1,-1,-1.0
8991,8991,13250.367158308822,5894.466786715595,163.0,-1,-1,-1.0
8992,8992,-31729.35419841508,26117.314264859717,489.0,-1,-1,-1.0
8993,8993,34411.933947330006,-14676.424871342077,106.0,-1,-1,-1.0
8994,8994,16365.853544122949,14104.43487921924,68.0,-1,-1,-1.0
8995,8995,-10827.226879686328,16038.438399014602,72.0,-1,-1,-1.0
8996,8996,-13368.985006558583,-11884.37510930491,330.0,-1,-1,-1.0
8997,8997,8311.041231059316,-28176.29741514528,265.0,-1,31,-1.0
8998,8998,-38602.8589619202,9391.515446164514,63.0,-1,-1,-1.0
8999,8999,25970.674824020563,19587.0868462874,161.0,-1,18,-1.0
9000,9000,3827.532817361054,-23880.49661582636,332.0,-1,31,-1.0
9001,9001,-5672.708116787726,35575.89175738013,175.0,-1,48,57.0
9002,9002,-37312.842142448375,-33644.46709716156,126.0,-1,20,23.0
9003,9003,32133.795728811747,13111.155643256956,177.0,-1,28,-1.0
9004,9004,-34381.40530955381,18590.64253717063,205.0,-1,-1,-1.0
9005,9005,-25374.044941990607,-37657.41146188209,337.0,-1,-1,-1.0
9006,9006,27452.94538766719,-3212.643927191028,498.0,-1,-1,-1.0
9007,9007,260.5245954806378,31051.483816732594,492.0,-1,48,-1.0
9008,9008,-5550.261319225938,-20782.517263147816,135.0,-1,7,-1.0
9009,9009,22204.440877046465,19318.67798362422,66.0,-1,-1,-1.0
9010,9010,-36967.47086344339,-30267.83467541188,472.0,-1,20,-1.0
9011,9011,-11210.801018240862,4744.938586550139,387.0,-1,-1,-1.0
9012,9012,-34703.4110700635,-14020.143958437227,51.0,-1,32,38.0
9013,9013,31954.921441661518,-29889.9799373073,301.0,-1,-1,-1.0
9014,9014,36532.166316111645,13178.446069368309,357.0,-1,28,-1.0
9015,9015,12993.874715492871,8907.283869082697,477.0,-1,-1,-1.0
9016,9016,-27207.02647804061,-17528.479866600916,272.0,-1,-1,-1.0
9017,9017,-10199.017229760992,39950.12223617052,484.0,-1,-1,-1.0
9018,9018,32009.40241139746,7064.685912355024,355.0,-1,-1,-1.0
9019,9019,39537.652265291006,31273.02352940856,245.0,-1,-1,-1.0
9020,9020,4688.669115783276,15316.217897085337,162.0,-1,8,-1.0
9021,9021,-16573.27329035426,-32435.966490461848,451.0,-1,36,-1.0
9022,9022,9706.045944304691,12865.956256686191,239.0,-1,-1,-1.0
9023,9023,23187.386804065038,14250.85116924924,3.0,-1,-1,-1.0
9024,9024,-25003.29196182146,20867.96238929315,458.0,-1,37,-1.0
9025,9025,20584.18291685176,-26830.4945627904,77.0,-1,-1,-1.0
9026,9026,-17498.948480027997,1942.453779363197,6.0,-1,-1,-1.0
9027,9027,-9791.604000101808,-21399.26769514456,442.0,-1,-1,-1.0
9028,9028,-8137.600879176975,-28020.488104312084,269.0,-1,-1,-1.0
9029,9029,16756.60935037725,9736.602384276011,169.0,-1,-1,-1.0
9030,9030,-14692.462581977594,36946.85622400085,176.0,-1,-1,-1.0
9031,9031,-38239.82694766126,-13271.997898945232,431.0,-1,-1,-1.0
9032,9032,21659.16165698634,-25575.85710142823,428.0,-1,-1,-1.0
9033,9033,7727.077189727803,38317.96935582007,319.0,-1,-1,-1.0
9034,9034,-1443.5708554841112,-2040.5584127481343,48.0,-1,22,-1.0
9035,9035,-7537.296232209024,-23014.22765168324,474.0,-1,7,-1.0
9036,9036,17877.192924850053,28636.359360795846,187.0,-1,-1,-1.0
9037,9037,-30828.746940801288,777.9012613396699,461.0,-1,-1,-1.0
9038,9038,27225.82611109942,5634.757203925212,367.0,-1,-1,-1.0
9039,9039,-22001.10131434912,25466.83098596165,402.0,-1,-1,-1.0
9040,9040,4933.440935946783,25620.44037841959,431.0,-1,48,-1.0
9041,9041,-11473.334246825709,7997.304529478904,311.0,-1,-1,-1.0
9042,9042,26640.998985322687,35913.62464965333,342.0,-1,-1,-1.0
9043,9043,34384.64110853494,-19194.802002871194,405.0,-1,-1,-1.0
9044,9044,14259.728911892118,-38701.19892888506,406.0,-1,-1,-1.0
9045,9045,-31823.135357963307,-26846.508754430848,51.0,-1,34,-1.0
9046,9046,-9147.30638228896,-24982.594638181778,433.0,-1,-1,-1.0
9047,9047,-33141.54431902983,-18847.41160229343,170.0,-1,-1,-1.0
9048,9048,-23900.641663528928,-14807.139861875694,78.0,-1,-1,-1.0
9049,9049,3812.316761928916,4328.478204929801,176.0,-1,14,-1.0
9050,9050,-19385.438319447523,33912.200785118286,468.0,-1,-1,-1.0
9051,9051,38751.67452710711,25154.94071384392,428.0,-1,-1,-1.0
9052,9052,3564.1129516783767,-3178.4648703302155,337.0,-1,-1,-1.0
9053,9053,-8792.591451721608,21388.019709745524,62.0,-1,-1,-1.0
9054,9054,-23534.11932591936,-9767.157972085217,373.0,-1,-1,-1.0
9055,9055,12358.773680775848,14454.672202342634,184.0,-1,-1,-1.0
9056,9056,-28204.89912842705,564.7658131245335,363.0,-1,-1,-1.0
9057,9057,-37872.03892822679,-31806.5625063192,430.0,-1,20,-1.0
9058,9058,39743.65217483704,36051.309953066215,43.0,-1,-1,-1.0
9059,9059,-31705.88264777292,7710.215744082154,226.0,-1,24,-1.0
9060,9060,27931.65124659472,-28919.73217719236,195.0,-1,-1,-1.0
9061,9061,-31881.63586339007,-11309.44030149136,163.0,-1,-1,-1.0
9062,9062,-16159.63505847767,-16606.168915319362,457.0,-1,31,-1.0
9063,9063,-25729.07693497808,-33264.76818862319,105.0,-1,-1,-1.0
9064,9064,-39912.29028994464,18606.57811550016,441.0,-1,-1,-1.0
9065,9065,-14032.242519400712,17205.22273351314,499.0,-1,-1,-1.0
9066,9066,-20803.57620140408,-22330.23216234152,144.0,-1,-1,-1.0
9067,9067,-16418.011611517755,-11779.157532232202,154.0,-1,-1,-1.0
9068,9068,-26799.208580598268,29529.74744344507,31.0,-1,-1,-1.0
9069,9069,25747.14015486144,38150.78160161879,312.0,-1,30,-1.0
9070,9070,28346.033656766274,-12823.77339844139,436.0,-1,45,-1.0
9071,9071,18032.81926183743,21879.975273731936,237.0,-1,18,-1.0
9072,9072,2214.2928852600307,-27054.30480969933,476.0,-1,25,-1.0
9073,9073,28039.088565638245,-38068.99224664963,201.0,-1,-1,-1.0
9074,9074,27445.695452085056,5124.240656182796,238.0,-1,-1,-1.0
9075,9075,-22937.224124626773,-30082.14313300921,267.0,-1,-1,-1.0
9076,9076,-27453.745401914977,-27764.718370199476,424.0,-1,-1,-1.0
9077,9077,10183.638663249723,27550.35345624639,280.0,-1,-1,-1.0
9078,9078,-18807.01670471925,-20789.74699479498,151.0,-1,-1,-1.0
9079,9079,20033.20679591302,17886.491216698683,103.0,-1,18,-1.0
9080,9080,9503.413764331235,27772.304318399867,179.0,-1,-1,-1.0
9081,9081,22894.81912275077,17413.350377761308,484.0,-1,-1,-1.0
9082,9082,18397.88100417306,19909.448314662484,216.0,-1,18,-1.0
9083,9083,10377.254433244363,34933.366691997726,178.0,-1,-1,-1.0
9084,9084,-36723.91849953027,18512.37907754765,73.0,-1,-1,-1.0
9085,9085,9990.926110996064,-16234.008681776704,389.0,-1,-1,-1.0
9086,9086,23459.73971891217,1367.236516177196,394.0,-1,-1,-1.0
9087,9087,12412.070727047794,7790.336903322663,479.0,-1,-1,-1.0
9088,9088,-12438.518042047252,22421.630686629014,89.0,-1,-1,-1.0
9089,9089,33067.94108368752,-15380.951588787097,252.0,-1,-1,-1.0
9090,9090,38587.5102665988,-36741.62156749282,84.0,-1,21,-1.0
9091,9091,-25393.596021875463,35132.69722935723,176.0,-1,-1,-1.0
9092,9092,-20986.809801215222,-16614.94535331765,341.0,-1,-1,-1.0
9093,9093,-32831.04434442244,39432.37717667235,136.0,-1,-1,-1.0
9094,9094,-20681.668823590266,-21233.78843568876,124.0,-1,-1,-1.0
9095,9095,-3219.638543873116,12295.7519318025,6.0,-1,-1,-1.0
9096,9096,36420.577792462354,-5082.371280125022,342.0,-1,-1,-1.0
9097,9097,-18554.773371495008,-20084.06297717973,58.0,-1,-1,-1.0
9098,9098,14666.254730649693,22242.57360158478,245.0,-1,-1,-1.0
9099,9099,22962.305690430585,34105.66569565234,429.0,-1,-1,-1.0
9100,9100,36827.71769867114,38672.28520447179,60.0,-1,-1,-1.0
9101,9101,-20324.640514087485,35617.15429718554,326.0,-1,-1,-1.0
9102,9102,35594.0904451438,4793.629706909829,209.0,-1,28,-1.0
9103,9103,-37103.99721869783,14847.510864728574,489.0,-1,-1,-1.0
9104,9104,-17215.8082767014,-32853.68447335734,449.0,-1,36,-1.0
9105,9105,-23572.627891545013,6737.636010160219,99.0,-1,-1,-1.0
9106,9106,28460.46571018982,15615.658091790458,384.0,-1,-1,-1.0
9107,9107,30669.29276884634,17622.190881644972,191.0,-1,-1,-1.0
9108,9108,26285.15832585009,-29718.368297176283,469.0,-1,45,-1.0
9109,9109,-32738.13038103972,10528.200130703146,493.0,-1,-1,-1.0
9110,9110,32794.79381015708,11850.289289782362,265.0,-1,-1,-1.0
9111,9111,-35972.33995842757,448.12358977152326,358.0,-1,-1,-1.0
9112,9112,-18104.823124783903,7261.925508193221,125.0,-1,-1,-1.0
9113,9113,-37412.88547673557,-14691.879525295706,347.0,-1,-1,-1.0
9114,9114,-32179.619068791573,-24283.270640782983,166.0,-1,-1,-1.0
9115,9115,-33173.57859182229,-18332.113643801596,262.0,-1,-1,-1.0
9116,9116,-4984.354609198716,25540.99594769771,81.0,-1,-1,-1.0
9117,9117,-1261.0727576015197,5123.944777952747,373.0,-1,27,-1.0
9118,9118,-3426.662371517981,-34987.19941557782,350.0,-1,-1,-1.0
9119,9119,-31950.758400057744,20424.029026546363,428.0,-1,40,-1.0
9120,9120,22499.039522610336,-24642.986013019057,128.0,-1,-1,-1.0
9121,9121,15501.12497839261,33083.396614013065,148.0,-1,47,-1.0
9122,9122,-10407.1781722444,18308.204995184176,50.0,-1,-1,-1.0
9123,9123,2600.753886888291,-22057.32347854928,435.0,-1,31,-1.0
9124,9124,-39954.497439427854,-37770.5437173436,411.0,-1,-1,-1.0
9125,9125,-26839.248594290268,14142.233046944864,35.0,-1,-1,-1.0
9126,9126,-7520.28934748071,8137.383713285468,60.0,-1,-1,-1.0
9127,9127,36503.53297817345,2367.576376863697,308.0,-1,28,-1.0
9128,9128,-14109.83914389509,15654.236782355794,420.0,-1,-1,-1.0
9129,9129,-27746.26097869888,91.38297746828904,57.0,-1,41,-1.0
9130,9130,17569.48381209497,10959.79454187036,255.0,-1,-1,-1.0
9131,9131,24438.48550968773,23762.198282610865,40.0,-1,18,-1.0
9132,9132,20719.6923692228,24766.476188499364,494.0,-1,-1,-1.0
9133,9133,-5600.2453876568325,36279.55944888963,77.0,-1,48,-1.0
9134,9134,-22112.4073132792,25590.05115199501,185.0,-1,-1,-1.0
9135,9135,-5464.316884513726,5844.930886065107,289.0,-1,27,-1.0
9136,9136,24395.464912871,-36678.53182402229,69.0,-1,-1,-1.0
9137,9137,-5763.035567746454,6408.790119249003,212.0,-1,-1,-1.0
9138,9138,36245.84039872653,10548.479330572736,349.0,-1,28,-1.0
9139,9139,-18466.192425821628,8285.933251410257,231.0,-1,-1,-1.0
9140,9140,22585.36146994224,14758.572423169426,448.0,-1,-1,-1.0
9141,9141,-36950.94054747478,-24342.490915058137,64.0,-1,-1,-1.0
9142,9142,-38473.35102266701,-4618.639453505719,117.0,-1,-1,-1.0
9143,9143,-19119.52812515671,-36450.17814371898,382.0,-1,-1,-1.0
9144,9144,26090.983921155304,8700.310136379296,263.0,-1,15,-1.0
9145,9145,3405.069040044895,11212.108186507665,224.0,-1,-1,-1.0
9146,9146,-13990.994201323356,-50.00662259561796,185.0,-1,-1,-1.0
9147,9147,26753.756719334808,-17391.490514537676,249.0,-1,45,-1.0
9148,9148,3912.638783674505,-5709.295040168057,378.0,-1,-1,-1.0
9149,9149,-11951.552487759436,-24479.755797246296,18.0,-1,17,-1.0
9150,9150,-18196.27205346989,4994.4860161515535,15.0,-1,-1,-1.0
9151,9151,27295.77048977402,-8503.622336758996,384.0,-1,-1,-1.0
9152,9152,-22424.61933344222,32010.24399918203,77.0,-1,-1,-1.0
9153,9153,10187.830446414584,36195.11214109539,16.0,-1,-1,-1.0
9154,9154,-10559.79631516262,-6848.932795536268,348.0,-1,-1,-1.0
9155,9155,-35139.29887290232,-1263.673742751569,159.0,-1,29,-1.0
9156,9156,23163.65438342991,28116.267043438245,89.0,-1,-1,-1.0
9157,9157,-33670.2526725968,5756.514661055102,260.0,-1,-1,-1.0
9158,9158,-24561.250739171403,21419.59187225377,162.0,-1,-1,-1.0
9159,9159,14787.02356918878,-23938.733826722942,320.0,-1,-1,-1.0
9160,9160,-12881.327432262971,-13731.01768142944,257.0,-1,-1,-1.0
9161,9161,-6975.123079890596,12104.997476638186,68.0,-1,-1,-1.0
9162,9162,-5898.43718690236,29178.90658260991,462.0,-1,-1,-1.0
9163,9163,-7826.703462856636,-86.64103098332998,274.0,-1,-1,-1.0
9164,9164,37251.40791410969,-19560.843194221263,151.0,-1,-1,-1.0
9165,9165,21130.790422525257,-4045.2300241526464,468.0,-1,44,-1.0
9166,9166,-30680.771670255977,10059.598724333802,27.0,-1,-1,-1.0
9167,9167,-16886.76985569109,-27820.63874402979,322.0,-1,36,-1.0
9168,9168,3083.603845293321,-4672.924393097885,212.0,-1,-1,-1.0
9169,9169,8876.423027143217,32403.935156754407,384.0,-1,47,-1.0
9170,9170,17232.430236279804,-36802.781100005945,178.0,-1,-1,-1.0
9171,9171,-6403.389237880932,37814.32776595731,473.0,-1,-1,-1.0
9172,9172,-16609.4184552463,22527.689435359945,49.0,-1,-1,-1.0
9173,9173,4671.541941086864,5883.2664083173295,311.0,-1,-1,-1.0
9174,9174,5185.650342549663,-4115.487125621068,237.0,-1,-1,-1.0
9175,9175,-39824.22640946043,-10399.324699707116,72.0,-1,-1,-1.0
9176,9176,-22200.0541841129,-37181.09730478443,393.0,-1,12,-1.0
9177,9177,-30220.927340506565,22874.91461469318,465.0,-1,-1,-1.0
9178,9178,27249.00553004512,33972.95429273143,470.0,-1,-1,-1.0
9179,9179,-21608.89998576701,31087.22884756217,102.0,-1,-1,-1.0
9180,9180,9904.462541556915,-22714.388502313075,330.0,-1,-1,-1.0
9181,9181,28581.466009732205,-37200.83999736121,162.0,-1,-1,-1.0
9182,9182,-12973.932815116812,-22652.303064412925,323.0,-1,-1,-1.0
9183,9183,16611.07689923182,-29152.757914154223,57.0,-1,3,-1.0
9184,9184,-3176.383758521253,32795.05803109841,302.0,-1,48,57.0
9185,9185,160.43691805675917,22924.82646780568,150.0,-1,-1,-1.0
9186,9186,-30058.3443524338,11157.56849405951,141.0,-1,-1,-1.0
9187,9187,-4680.61885712669,21519.36867546902,276.0,-1,-1,-1.0
9188,9188,-26891.69640832388,-31902.473349989905,132.0,-1,-1,-1.0
9189,9189,23451.323712138957,-19380.124914089512,360.0,-1,-1,-1.0
9190,9190,7429.508512494976,-33929.30847074698,159.0,-1,1,-1.0
9191,9191,32035.298345406238,34252.70433920223,468.0,-1,-1,-1.0
9192,9192,-9964.10476791068,-5481.876803285239,159.0,-1,-1,-1.0
9193,9193,37863.98371258741,-21836.90551740191,43.0,-1,-1,-1.0
9194,9194,39364.98309354529,-20372.42881962043,338.0,-1,-1,-1.0
9195,9195,33818.88877301966,11897.724422282488,82.0,-1,28,-1.0
9196,9196,29808.437033444323,26764.46439153982,446.0,-1,-1,-1.0
9197,9197,1648.079298568162,-22002.392448631243,2.0,-1,31,-1.0
9198,9198,5973.368781423254,24101.87432295432,8.0,-1,48,-1.0
9199,9199,2771.58649747217,-7493.912831951733,342.0,-1,-1,-1.0
9200,9200,-39986.86667588076,-12696.944337264427,396.0,-1,-1,-1.0
9201,9201,-7624.304518936115,-34583.36164238925,174.0,-1,35,-1.0
9202,9202,27148.38315969189,19558.569745052948,340.0,-1,-1,-1.0
9203,9203,26159.871851835444,-29197.416876805,243.0,-1,45,-1.0
9204,9204,-7837.234259019111,-37255.59692944688,456.0,-1,-1,-1.0
9205,9205,-13466.443579976009,13348.30725966805,334.0,-1,-1,-1.0
9206,9206,10366.034856086764,-32600.81203203024,206.0,-1,-1,-1.0
9207,9207,-25456.410985253184,12903.695400983232,313.0,-1,-1,-1.0
9208,9208,28633.39780696547,10413.347774815556,208.0,-1,15,-1.0
9209,9209,34692.503209216506,11118.569231931586,37.0,-1,28,-1.0
9210,9210,18480.08630258574,27803.773412110226,179.0,-1,-1,-1.0
9211,9211,9958.041665040342,-3916.260544970937,24.0,-1,-1,-1.0
9212,9212,32702.25949932348,-38772.5929833981,372.0,-1,-1,-1.0
9213,9213,39857.81418264052,-34934.262795577146,492.0,-1,-1,-1.0
9214,9214,-34259.94378225759,-9343.5739963577,250.0,-1,-1,-1.0
9215,9215,38154.33982860806,12557.5946983292,294.0,-1,-1,-1.0
9216,9216,-24732.104753461845,16979.52657940898,428.0,-1,-1,-1.0
9217,9217,-14911.730342719344,4980.457398554034,349.0,-1,26,-1.0
9218,9218,-11980.311866743028,4639.674489043617,192.0,-1,-1,-1.0
9219,9219,22677.49223944362,-9857.128538563033,370.0,-1,-1,-1.0
9220,9220,34087.6441972856,33328.60871709253,271.0,-1,-1,-1.0
9221,9221,34117.48105329815,19667.863816504687,301.0,-1,-1,-1.0
9222,9222,28543.78076040445,30393.29581608306,254.0,-1,-1,-1.0
9223,9223,-32972.88894739947,21687.595283330207,95.0,-1,-1,-1.0
9224,9224,5645.257271594433,-36098.18199417308,262.0,-1,1,-1.0
9225,9225,2124.6331494053084,-1077.2035773939497,325.0,-1,-1,-1.0
9226,9226,-26290.190549621737,24588.22040600921,484.0,-1,48,-1.0
9227,9227,-8225.035720748641,26136.16587403232,5.0,-1,48,61.0
9228,9228,-26318.070787468867,3354.156078217202,461.0,-1,-1,-1.0
9229,9229,13240.984980179594,-16006.908046360804,144.0,-1,-1,-1.0
9230,9230,3013.526750797879,7487.731187631354,179.0,-1,-1,-1.0
9231,9231,10776.68525715654,-37315.57700502539,410.0,-1,-1,-1.0
9232,9232,16896.013125148493,-1643.689820391286,151.0,-1,-1,-1.0
9233,9233,-1500.5753362864198,-18957.790306955725,296.0,-1,31,35.0
9234,9234,12501.942689940122,-36765.19023659208,340.0,-1,4,-1.0
9235,9235,4248.700516119592,7648.579872443719,451.0,-1,27,-1.0
9236,9236,1281.876368864243,28179.95876252452,372.0,-1,-1,-1.0
9237,9237,28740.44812985597,-23365.04431767688,211.0,-1,-1,-1.0
9238,9238,-1256.6103301988187,38043.39392525758,2.0,-1,-1,-1.0
9239,9239,35893.65309217175,-4379.244654373841,93.0,-1,33,-1.0
9240,9240,12658.720927616872,-18299.24637719526,477.0,-1,-1,-1.0
9241,9241,-33169.57235619247,31550.335048991503,250.0,-1,6,-1.0
9242,9242,-28196.06963340855,26151.506564885785,342.0,-1,-1,-1.0
9243,9243,27827.425052835533,-27339.385844581437,188.0,-1,-1,-1.0
9244,9244,-10571.017565279384,-8902.247939744932,286.0,-1,-1,-1.0
9245,9245,-23706.95178921653,-26439.270399909383,241.0,-1,-1,-1.0
9246,9246,13174.757761881565,31255.93410691958,83.0,-1,-1,-1.0
9247,9247,-897.2054008728883,-24364.152144281405,276.0,-1,-1,-1.0
9248,9248,16347.607280651731,-6849.800646942204,486.0,-1,-1,-1.0
9249,9249,-36121.51417143983,29785.35382667804,138.0,-1,-1,-1.0
9250,9250,28903.412929917147,-38084.72298859895,54.0,-1,-1,-1.0
9251,9251,25352.520838841803,-4234.375359448102,139.0,-1,-1,-1.0
9252,9252,-6017.389351890473,2781.634752246384,340.0,-1,-1,-1.0
9253,9253,33234.087111633664,-7419.349984063174,219.0,-1,-1,-1.0
9254,9254,-13739.02077545047,-32877.76159948962,443.0,-1,36,-1.0
9255,9255,-27378.26810072401,15956.693079559846,115.0,-1,-1,-1.0
9256,9256,-29304.578589093904,-25934.335295526667,81.0,-1,-1,-1.0
9257,9257,36104.14209647293,-6460.271652728785,77.0,-1,33,-1.0
9258,9258,6147.409497957451,31627.52321991761,77.0,-1,-1,-1.0
9259,9259,33268.0921065336,-34506.43364349876,175.0,-1,21,-1.0
9260,9260,-13918.74533220576,12022.930453920077,338.0,-1,-1,-1.0
9261,9261,-33378.973693647975,-24431.78581184778,127.0,-1,39,-1.0
9262,9262,-25372.36186493216,39414.16747908735,129.0,-1,-1,-1.0
9263,9263,31700.247273791698,4230.047942454679,334.0,-1,-1,-1.0
9264,9264,-14214.64572323603,-20254.17853226397,169.0,-1,-1,-1.0
9265,9265,-18780.19500915801,5632.75906776209,331.0,-1,-1,-1.0
9266,9266,28701.272674861262,-6528.519694780298,241.0,-1,-1,-1.0
9267,9267,-19413.716052917625,-7986.636742347298,339.0,-1,-1,-1.0
9268,9268,-11324.58270265043,38343.44022130717,377.0,-1,48,-1.0
9269,9269,37824.23174005505,32546.017215131436,270.0,-1,10,-1.0
9270,9270,33020.783337507804,10732.66216817122,221.0,-1,-1,-1.0
9271,9271,13167.967496181796,8015.72630043461,369.0,-1,-1,-1.0
9272,9272,-30720.944395096125,-15106.694261577428,457.0,-1,-1,-1.0
9273,9273,37.588050441409,-19525.43213808552,53.0,-1,31,-1.0
9274,9274,-18240.4511426428,-7303.84876035112,119.0,-1,-1,-1.0
9275,9275,5933.336298515678,21321.580419998,282.0,-1,-1,-1.0
9276,9276,3283.844384147684,5100.556711713849,9.0,-1,14,-1.0
9277,9277,29575.52491109942,-12813.50735789565,301.0,-1,45,-1.0
9278,9278,-7393.98802828207,-28317.923905178457,269.0,-1,-1,-1.0
9279,9279,-8471.859064325916,15453.609250101284,132.0,-1,-1,-1.0
9280,9280,17595.77110491787,38204.14968846939,319.0,-1,-1,-1.0
9281,9281,-18211.37596801289,-37670.93419747293,253.0,-1,-1,-1.0
9282,9282,25995.75722386113,-5537.49046677618,193.0,-1,-1,-1.0
9283,9283,13816.218493076136,-27087.28470451235,427.0,-1,3,-1.0
9284,9284,-36954.681205025074,22012.79454862175,248.0,-1,-1,-1.0
9285,9285,13343.705001167153,39239.54213888917,73.0,-1,-1,-1.0
9286,9286,32450.8075141421,18810.3025769322,385.0,-1,-1,-1.0
9287,9287,-26679.35191347117,21303.22447472668,199.0,-1,-1,-1.0
9288,9288,-19723.646199795137,38660.85618842885,271.0,-1,-1,-1.0
9289,9289,32428.069003602766,-5725.543906836407,281.0,-1,-1,-1.0
9290,9290,-4919.1736855415365,-24821.91575536498,281.0,-1,25,-1.0
9291,9291,-10814.223190034172,-6899.309645671427,265.0,-1,-1,-1.0
9292,9292,-33375.16314137207,-25770.221328885676,224.0,-1,-1,-1.0
9293,9293,17503.977466369368,6523.362837741435,312.0,-1,2,-1.0
9294,9294,-36628.37543284291,-6415.19078266657,233.0,-1,-1,-1.0
9295,9295,38917.02316971737,-31750.734984675717,155.0,-1,-1,-1.0
9296,9296,16454.14781448106,31158.290496625938,150.0,-1,-1,-1.0
9297,9297,-31597.914875883405,-26131.39539633884,83.0,-1,-1,-1.0
9298,9298,25818.185529540904,19954.45322020093,87.0,-1,18,-1.0
9299,9299,-21376.94723859536,19241.386857194582,168.0,-1,-1,-1.0
9300,9300,-2665.077049224681,-3837.1774849979192,156.0,-1,-1,-1.0
9301,9301,38312.12246568542,-37616.69882286,18.0,-1,21,-1.0
9302,9302,-8724.70798965617,11395.103845471152,337.0,-1,-1,-1.0
9303,9303,6296.65809470637,1006.5612055054808,251.0,-1,14,-1.0
9304,9304,2693.853209499852,-33249.237598059124,168.0,-1,1,-1.0
9305,9305,-16454.03482001168,-32549.05030433584,201.0,-1,36,42.0
9306,9306,18468.65460776976,-28024.690391042568,195.0,-1,3,-1.0
9307,9307,8537.344574721537,-32406.409291728247,461.0,-1,-1,-1.0
9308,9308,-10298.603974116131,-37494.84550007716,493.0,-1,-1,-1.0
9309,9309,10436.105498422949,4751.553637992642,369.0,-1,-1,-1.0
9310,9310,-17366.98857510266,24191.207245251277,50.0,-1,-1,-1.0
9311,9311,24085.23737286748,14585.95300134304,67.0,-1,-1,-1.0
9312,9312,-939.6289237764504,15237.124430965116,86.0,-1,-1,-1.0
9313,9313,30805.729428458057,28803.31280311756,487.0,-1,-1,-1.0
9314,9314,-17172.618905031588,-27907.427363723604,265.0,-1,36,-1.0
9315,9315,15778.04909526671,33675.7921964806,428.0,-1,47,-1.0
9316,9316,18168.32782205769,36747.64676494665,98.0,-1,30,-1.0
9317,9317,12626.503740967994,5984.827967214362,78.0,-1,-1,-1.0
9318,9318,-20112.703983919724,-6481.361695035754,16.0,-1,-1,-1.0
9319,9319,-19777.462233945585,2285.865290128844,322.0,-1,-1,-1.0
9320,9320,-33747.36398052474,15478.723858896818,56.0,-1,24,-1.0
9321,9321,4557.301737221605,19976.887276030877,223.0,-1,-1,-1.0
9322,9322,27964.548881631534,-12786.644337847967,114.0,-1,45,52.0
9323,9323,18393.06018718851,34895.64312565254,476.0,-1,-1,-1.0
9324,9324,-26534.32142760291,-36154.15907299618,102.0,-1,-1,-1.0
9325,9325,-14006.544326632693,-5842.379232249827,247.0,-1,-1,-1.0
9326,9326,14904.744589551512,1542.6613354688088,237.0,-1,2,-1.0
9327,9327,-23018.079218682757,-31211.54638611091,483.0,-1,-1,-1.0
9328,9328,-8647.74452238132,33899.06450994531,161.0,-1,-1,-1.0
9329,9329,24656.924942572165,31415.09255606658,387.0,-1,-1,-1.0
9330,9330,-39865.83518441522,25783.67757686251,400.0,-1,-1,-1.0
9331,9331,-24585.8543069414,38230.25768676237,183.0,-1,-1,-1.0
9332,9332,-17929.877675651856,38577.60016007701,40.0,-1,-1,-1.0
9333,9333,-2189.826836155218,14684.5947087261,256.0,-1,-1,-1.0
9334,9334,-33347.66476124031,15997.858107909124,60.0,-1,24,-1.0
9335,9335,-17815.056739731823,30919.18815378181,322.0,-1,-1,-1.0
9336,9336,22264.5922852727,-23167.858243497816,308.0,-1,-1,-1.0
9337,9337,-17131.784673317972,-30650.54675885662,493.0,-1,36,-1.0
9338,9338,-25895.76974858865,-35073.93167576736,436.0,-1,-1,-1.0
9339,9339,-38338.74555113624,-7228.22878160885,150.0,-1,-1,-1.0
9340,9340,4052.235893019417,-16992.84504825753,281.0,-1,31,-1.0
9341,9341,25612.94741870716,18123.48055409732,101.0,-1,-1,-1.0
9342,9342,-34076.69066881601,-2413.891983072346,60.0,-1,-1,-1.0
9343,9343,-8049.526082395299,24314.334627265984,363.0,-1,-1,-1.0
9344,9344,3039.8892798165107,19555.37989046337,445.0,-1,-1,-1.0
9345,9345,17712.561053406236,-36936.96888359033,303.0,-1,-1,-1.0
9346,9346,916.6251454606828,-28355.89937275536,68.0,-1,-1,-1.0
9347,9347,15825.706253240009,5903.364368051371,343.0,-1,2,-1.0
9348,9348,-21132.23381188781,-14425.966414777396,173.0,-1,-1,-1.0
9349,9349,30478.525576888045,-23678.360972718267,170.0,-1,45,-1.0
9350,9350,6122.5176810016055,22400.063216792598,343.0,-1,-1,-1.0
9351,9351,-36672.89840285596,4497.423374283957,376.0,-1,-1,-1.0
9352,9352,-20239.258268667298,5614.312035448987,378.0,-1,-1,-1.0
9353,9353,39730.23708553577,13920.272615719834,330.0,-1,-1,-1.0
9354,9354,-32652.103902705072,34300.9484516168,446.0,-1,-1,-1.0
9355,9355,-32853.45260517669,6593.913070600531,299.0,-1,-1,-1.0
9356,9356,11441.538630432837,-34023.37007650824,30.0,-1,-1,-1.0
9357,9357,-12738.715312717692,23789.17846238949,144.0,14,48,60.0
9358,9358,-12722.48979800608,23914.707686957947,145.0,14,48,60.0
9359,9359,-12732.28440298879,23896.369268380877,145.0,14,48,60.0
9360,9360,-12722.677137984056,23900.14153695416,145.0,14,48,60.0
9361,9361,-12693.57198124526,23951.021514036143,148.0,14,48,60.0
9362,9362,-12812.360500729785,23960.79525154635,148.0,14,48,60.0
9363,9363,-12712.114728962351,24028.1327267179,150.0,14,48,60.0
9364,9364,-12702.709014799831,24017.61205016918,150.0,14,48,60.0
9365,9365,-12692.38294046676,24137.553117462907,151.0,14,48,60.0
9366,9366,-12722.19612392685,24132.344635427336,151.0,14,48,60.0
9367,9367,-12649.875166369682,24238.840040877283,152.0,14,48,60.0
9368,9368,-12610.801742763846,24297.811589434248,153.0,14,48,60.0
9369,9369,-12699.270411239298,24332.785332642023,153.0,14,48,60.0
9370,9370,-12551.88794375525,24292.933615333677,153.0,14,48,60.0
9371,9371,-12698.865812723256,24302.84852921772,153.0,14,48,60.0
9372,9372,-12527.519947908058,24304.223250367224,155.0,14,48,60.0
9373,9373,-12510.431040294165,24322.842542258444,155.0,14,48,60.0
9374,9374,-12584.95555951049,24359.28249227637,160.0,14,48,60.0
9375,9375,-12478.8582412104,24458.07900058776,161.0,14,48,60.0
9376,9376,-12475.746954624658,24532.006749701475,164.0,14,48,60.0
9377,9377,-12376.901173023263,24527.826533385218,165.0,14,48,60.0
9378,9378,-12401.760525205693,24635.464240409325,165.0,14,48,60.0
9379,9379,-12548.099784111855,24597.496857729097,165.0,14,48,60.0
9380,9380,-12442.579185502796,24697.530469540583,166.0,14,48,60.0
9381,9381,-12495.872360737434,24642.315212327318,166.0,14,48,60.0
9382,9382,-12463.08208755974,24797.586721499538,167.0,14,48,60.0
9383,9383,-12368.35570107175,24721.66509150941,167.0,14,48,60.0
9384,9384,-12495.419389582235,24864.12503339467,168.0,14,48,60.0
9385,9385,-12374.93029554533,24849.01121822009,168.0,14,48,60.0
9386,9386,-12354.965498995563,24957.89030630615,169.0,14,48,60.0
9387,9387,-12445.794995692357,25051.91024975224,170.0,14,48,60.0
9388,9388,-12414.984430767294,25135.96752052025,171.0,14,48,60.0
9389,9389,-12401.833845007734,25234.285311772644,175.0,14,48,60.0
9390,9390,-12439.386084168393,25367.474422908508,176.0,14,48,60.0
9391,9391,-12492.2238146434,25437.85143154421,177.0,14,48,60.0
9392,9392,-12418.970791056538,25442.64259088458,177.0,14,48,60.0
9393,9393,-12391.847852119274,25460.48095322624,177.0,14,48,60.0
9394,9394,-12434.487173070507,25568.75661059962,178.0,14,48,60.0
9395,9395,-12440.358040204968,25672.593439627693,181.0,14,48,60.0
9396,9396,-12398.774633402623,25645.59884843169,181.0,14,48,60.0
9397,9397,-12320.389175077107,25616.32294133085,181.0,14,48,60.0
9398,9398,-12449.0508495361,25754.953707136006,182.0,14,48,60.0
9399,9399,-12400.005120425012,25699.39884105026,182.0,14,48,60.0
9400,9400,-12374.087874424962,25736.71890114023,183.0,14,48,60.0
9401,9401,-12379.858082478311,25824.685889282177,184.0,14,48,60.0
9402,9402,-12310.959719894803,25817.21911915826,184.0,14,48,60.0
9403,9403,-12262.53031014936,25910.149667885584,186.0,14,48,60.0
9404,9404,-12294.983695657042,25866.145799210863,186.0,14,48,60.0
9405,9405,-12170.526329438182,25957.39415581204,187.0,14,48,60.0
9406,9406,-12396.006121490582,25879.71674824344,187.0,14,48,60.0
9407,9407,-12280.464802469807,25999.895117706663,188.0,14,48,60.0
9408,9408,-12316.268607755745,26113.15355335891,189.0,14,48,60.0
9409,9409,-12378.35510040334,26194.200726413565,191.0,14,48,60.0
9410,9410,-12336.46604710138,26202.274732082464,191.0,14,48,60.0
9411,9411,-12287.73232217619,26310.41405159576,192.0,14,48,60.0
9412,9412,-12349.377791438988,26298.753456911672,192.0,14,48,60.0
9413,9413,-12442.743149309968,26343.127669878188,193.0,14,48,60.0
9414,9414,-12461.80660383826,26440.903522916167,194.0,14,48,60.0
9415,9415,-12535.594918121607,26520.47155323925,196.0,14,48,60.0
9416,9416,-12521.692218815224,26647.68278046226,197.0,14,48,60.0
9417,9417,-12509.74758746047,26594.868178757388,197.0,14,48,60.0
9418,9418,-12405.829028769853,26672.99271017736,200.0,14,48,60.0
9419,9419,-12474.537625530154,26739.864177167303,200.0,14,48,60.0
9420,9420,-12349.148982436756,26696.59216060809,203.0,14,48,60.0
9421,9421,-12241.344439942162,26704.6357125019,204.0,14,48,60.0
9422,9422,-12285.382697224675,26814.855584358666,205.0,14,48,60.0
9423,9423,-12158.12831097871,26804.749410035573,205.0,14,48,60.0
9424,9424,-12281.801760943084,26876.415364449484,206.0,14,48,60.0
9425,9425,-12330.090803993162,26962.258114392906,208.0,14,48,60.0
9426,9426,-12236.407531883167,26930.59613625232,208.0,14,48,60.0
9427,9427,-12410.980132142096,26911.0931536858,208.0,14,48,60.0
9428,9428,-12368.803085478265,27035.83967019288,209.0,14,48,60.0
9429,9429,-12429.93120723082,26991.32803223633,209.0,14,48,60.0
9430,9430,-12324.40583264759,26987.830745753847,210.0,14,48,60.0
9431,9431,-12423.58410459834,27091.38384637012,210.0,14,48,60.0
9432,9432,-12310.096901305624,27073.876552839825,211.0,14,48,60.0
9433,9433,-12418.358262469856,27115.06109550187,211.0,14,48,60.0
9434,9434,-12393.20172237937,27212.644368692392,213.0,14,48,60.0
9435,9435,-12457.234258639532,27323.07973050655,214.0,14,48,60.0
9436,9436,-12551.268238770595,27330.09016085477,217.0,14,48,60.0
9437,9437,-12417.287833147073,27438.98420384393,217.0,14,48,60.0
9438,9438,-12568.29481137929,27523.232911787185,218.0,14,48,60.0
9439,9439,-12571.929889407484,27616.59676802638,219.0,14,48,60.0
9440,9440,-12587.160065088898,27682.9605090718,220.0,14,48,60.0
9441,9441,-12536.977755742126,27792.484075267632,221.0,14,48,60.0
9442,9442,-12455.91564720753,27870.194603443862,222.0,14,48,60.0
9443,9443,-12620.477791344258,27829.23790679825,222.0,14,48,60.0
9444,9444,-12492.393439420077,27918.19637808337,223.0,14,48,60.0
9445,9445,-12590.707934563345,27969.437970906587,223.0,14,48,60.0
9446,9446,-12540.53533691536,27961.63049319986,223.0,14,48,60.0
9447,9447,-12485.788932011694,27938.589069151003,223.0,14,48,60.0
9448,9448,-12547.281495036328,28050.447311917145,225.0,14,48,60.0
9449,9449,-12468.29235058028,28101.7521402886,226.0,14,48,60.0
9450,9450,-12432.580114918785,28179.046390137228,227.0,14,48,60.0
9451,9451,-12332.133916253051,28159.836752258278,228.0,14,48,60.0
9452,9452,-12528.793985395334,28270.47665738313,228.0,14,48,60.0
9453,9453,-12468.76340247306,28314.06188515288,232.0,14,48,60.0
9454,9454,-12472.228528741443,28393.478654672443,233.0,14,48,60.0
9455,9455,-12438.108271348045,28472.75301076197,234.0,14,48,60.0
9456,9456,-12532.84136317506,28469.404761365844,234.0,14,48,60.0
9457,9457,-12434.328254370872,28521.316967869618,236.0,14,48,60.0
9458,9458,-12339.289368415017,28573.90518231598,237.0,14,48,60.0
9459,9459,-12338.047400942622,28690.902258226582,238.0,14,48,60.0
9460,9460,-12401.360528688874,28730.45892533474,239.0,14,48,60.0
9461,9461,-12430.665773336692,28827.659326305307,240.0,14,48,60.0
9462,9462,-12471.437820957795,28911.62731254983,242.0,14,48,60.0
9463,9463,-12391.78603716634,28979.348760517616,243.0,14,48,60.0
9464,9464,-12425.712423718536,29012.224186312706,243.0,14,48,60.0
9465,9465,-12385.92366975442,28931.288393391093,243.0,14,48,60.0
9466,9466,-12400.122137662149,29049.07778796367,244.0,14,48,60.0
9467,9467,-12423.211362689735,29069.427096547457,244.0,14,48,60.0
9468,9468,-12439.96003545214,29154.225513132536,245.0,14,48,60.0
9469,9469,-12472.49919267771,29226.03017444285,246.0,14,48,60.0
9470,9470,-12489.369798963682,29330.71114506261,247.0,14,48,60.0
9471,9471,-12372.537919090728,29376.987122292816,248.0,14,48,60.0
9472,9472,-12511.620603877498,29404.80060423455,248.0,14,48,60.0
9473,9473,-12554.476744069274,29411.965934705106,248.0,14,48,60.0
9474,9474,-12497.252330235217,29445.160638484904,250.0,14,48,60.0
9475,9475,-12495.675619069414,29465.509377580343,250.0,14,48,60.0
9476,9476,-12473.67272491776,29522.480304324912,251.0,14,48,60.0
9477,9477,-12513.450522271847,29539.19632851144,251.0,14,48,60.0
9478,9478,-12376.063828220822,29537.463910385333,251.0,14,48,60.0
9479,9479,-12354.571148062409,29535.45913322611,252.0,14,48,60.0
9480,9480,-12415.292855042604,29630.47739212049,253.0,14,48,60.0
9481,9481,-12397.7081063081,29646.80261166997,253.0,14,48,60.0
9482,9482,-12329.412497809246,29604.32567355925,253.0,14,48,60.0
9483,9483,-12488.530839939427,29642.8337069848,254.0,14,48,60.0
9484,9484,-12368.7785101575,29698.1239403253,255.0,14,48,60.0
9485,9485,-12311.01031501946,29730.807768828672,255.0,14,48,60.0
9486,9486,-12605.262226347832,29600.872482829524,256.0,14,48,60.0
9487,9487,-12332.232122855616,29834.844681751685,256.0,14,48,60.0
9488,9488,-12307.543894474156,29791.602916196127,256.0,14,48,60.0
9489,9489,-12543.836049190246,29691.55101914391,257.0,14,48,60.0
9490,9490,-12317.077022545727,29909.578597959877,257.0,14,48,60.0
9491,9491,-12576.305388930645,29780.27044230411,258.0,14,48,60.0
9492,9492,-12506.712877084205,29806.012446248715,258.0,14,48,60.0
9493,9493,-12211.638958326108,29904.46926513184,258.0,14,48,60.0
9494,9494,-12322.210195005158,29990.345711924776,258.0,14,48,60.0
9495,9495,-12189.947470932417,29993.88929980885,259.0,14,48,60.0
9496,9496,-12517.553467963366,29901.95708472492,260.0,14,48,60.0
9497,9497,-12627.905097521569,29995.71445601161,261.0,14,48,60.0
9498,9498,-12556.617624991972,30011.927058391688,261.0,14,48,60.0
9499,9499,-12188.296486279423,30087.343219145085,261.0,14,48,60.0
9500,9500,-12694.622652757143,30049.59212874189,262.0,14,48,60.0
9501,9501,-12588.136831163614,30080.669259143357,262.0,14,48,60.0
9502,9502,-12133.937966698242,30134.620345798456,262.0,14,48,60.0
9503,9503,-12161.053458749002,30147.52845594281,262.0,14,48,60.0
9504,9504,-12250.463071586371,30177.088322396103,262.0,14,48,60.0
9505,9505,-12103.881678037167,30093.82877203976,262.0,14,48,60.0
9506,9506,-12270.97875882581,30178.23605880835,262.0,14,48,60.0
9507,9507,-12760.425340966693,30123.51084446001,263.0,14,48,60.0
9508,9508,-12556.349869663336,30131.96620947385,263.0,14,48,60.0
9509,9509,-12085.8064907046,30152.862002067028,263.0,14,48,60.0
9510,9510,-12257.672452555576,30169.659655738807,263.0,14,48,60.0
9511,9511,-12171.749259449036,30260.245918171106,263.0,14,48,60.0
9512,9512,-12640.296493946244,30240.53116412992,264.0,14,48,60.0
9513,9513,-12248.587335185655,30244.613627294933,264.0,14,48,60.0
9514,9514,-12197.62192743001,30274.438731997438,265.0,14,48,60.0
9515,9515,-12591.045231370856,30304.350654178124,266.0,14,48,60.0
9516,9516,-12593.032565286594,30332.72691986201,266.0,14,48,60.0
9517,9517,-12603.905733843523,30400.409870697094,267.0,14,48,60.0
9518,9518,-12297.192115330408,30289.48370661848,267.0,14,48,60.0
9519,9519,-12123.305951359062,30332.349194169277,267.0,14,48,60.0
9520,9520,-12192.89995124374,30386.478420040447,267.0,14,48,60.0
9521,9521,-12536.752039635656,30490.242088489773,268.0,14,48,60.0
9522,9522,-12207.58743368423,30430.28678175623,268.0,14,48,60.0
9523,9523,-12195.416988379871,30432.73973262568,268.0,14,48,60.0
9524,9524,-12149.779394358684,30393.131464930568,268.0,14,48,60.0
9525,9525,-12146.007903684758,30365.70322445224,268.0,14,48,60.0
9526,9526,-12198.512319495014,30493.752319882,269.0,14,48,60.0
9527,9527,-12265.484165034071,30464.317883706117,269.0,14,48,60.0
9528,9528,-12602.445534283292,30548.26352241236,270.0,14,48,60.0
9529,9529,-12578.282893707592,30634.962000781456,271.0,14,48,60.0
9530,9530,-12322.962539861528,30573.822152357272,271.0,14,48,60.0
9531,9531,-12612.85729107548,30737.03775215502,272.0,14,48,60.0
9532,9532,-12578.716092817882,30717.31738282228,272.0,14,48,60.0
9533,9533,-12598.158877274198,30745.71782462125,272.0,14,48,60.0
9534,9534,-12646.976283638234,30841.179882570403,273.0,14,48,60.0
9535,9535,-12394.185135787233,30671.754437295363,273.0,14,48,60.0
9536,9536,-12715.214160175115,30861.26166547791,274.0,14,48,60.0
9537,9537,-12258.284289044574,30560.56983562501,274.0,14,48,60.0
9538,9538,-12198.77548351616,30547.813429119626,274.0,14,48,60.0
9539,9539,-12396.099510958997,30786.192198858364,274.0,14,48,60.0
9540,9540,-12236.454130252176,30654.429358898386,275.0,14,48,60.0
9541,9541,-12513.42508320715,30817.466620174066,275.0,14,48,60.0
9542,9542,-12175.324844261057,30674.33318900046,276.0,14,48,60.0
9543,9543,-12257.853990931504,30728.868885630272,276.0,14,48,60.0
9544,9544,-12694.244928543252,30952.64419933065,277.0,14,48,60.0
9545,9545,-12124.923342395054,30717.02277172512,277.0,14,48,60.0
9546,9546,-12496.249173983952,30903.624706001607,277.0,14,48,60.0
9547,9547,-12603.198464568795,30852.109587012328,277.0,14,48,60.0
9548,9548,-12494.760466486823,30914.62935255348,277.0,14,48,60.0
9549,9549,-12605.94648904206,30860.23906573544,277.0,14,48,60.0
9550,9550,-12416.659031384288,30801.892111539302,277.0,14,48,60.0
9551,9551,-12598.227985802549,30944.18138501373,278.0,14,48,60.0
9552,9552,-12548.030100189928,30968.834407586248,278.0,14,48,60.0
9553,9553,-12523.509444402129,30954.98827984762,278.0,14,48,60.0
9554,9554,-12649.779878340298,31042.125891317864,279.0,14,48,60.0
9555,9555,-12593.058045949583,31104.80323021865,280.0,14,48,60.0
9556,9556,-12664.7752991934,31137.938868318884,280.0,14,48,60.0
9557,9557,-12674.392153864896,31105.97954382063,280.0,14,48,60.0
9558,9558,-12623.311964071992,31026.274544372456,280.0,14,48,60.0
9559,9559,-12758.264721823663,31193.981692833186,281.0,14,48,60.0
9560,9560,-12194.013799113434,30771.14132688664,281.0,14,48,60.0
9561,9561,-12784.024823830014,31333.963731932454,282.0,14,48,60.0
9562,9562,-12237.986194513684,30868.49399566909,282.0,14,48,60.0
9563,9563,-12683.143542171898,31110.163572216083,282.0,14,48,60.0
9564,9564,-12620.887288854454,31190.142590860905,282.0,14,48,60.0
9565,9565,-12809.609298985615,31427.546203984133,283.0,14,48,60.0
9566,9566,-12178.38455968218,30929.57106891467,283.0,14,48,60.0
9567,9567,-12179.86097281326,30935.0467170311,283.0,14,48,60.0
9568,9568,-12196.603565082289,30918.92477989456,283.0,14,48,60.0
9569,9569,-12726.28006875592,31121.84366864213,283.0,14,48,60.0
9570,9570,-12700.428554508324,31216.543680042723,283.0,14,48,60.0
9571,9571,-12695.191272296472,31237.584722730397,283.0,14,48,60.0
9572,9572,-12175.701319197666,30970.000121657013,284.0,14,48,60.0
9573,9573,-12815.018126208435,31171.17458149766,284.0,14,48,60.0
9574,9574,-12181.397906974546,31075.72158922755,285.0,14,48,60.0
9575,9575,-12713.913706216146,31494.78927508354,286.0,14,48,60.0
9576,9576,-12815.725203431435,31262.573358201756,286.0,14,48,60.0
9577,9577,-12820.15682159963,31263.504305201717,286.0,14,48,60.0
9578,9578,-12748.72152703588,31563.110245557116,287.0,14,48,60.0
9579,9579,-12180.180072768126,31145.87683577544,287.0,14,48,60.0
9580,9580,-12201.1405061344,31164.20876054514,287.0,14,48,60.0
9581,9581,-12250.971745997322,31252.19618648061,288.0,14,48,60.0
9582,9582,-12217.062681384548,31246.430382031274,288.0,14,48,60.0
9583,9583,-12156.14374443273,31257.18417546714,288.0,14,48,60.0
9584,9584,-12214.039353431,31301.510887803182,288.0,14,48,60.0
9585,9585,-12866.359329227726,31370.340431637047,288.0,14,48,60.0
9586,9586,-12831.98772708156,31659.156893202995,289.0,14,48,60.0
9587,9587,-12275.296068455436,31347.46654253172,289.0,14,48,60.0
9588,9588,-12150.622253320296,31327.305351627307,289.0,14,48,60.0
9589,9589,-12898.47626405247,31441.00495867447,289.0,14,48,60.0
9590,9590,-12942.418993202027,31378.60152990836,289.0,14,48,60.0
9591,9591,-12977.859493330703,31399.82561715003,289.0,14,48,60.0
9592,9592,-12849.714033617443,31755.78647425393,290.0,14,48,60.0
9593,9593,-12832.227678398103,31762.03075048798,290.0,14,48,60.0
9594,9594,-12858.11755097804,31784.06016110954,290.0,14,48,60.0
9595,9595,-12315.473388163451,31413.28773208566,290.0,14,48,60.0
9596,9596,-12979.230910471357,31508.479555206723,290.0,14,48,60.0
9597,9597,-12821.280778041051,31890.120178351302,291.0,14,48,60.0
9598,9598,-12826.855404927594,31878.043001136022,291.0,14,48,60.0
9599,9599,-12272.381504377476,31457.638964920065,291.0,14,48,60.0
9600,9600,-13006.072695616624,31576.883856078937,291.0,14,48,60.0
9601,9601,-13001.19076323486,31601.19917029148,291.0,14,48,60.0
9602,9602,-12936.469371537449,31613.827287835127,291.0,14,48,60.0
9603,9603,-12833.54180646924,31984.052202793195,292.0,14,48,60.0
9604,9604,-12764.555208434524,31937.32957906361,292.0,14,48,60.0
9605,9605,-12906.150537967203,31991.644264151437,293.0,14,48,60.0
9606,9606,-12774.8545660841,32074.723421627248,293.0,14,48,60.0
9607,9607,-12146.388948212702,31439.62885617873,293.0,14,48,60.0
9608,9608,-12914.192457751304,31606.61004388322,293.0,14,48,60.0
9609,9609,-12780.470840919354,32131.742897466567,294.0,14,48,60.0
9610,9610,-12038.041554016963,31482.60627674764,294.0,14,48,60.0
9611,9611,-12974.69797952057,31658.041615089074,294.0,14,48,60.0
9612,9612,-12885.474733122635,32197.1583978348,295.0,14,48,60.0
9613,9613,-12757.718083602356,32199.382907636253,295.0,14,48,60.0
9614,9614,-12718.031443577169,32184.489096176767,295.0,14,48,60.0
9615,9615,-12073.022638470093,31547.219753826867,295.0,14,48,60.0
9616,9616,-11995.65179601852,31560.972837175308,295.0,14,48,60.0
9617,9617,-12029.447307075638,31601.38496323038,295.0,14,48,60.0
9618,9618,-11933.453323187932,31513.326765981365,295.0,14,48,60.0
9619,9619,-12929.264699114274,31741.60328728008,295.0,14,48,60.0
9620,9620,-13011.424634347004,31767.61873844557,295.0,14,48,60.0
9621,9621,-12038.698559801223,31663.728881813047,296.0,14,48,60.0
9622,9622,-12073.318953808575,31618.0451183854,296.0,14,48,60.0
9623,9623,-12915.494281086732,31851.66883035126,296.0,14,48,60.0
9624,9624,-12908.650234576828,31959.32460998908,297.0,14,48,60.0
9625,9625,-12072.304856919329,31730.020173187026,298.0,14,48,60.0
9626,9626,-12002.077802135887,31659.843413111656,298.0,14,48,60.0
9627,9627,-12726.89158925533,32259.51735511368,299.0,14,48,60.0
9628,9628,-12829.108350858824,32243.732544901835,299.0,14,48,60.0
9629,9629,-13004.51083795838,32019.436390578303,299.0,14,48,60.0
9630,9630,-12979.030045873658,32035.263072564856,299.0,14,48,60.0
9631,9631,-12808.335570258529,31988.53367162455,299.0,14,48,60.0
9632,9632,-12829.992568089914,32355.250404601124,300.0,14,48,60.0
9633,9633,-12829.52384315628,32323.413872851805,300.0,14,48,60.0
9634,9634,-11961.403049851016,31688.849027315675,300.0,14,48,60.0
9635,9635,-11985.613180775612,31809.371000816576,300.0,14,48,60.0
9636,9636,-12099.970778914603,31721.71451625857,300.0,14,48,60.0
9637,9637,-12836.770555330604,32422.03081642534,301.0,14,48,60.0
9638,9638,-12743.527748982202,32411.334557291288,301.0,14,48,60.0
9639,9639,-12001.205885970214,31816.74259350537,301.0,14,48,60.0
9640,9640,-11966.113597856243,31770.977655291357,301.0,14,48,60.0
9641,9641,-13004.660679370696,31956.502496686044,301.0,14,48,60.0
9642,9642,-12830.488977736552,32524.122456667083,302.0,14,48,60.0
9643,9643,-12747.382153327038,32499.32971797414,302.0,14,48,60.0
9644,9644,-12060.834379753676,31771.99224861455,302.0,14,48,60.0
9645,9645,-13085.405162977308,31981.465469912004,302.0,14,48,60.0
9646,9646,-12000.721696315475,31868.208788856424,303.0,14,48,60.0
9647,9647,-12684.079235580966,32609.37962732537,304.0,14,48,60.0
9648,9648,-12769.45112163662,32626.627150087654,304.0,14,48,60.0
9649,9649,-13143.73813677428,32028.174647692336,304.0,14,48,60.0
9650,9650,-13110.468208477128,32076.878199149283,304.0,14,48,60.0
9651,9651,-12001.081927403377,31942.45782277877,305.0,14,48,60.0
9652,9652,-12009.64685140504,31918.229788160406,305.0,14,48,60.0
9653,9653,-13194.269233835445,32166.13200880918,305.0,14,48,60.0
9654,9654,-11858.752607535216,31912.078936912418,306.0,14,48,60.0
9655,9655,-13143.70726435068,32250.710490197554,306.0,14,48,60.0
9656,9656,-13266.37969843572,32237.3552218724,306.0,14,48,60.0
9657,9657,-13257.480921744802,32106.04997965359,306.0,14,48,60.0
9658,9658,-11871.196803948207,32021.880050916687,307.0,14,48,60.0
9659,9659,-11930.468924476723,32016.2643435397,307.0,14,48,60.0
9660,9660,-11875.571662903483,32051.578569642093,307.0,14,48,60.0
9661,9661,-13268.233695877225,32286.947009548745,307.0,14,48,60.0
9662,9662,-12696.217445888287,32700.74985760276,308.0,14,48,60.0
9663,9663,-12690.277343458893,32701.46544208363,308.0,14,48,60.0
9664,9664,-12750.514534525808,32719.73327593364,308.0,14,48,60.0
9665,9665,-11935.321970678448,32135.61477502734,308.0,14,48,60.0
9666,9666,-11868.198301319007,32150.45177591365,308.0,14,48,60.0
9667,9667,-13265.641371230731,32404.886918203963,309.0,14,48,60.0
9668,9668,-12026.008757008582,32133.655776267544,310.0,14,48,60.0
9669,9669,-11841.994025934966,32198.591116992047,310.0,14,48,60.0
9670,9670,-11874.568406155096,32253.77015346012,310.0,14,48,60.0
9671,9671,-11878.794515488513,32259.91387865449,311.0,14,48,60.0
9672,9672,-11878.45310726695,32304.237961762057,311.0,14,48,60.0
9673,9673,-11836.21767621807,32271.06799198938,311.0,14,48,60.0
9674,9674,-13377.168728241764,32418.240031064117,311.0,14,48,60.0
9675,9675,-12623.537225651133,32769.55388313115,312.0,14,48,60.0
9676,9676,-12597.314774130024,32801.81970259508,312.0,14,48,60.0
9677,9677,-11800.400220518271,32365.52173464426,312.0,14,48,60.0
9678,9678,-11765.510611471598,32468.563938471285,313.0,14,48,60.0
9679,9679,-11819.160214247124,32432.278396006004,313.0,14,48,60.0
9680,9680,-13422.790652824247,32474.077494449823,313.0,14,48,60.0
9681,9681,-12655.536350474787,32832.713850188666,314.0,14,48,60.0
9682,9682,-11857.413682200557,32540.84296351477,314.0,14,48,60.0
9683,9683,-13516.758954219504,32537.596872482987,314.0,14,48,60.0
9684,9684,-13437.093277527993,32588.49260321083,314.0,14,48,60.0
9685,9685,-13409.09469604073,32619.17401474486,314.0,14,48,60.0
9686,9686,-13498.277075063788,32453.628834469637,314.0,14,48,60.0
9687,9687,-13434.282054819025,32563.077621942608,314.0,14,48,60.0
9688,9688,-12628.934242226514,32929.10221032578,315.0,14,48,60.0
9689,9689,-11789.956294477126,32569.760104263823,315.0,14,48,60.0
9690,9690,-11822.60909568439,32639.632918914565,315.0,14,48,60.0
9691,9691,-13390.48266286132,32643.336027880297,315.0,14,48,60.0
9692,9692,-13501.172505131286,32632.738223000088,315.0,14,48,60.0
9693,9693,-12616.064575859018,33017.51503467009,316.0,14,48,60.0
9694,9694,-13552.321073470464,32670.475551371128,316.0,14,48,60.0
9695,9695,-13444.657735108174,32691.615317006617,316.0,14,48,60.0
9696,9696,-12538.013197231994,33054.33474443465,317.0,14,48,60.0
9697,9697,-12702.486407433666,33138.80112445539,317.0,14,48,60.0
9698,9698,-11788.862232453495,32713.85391719154,317.0,14,48,60.0
9699,9699,-13572.021734823044,32732.56514498094,317.0,14,48,60.0
9700,9700,-13568.521571441142,32688.687323824408,317.0,14,48,60.0
9701,9701,-13609.079640772256,32743.444546677463,317.0,14,48,60.0
9702,9702,-12643.145997231606,33230.7777228274,318.0,14,48,60.0
9703,9703,-11759.799708521055,32801.7044170332,318.0,14,48,60.0
9704,9704,-11835.944269344478,32778.357990425524,318.0,14,48,60.0
9705,9705,-13677.950320432688,32706.780784444338,318.0,14,48,60.0
9706,9706,-13465.11974058352,32778.53617634865,318.0,14,48,60.0
9707,9707,-12545.69891654896,33243.56210517814,319.0,14,48,60.0
9708,9708,-13544.723165019275,32862.7531490157,319.0,14,48,60.0
9709,9709,-13619.718225496512,32826.80814337677,319.0,14,48,60.0
9710,9710,-12594.692231206072,33359.703918093786,320.0,14,48,60.0
9711,9711,-11819.793014493813,32878.16561093021,320.0,14,48,60.0
9712,9712,-11868.858886497928,32841.948056069254,320.0,14,48,60.0
9713,9713,-11825.89942901429,32895.85102363406,320.0,14,48,60.0
9714,9714,-11735.379328224848,32891.242284452754,320.0,14,48,60.0
9715,9715,-13644.525880985224,32812.01278700079,320.0,14,48,60.0
9716,9716,-12693.416363940434,33431.76545060617,321.0,14,48,60.0
9717,9717,-13551.277712000585,32875.92599488367,321.0,14,48,60.0
9718,9718,-12621.384748061875,33520.32015619677,323.0,14,48,60.0
9719,9719,-12715.010297682613,33532.18105687124,323.0,14,48,60.0
9720,9720,-11827.960824238986,32990.43628953661,323.0,14,48,60.0
9721,9721,-11716.34439714784,32894.862978298515,323.0,14,48,60.0
9722,9722,-12635.830564872544,33619.24664991709,324.0,14,48,60.0
9723,9723,-11673.090103422826,32935.28233089589,324.0,14,48,60.0
9724,9724,-13552.672053200911,32994.16804617809,324.0,14,48,60.0
9725,9725,-13583.748279994144,32972.05013764039,324.0,14,48,60.0
9726,9726,-12696.880951077765,33713.00400825341,325.0,14,48,60.0
9727,9727,-12553.36494485266,33688.69058776603,325.0,14,48,60.0
9728,9728,-11731.923635641766,33038.04523103859,325.0,14,48,60.0
9729,9729,-11558.41250740089,32996.42918109342,325.0,14,48,60.0
9730,9730,-11592.981006452432,32881.62098116183,325.0,14,48,60.0
9731,9731,-11604.236002341211,32993.1225502291,325.0,14,48,60.0
9732,9732,-13578.180867215688,33107.89071423038,325.0,14,48,60.0
9733,9733,-12500.27338033626,33671.10293032137,326.0,14,48,60.0
9734,9734,-11522.725289783531,33065.94276851512,326.0,14,48,60.0
9735,9735,-13545.79083180163,33200.127072372605,326.0,14,48,60.0
9736,9736,-13630.576350983045,33188.7586091307,326.0,14,48,60.0
9737,9737,-13609.216313808258,33191.95859221009,326.0,14,48,60.0
9738,9738,-12519.284837427524,33767.277083123045,327.0,14,48,60.0
9739,9739,-12457.347345807057,33724.39030596276,327.0,14,48,60.0
9740,9740,-13709.37992345486,33197.5117000609,327.0,14,48,60.0
9741,9741,-12368.12630017952,33738.616986326255,328.0,14,48,60.0
9742,9742,-11478.776956440446,33058.25259051149,329.0,14,48,60.0
9743,9743,-11451.686607546691,33142.251781569976,329.0,14,48,60.0
9744,9744,-11400.873720406518,33177.211195082404,330.0,14,48,60.0
9745,9745,-11455.260100125452,33202.73946031019,330.0,14,48,60.0
9746,9746,-11504.33309112057,33200.86129515147,330.0,14,48,60.0
9747,9747,-13690.085994709312,33314.57509497362,330.0,14,48,60.0
9748,9748,-11353.44921935594,33304.9978335682,331.0,14,48,60.0
9749,9749,-11469.970413882898,33290.003343150376,331.0,14,48,60.0
9750,9750,-13741.251527848,33381.39414802423,331.0,14,48,60.0
9751,9751,-13755.184552311934,33369.334129744246,331.0,14,48,60.0
9752,9752,-13607.82778315723,33353.409197847504,331.0,14,48,60.0
9753,9753,-12299.051364616347,33809.85683363176,332.0,14,48,60.0
9754,9754,-11414.954135397456,33415.37773628084,332.0,14,48,60.0
9755,9755,-13771.79796692588,33464.219833980234,332.0,14,48,60.0
9756,9756,-12239.081672412634,33845.92328034085,333.0,14,48,60.0
9757,9757,-11442.093498271362,33525.901250568415,333.0,14,48,60.0
9758,9758,-13813.608894580311,33568.61192496313,333.0,14,48,60.0
9759,9759,-12175.411059694989,33910.279056489104,334.0,14,48,60.0
9760,9760,-11386.098010821956,33633.2391012207,334.0,14,48,60.0
9761,9761,-13818.93987375439,33687.636512518766,334.0,14,48,60.0
9762,9762,-12205.501934119187,33987.57699853234,335.0,14,48,60.0
9763,9763,-13794.535736965572,33771.590242267586,335.0,14,48,60.0
9764,9764,-13864.992467799411,33759.33448587297,335.0,14,48,60.0
9765,9765,-12156.776932002173,34087.55743943311,336.0,14,48,60.0
9766,9766,-11415.49038773015,33687.94729711398,336.0,14,48,60.0
9767,9767,-11380.785683215488,33732.49103987541,336.0,14,48,60.0
9768,9768,-11332.14444655508,33710.09479446657,336.0,14,48,60.0
9769,9769,-12053.78817869454,34174.65001520064,337.0,14,48,60.0
9770,9770,-12137.562321950032,34188.93597994324,337.0,14,48,60.0
9771,9771,-12252.873332853573,34118.53243956716,337.0,14,48,60.0
9772,9772,-12161.573459360414,34167.473571452225,337.0,14,48,60.0
9773,9773,-11311.513527828522,33669.29664860743,338.0,14,48,60.0
9774,9774,-13755.985599001851,33834.79167722706,338.0,14,48,60.0
9775,9775,-13970.883508088044,33809.66011954769,338.0,14,48,60.0
9776,9776,-12055.47144889346,34240.215818524855,339.0,14,48,60.0
9777,9777,-11258.45940948004,33735.40723127313,339.0,14,48,60.0
9778,9778,-13945.978462489864,33885.127568733405,339.0,14,48,60.0
9779,9779,-11999.713228201888,34319.72214111409,340.0,14,48,60.0
9780,9780,-12109.831346232397,34285.85964539809,340.0,14,48,60.0
9781,9781,-13848.67746920308,33947.10076605819,340.0,14,48,60.0
9782,9782,-14005.675802141865,33954.326595971004,340.0,14,48,60.0
9783,9783,-13877.150195211649,33958.69401137287,340.0,14,48,60.0
9784,9784,-13965.107721121669,33971.98076263404,340.0,14,48,60.0
9785,9785,-14047.774755408927,33986.53829916893,340.0,14,48,60.0
9786,9786,-11305.11804432474,33786.408763534084,341.0,14,48,60.0
9787,9787,-14029.04968704469,33987.12326516945,341.0,14,48,60.0
9788,9788,-14030.71397825245,33905.91917311399,341.0,14,48,60.0
9789,9789,-13950.674417260492,34031.98853313859,341.0,14,48,60.0
9790,9790,-12014.03431351456,34402.47334408209,342.0,14,48,60.0
9791,9791,-12164.447477105272,34276.2331299638,342.0,14,48,60.0
9792,9792,-12149.895913469009,34411.70799957448,343.0,14,48,60.0
9793,9793,-11245.23924041917,33857.14111592957,343.0,14,48,60.0
9794,9794,-13977.640354941885,34061.80156244326,343.0,14,48,60.0
9795,9795,-14019.38973078133,34087.09481288015,343.0,14,48,60.0
9796,9796,-14052.076024854208,34062.37519317349,343.0,14,48,60.0
9797,9797,-11143.46486260273,33913.37629510716,344.0,14,48,60.0
9798,9798,-11337.166851353091,33790.15947048736,344.0,14,48,60.0
9799,9799,-11174.317289858152,33964.0051683095,345.0,14,48,60.0
9800,9800,-14046.95105530107,34184.44492443641,345.0,14,48,60.0
9801,9801,-12183.91344027154,34529.16919599023,346.0,14,48,60.0
9802,9802,-14074.184708581392,34248.93801478599,346.0,14,48,60.0
9803,9803,-12258.537297938805,34607.45995217922,347.0,14,48,60.0
9804,9804,-11212.100932084752,34031.45615868896,348.0,14,48,60.0
9805,9805,-11180.532195899432,34036.78471220329,348.0,14,48,60.0
9806,9806,-14152.133413168038,34314.40419256413,348.0,14,48,60.0
9807,9807,-14177.113653857345,34314.52010587791,348.0,14,48,60.0
9808,9808,-11168.520775213156,34133.171400985506,349.0,14,48,60.0
9809,9809,-12202.205560915352,34678.42430559624,350.0,14,48,60.0
9810,9810,-12224.464075765423,34690.812928381325,350.0,14,48,60.0
9811,9811,-14124.562513254066,34437.986445274015,350.0,14,48,60.0
9812,9812,-14155.60633220484,34402.99712300694,350.0,14,48,60.0
9813,9813,-14236.373652808565,34414.55446628726,350.0,14,48,60.0
9814,9814,-11125.77495955913,34234.53170040096,351.0,14,48,60.0
9815,9815,-11043.093917450102,34244.88636773586,352.0,14,48,60.0
9816,9816,-11184.253873799207,34310.31372393735,352.0,14,48,60.0
9817,9817,-14242.4648353435,34508.17585442455,352.0,14,48,60.0
9818,9818,-12102.16641575986,34781.986880290875,353.0,14,48,60.0
9819,9819,-12022.98339431281,34858.61953280469,354.0,14,48,60.0
9820,9820,-11133.31357245651,34377.59505043283,354.0,14,48,60.0
9821,9821,-11998.955387156486,34915.094938381495,356.0,14,48,60.0
9822,9822,-11065.42686514909,34314.58874867448,356.0,14,48,60.0
9823,9823,-14287.004743398526,34570.01468650154,356.0,14,48,60.0
9824,9824,-14285.528607769473,34590.82848909104,356.0,14,48,60.0
9825,9825,-12009.83805756094,35000.84474084152,357.0,14,48,60.0
9826,9826,-11105.949548001474,34387.046136753954,357.0,14,48,60.0
9827,9827,-11048.901186659634,34400.765499080226,358.0,14,48,60.0
9828,9828,-14390.713589677496,34583.72090774593,358.0,14,48,60.0
9829,9829,-14314.2457378152,34651.07106563887,358.0,14,48,60.0
9830,9830,-12014.026807656935,35109.771879849824,359.0,14,48,60.0
9831,9831,-12003.82784938871,35107.85260010006,359.0,14,48,60.0
9832,9832,-11081.274489120757,34505.41541477666,359.0,14,48,60.0
9833,9833,-11024.114671204208,34512.12206326795,359.0,14,48,60.0
9834,9834,-14336.399699634558,34717.983529641344,359.0,14,48,60.0
9835,9835,-11052.971021230243,34602.18967852431,360.0,14,48,60.0
9836,9836,-11139.436729612746,34527.79958478291,360.0,14,48,60.0
9837,9837,-14398.89090946544,34785.02994082478,360.0,14,48,60.0
9838,9838,-11092.77811722108,34636.00264895767,361.0,14,48,60.0
9839,9839,-11035.944692564157,34679.55424177235,361.0,14,48,60.0
9840,9840,-11106.188712962712,34693.19658506881,361.0,14,48,60.0
9841,9841,-11983.518039479422,35183.82998227576,362.0,14,48,60.0
9842,9842,-11078.888470728136,34786.20135910842,363.0,14,48,60.0
9843,9843,-11043.1798326646,34855.28234237782,364.0,14,48,60.0
9844,9844,-11000.907470401547,34898.21355582676,364.0,14,48,60.0
9845,9845,-14493.84531681198,34824.90733228056,364.0,14,48,60.0
9846,9846,-11856.67065153254,35228.51627987187,365.0,14,48,60.0
9847,9847,-11931.63233820876,35307.32824304523,365.0,14,48,60.0
9848,9848,-10917.03768492166,34931.90877880393,365.0,14,48,60.0
9849,9849,-14649.89208148851,34864.53193023405,365.0,14,48,60.0
9850,9850,-11805.747710998265,35347.54139719904,366.0,14,48,60.0
9851,9851,-11790.000532922892,35433.55936510752,367.0,14,48,60.0
9852,9852,-10876.177131066925,35021.259661639655,367.0,14,48,60.0
9853,9853,-11689.908924176958,35467.73190142452,368.0,14,48,60.0
9854,9854,-11829.29316075778,35495.76029715516,368.0,14,48,60.0
9855,9855,-11825.57285395441,35562.771278608634,368.0,14,48,60.0
9856,9856,-10780.2126629912,35020.73536150986,368.0,14,48,60.0
9857,9857,-14697.582784444035,34935.16879850706,368.0,14,48,60.0
9858,9858,-11741.023041048282,35608.75856860604,369.0,14,48,60.0
9859,9859,-10725.728336871987,35120.62400975071,371.0,14,48,60.0
9860,9860,-14593.944634700309,34994.475169669335,371.0,14,48,60.0
9861,9861,-10621.719036413077,35206.681881614444,372.0,14,48,60.0
9862,9862,-10631.346636958588,35119.17127842432,372.0,14,48,60.0
9863,9863,-14658.470522859703,35071.2542383579,372.0,14,48,60.0
9864,9864,-11729.635936901994,35716.00044879011,373.0,14,48,60.0
9865,9865,-11658.044087027323,35721.46871141326,373.0,14,48,60.0
9866,9866,-10493.36320347769,35164.1612800123,373.0,14,48,60.0
9867,9867,-14734.400074940484,35109.39309951632,373.0,14,48,60.0
9868,9868,-14735.428244770888,35140.731448362065,373.0,14,48,60.0
9869,9869,-11685.590924629096,35829.49199996556,374.0,14,48,60.0
9870,9870,-14718.346111594536,35228.89808863568,374.0,14,48,60.0
9871,9871,-10420.042335054672,35251.43828170173,375.0,14,48,60.0
9872,9872,-14780.351550477984,35298.2115510668,375.0,14,48,60.0
9873,9873,-11668.195583757048,35900.39191234858,377.0,14,48,60.0
9874,9874,-10330.778153421925,35317.65896234962,377.0,14,48,60.0
9875,9875,-14787.14358205665,35388.52307129236,377.0,14,48,60.0
9876,9876,-14892.365781046548,35279.4889358877,377.0,14,48,60.0
9877,9877,-14845.502935855306,35289.518895866626,377.0,14,48,60.0
9878,9878,-11640.225346650444,36010.99761725969,378.0,14,48,60.0
9879,9879,-10236.971451020416,35370.482258793454,378.0,14,48,60.0
9880,9880,-14816.671394617992,35400.83011543365,378.0,14,48,60.0
9881,9881,-10198.259327507709,35423.3843559282,380.0,14,48,60.0
9882,9882,-10149.963674856115,35345.92771380421,380.0,14,48,60.0
9883,9883,-14886.476395088115,35515.27375260624,380.0,14,48,60.0
9884,9884,-11638.619051906717,36093.33972632286,381.0,14,48,60.0
9885,9885,-10126.761372796553,35455.87727168434,381.0,14,48,60.0
9886,9886,-10097.637499519298,35440.160345451455,381.0,14,48,60.0
9887,9887,-14932.591236180797,35611.26709920296,382.0,14,48,60.0
9888,9888,-11625.464499297428,36178.749177139536,383.0,14,48,60.0
9889,9889,-10078.069157667947,35544.69445969505,383.0,14,48,60.0
9890,9890,-14967.879531810528,35680.51985522214,383.0,14,48,60.0
9891,9891,-15049.55692015969,35594.030321155275,383.0,14,48,60.0
9892,9892,-14943.770462061537,35713.154390029405,383.0,14,48,60.0
9893,9893,-14915.879525580956,35732.113982293835,383.0,14,48,60.0
9894,9894,-15032.25318534995,35579.08807425498,383.0,14,48,60.0
9895,9895,-9971.337419139632,35534.88142179972,384.0,14,48,60.0
9896,9896,-10081.298506007835,35679.64590743878,384.0,14,48,60.0
9897,9897,-15077.840240902458,35693.301041472005,384.0,14,48,60.0
9898,9898,-15055.040547810311,35707.2560460182,384.0,14,48,60.0
9899,9899,-11555.004068666363,36250.02749073791,385.0,14,48,60.0
9900,9900,-10054.532712608094,35676.890025123605,385.0,14,48,60.0
9901,9901,-15009.614191061522,35758.161288586816,385.0,14,48,60.0
9902,9902,-15128.999377478249,35689.840182485175,385.0,14,48,60.0
9903,9903,-10074.429619677016,35773.26656983828,386.0,14,48,60.0
9904,9904,-15154.902438834057,35704.50094660702,386.0,14,48,60.0
9905,9905,-11504.348082027382,36337.797013167095,387.0,14,48,60.0
9906,9906,-10001.812003155384,35823.246612059826,387.0,14,48,60.0
9907,9907,-11616.498128221843,36415.45221358729,389.0,14,48,60.0
9908,9908,-9973.75657695314,35905.504141567246,389.0,14,48,60.0
9909,9909,-9884.001453789802,35873.219931159496,390.0,14,48,60.0
9910,9910,-9783.163199122384,35931.25502732784,391.0,14,48,60.0
9911,9911,-15232.486195536305,35725.24328242895,391.0,14,48,60.0
9912,9912,-11727.505409679628,36451.45675705652,392.0,14,48,60.0
9913,9913,-9730.348514211086,36035.33589928752,392.0,14,48,60.0
9914,9914,-11809.91529289903,36519.7139637145,393.0,14,48,60.0
9915,9915,-9728.860283655124,36116.94753892728,393.0,14,48,60.0
9916,9916,-9785.557315747765,36109.78021153285,393.0,14,48,60.0
9917,9917,-9677.165794333549,36111.9985412825,393.0,14,48,60.0
9918,9918,-11767.135961040867,36613.62752742258,394.0,14,48,60.0
9919,9919,-11894.47743708571,36559.13481513073,394.0,14,48,60.0
9920,9920,-15335.81781161787,35710.95607012805,394.0,14,48,60.0
9921,9921,-15295.900872299311,35799.02826447079,394.0,14,48,60.0
9922,9922,-11809.440589107047,36701.10028734926,395.0,14,48,60.0
9923,9923,-9604.743937579136,36111.81318926546,395.0,14,48,60.0
9924,9924,-9517.696744020335,36181.07537309262,396.0,14,48,60.0
9925,9925,-9649.530920267216,36193.974738847566,396.0,14,48,60.0
9926,9926,-9560.44245115099,36219.28180681496,396.0,14,48,60.0
9927,9927,-15372.76160548978,35864.85061772299,396.0,14,48,60.0
9928,9928,-15392.269723098734,35941.87150456768,397.0,14,48,60.0
9929,9929,-15432.842391961492,35789.14433734822,397.0,14,48,60.0
9930,9930,-15411.703439370462,35775.35242520676,397.0,14,48,60.0
9931,9931,-11815.283523658123,36819.94721979661,398.0,14,48,60.0
9932,9932,-9678.357280945944,36209.4219115745,398.0,14,48,60.0
9933,9933,-9592.139348389048,36282.90517673882,398.0,14,48,60.0
9934,9934,-15345.76933911448,35903.17982807289,398.0,14,48,60.0
9935,9935,-15480.363329279153,35866.14347219445,398.0,14,48,60.0
9936,9936,-11872.94634882715,36892.46856757263,399.0,14,48,60.0
9937,9937,-9632.118790225615,36339.27707204627,399.0,14,48,60.0
9938,9938,-15495.916495755711,35945.017804265415,399.0,14,48,60.0
9939,9939,-9639.56463117666,36447.82647542642,400.0,14,48,60.0
9940,9940,-11776.716007115738,36888.86261202954,401.0,14,48,60.0
9941,9941,-11878.886582931376,37002.71445442292,401.0,14,48,60.0
9942,9942,-9659.092389364616,36521.7404794899,401.0,14,48,60.0
9943,9943,-15445.61973611633,36026.51713710856,401.0,14,48,60.0
9944,9944,-15528.945198711315,36017.185689269514,401.0,14,48,60.0
9945,9945,-15557.427897545733,36028.780020000115,401.0,14,48,60.0
9946,9946,-11751.867703605854,36906.8776490018,402.0,14,48,60.0
9947,9947,-11852.09022462973,37016.70813659136,402.0,14,48,60.0
9948,9948,-9742.643856537816,36558.71417733809,402.0,14,48,60.0
9949,9949,-9582.699354843118,36598.41610949753,402.0,14,48,60.0
9950,9950,-15526.83837023703,36118.07949188026,402.0,14,48,60.0
9951,9951,-15628.702926857128,36196.39913278354,403.0,14,48,60.0
9952,9952,-9569.549692735824,36586.36837858008,404.0,14,48,60.0
9953,9953,-9699.937692679485,36651.13490357059,404.0,14,48,60.0
9954,9954,-11735.570132719298,37053.450913587134,405.0,14,48,60.0
9955,9955,-11884.563728473166,37014.28972186213,405.0,14,48,60.0
9956,9956,-11799.98943758317,37084.85862275279,405.0,14,48,60.0
9957,9957,-9512.98635098135,36661.70006715026,405.0,14,48,60.0
9958,9958,-15697.075180564309,36258.88651819231,405.0,14,48,60.0
9959,9959,-11836.838394421262,37095.161679745965,406.0,14,48,60.0
9960,9960,-9507.77979848933,36770.367443041694,406.0,14,48,60.0
9961,9961,-11940.373695680546,37129.92838085274,407.0,14,48,60.0
9962,9962,-11934.176731043788,37189.47929931357,407.0,14,48,60.0
9963,9963,-11770.130751661662,37168.14898466496,407.0,14,48,60.0
9964,9964,-9562.762006426305,36852.152242997465,407.0,14,48,60.0
9965,9965,-15660.059367398488,36362.36455418506,407.0,14,48,60.0
9966,9966,-11900.33998702937,37267.41626034791,408.0,14,48,60.0
9967,9967,-9473.14922262807,36843.0495746613,408.0,14,48,60.0
9968,9968,-11854.008245517867,37390.392727811246,409.0,14,48,60.0
9969,9969,-9436.781107537314,36917.09376345525,409.0,14,48,60.0
9970,9970,-15697.73917328912,36444.88742381435,409.0,14,48,60.0
9971,9971,-15668.56782535761,36463.25344576104,409.0,14,48,60.0
9972,9972,-11782.244549022658,37476.02270336873,410.0,14,48,60.0
9973,9973,-11901.9212274886,37478.29980020798,410.0,14,48,60.0
9974,9974,-9406.967020798364,37022.355923259456,410.0,14,48,60.0
9975,9975,-9461.902620995754,37004.19337812253,410.0,14,48,60.0
9976,9976,-15727.454315879902,36606.34352810089,410.0,14,48,60.0
9977,9977,-15601.922880181064,36458.46215434014,410.0,14,48,60.0
9978,9978,-11780.380422754772,37543.33576578382,411.0,14,48,60.0
9979,9979,-9504.113603553327,37095.557523289484,412.0,14,48,60.0
9980,9980,-15610.470554427106,36615.95620242704,413.0,14,48,60.0
9981,9981,-15715.844668426143,36616.07239815643,413.0,14,48,60.0
9982,9982,-15609.196679255365,36630.87377871914,413.0,14,48,60.0
9983,9983,-11828.903157595574,37615.27194813088,414.0,14,48,60.0
9984,9984,-11871.713619362008,37630.94411954045,414.0,14,48,60.0
9985,9985,-11829.232155264395,37649.34851765003,414.0,14,48,60.0
9986,9986,-9506.695094234465,37193.22915291245,414.0,14,48,60.0
9987,9987,-15662.158756468172,36705.294519602,414.0,14,48,60.0
9988,9988,-11773.63417995561,37688.424517705855,415.0,14,48,60.0
9989,9989,-11771.886276012385,37698.01401229277,415.0,14,48,60.0
9990,9990,-9402.361157762169,37267.58089476979,415.0,14,48,60.0
9991,9991,-9292.777305601532,37301.30951363631,416.0,14,48,60.0
9992,9992,-9217.59059697635,37227.2660016606,417.0,14,48,60.0
9993,9993,-15718.394466225453,36804.02072000338,417.0,14,48,60.0
9994,9994,-15624.23226190977,36790.41180139216,417.0,14,48,60.0
9995,9995,-15706.50494744013,36800.05529748711,417.0,14,48,60.0
9996,9996,-11675.134650084949,37693.80471804836,418.0,14,48,60.0
9997,9997,-9122.245052123248,37343.28304566009,418.0,14,48,60.0
9998,9998,-15694.97439761008,36872.01480119622,418.0,14,48,60.0
9999,9999,-11705.373124214484,37776.01096068954,419.0,14,48,60.0
10000,10000,-11645.248005779378,37763.92214121453,419.0,14,48,60.0
10001,10001,-11642.350391312924,37769.10691329876,419.0,14,48,60.0
10002,10002,-15737.156961211307,36906.28173156417,419.0,14,48,60.0
10003,10003,-11602.73372152504,37865.12903400367,420.0,14,48,60.0
10004,10004,-11680.24123149866,37859.76243477805,420.0,14,48,60.0
10005,10005,-9134.381454187444,37463.50123475284,420.0,14,48,60.0
10006,10006,-15723.510749730374,37015.37039624636,421.0,14,48,60.0
10007,10007,-15662.219226284007,36995.66413921505,421.0,14,48,60.0
10008,10008,-15775.028329174213,37088.78676744137,422.0,14,48,60.0
10009,10009,-11592.03792610021,37903.50719739752,423.0,14,48,60.0
10010,10010,-9031.437132487332,37531.66663829786,423.0,14,48,60.0
10011,10011,-9119.482766184588,37546.999152656696,423.0,14,48,60.0
10012,10012,-15775.398807805534,37189.93888021455,423.0,14,48,60.0
10013,10013,-15858.035375340422,37130.82803558091,423.0,14,48,60.0
10014,10014,-8965.381049593692,37591.83091608378,424.0,14,48,60.0
10015,10015,-15918.433749444195,37166.04427962825,424.0,14,48,60.0
10016,10016,-8947.9709082028,37629.81326509873,425.0,14,48,60.0
10017,10017,-8885.39691591432,37678.70110431107,426.0,14,48,60.0
10018,10018,-8846.852844088622,37684.038560729845,426.0,14,48,60.0
10019,10019,-8877.885710030974,37717.52388761961,426.0,14,48,60.0
10020,10020,-15969.037976553987,37266.3267499118,426.0,14,48,60.0
10021,10021,-8861.259753165044,37796.685202854256,427.0,14,48,60.0
10022,10022,-16045.076321611095,37352.89078324608,427.0,14,48,60.0
10023,10023,-15964.388383187392,37375.45861777806,427.0,14,48,60.0
10024,10024,-11594.47000170421,38016.743702910855,428.0,14,48,60.0
10025,10025,-11579.430697652497,37989.3917652178,428.0,14,48,60.0
10026,10026,-15953.96177298537,37445.97410340252,428.0,14,48,60.0
10027,10027,-11617.548536897684,38117.30997426601,429.0,14,48,60.0
10028,10028,-11560.532365890282,38111.78503667103,429.0,14,48,60.0
10029,10029,-11634.897617718929,38104.18593962551,429.0,14,48,60.0
10030,10030,-8809.530961806751,37872.24422265149,429.0,14,48,60.0
10031,10031,-8820.897414251815,37890.90465040841,429.0,14,48,60.0
10032,10032,-8803.139004605271,37865.10718321824,429.0,14,48,60.0
10033,10033,-15898.512390206177,37530.5611689528,429.0,14,48,60.0
10034,10034,-16053.74162337593,37483.69657475523,429.0,14,48,60.0
10035,10035,-11670.9503466457,38206.90568833023,430.0,14,48,60.0
10036,10036,-11616.50722404053,38236.84484877014,430.0,14,48,60.0
10037,10037,-11690.449870811104,38173.10019764621,430.0,14,48,60.0
10038,10038,-15987.005119217154,37618.59320788556,430.0,14,48,60.0
10039,10039,-16059.575694964456,37560.54795295152,430.0,14,48,60.0
10040,10040,-8799.494991263833,37974.40459309996,431.0,14,48,60.0
10041,10041,-16073.50059949799,37673.726381907385,431.0,14,48,60.0
10042,10042,-16090.077233435475,37670.08632725101,431.0,14,48,60.0
10043,10043,-16054.585232376485,37681.33360210882,431.0,14,48,60.0
10044,10044,-11568.24003273273,38252.00097044869,432.0,14,48,60.0
10045,10045,-8804.59176895191,38045.1053102302,432.0,14,48,60.0
10046,10046,-8731.313704761305,38024.92565680581,432.0,14,48,60.0
10047,10047,-8710.413982806484,38067.52395141154,432.0,14,48,60.0
10048,10048,-16067.641408701464,37791.17701451308,432.0,14,48,60.0
10049,10049,-11441.115295164129,38239.33300013434,433.0,14,48,60.0
10050,10050,-8716.428041822119,38124.59291639224,433.0,14,48,60.0
10051,10051,-16093.340236594537,37865.068264194255,433.0,14,48,60.0
10052,10052,-16138.83060417849,37903.45050956048,433.0,14,48,60.0
10053,10053,-8649.012623061408,38129.021041143365,434.0,14,48,60.0
10054,10054,-8662.440267974182,38211.11988086419,434.0,14,48,60.0
10055,10055,-16233.489035844785,37908.94912636609,434.0,14,48,60.0
10056,10056,25983.38055758238,15679.08090196622,445.0,-1,-1,-1.0
10057,10057,-15474.8620065525,12043.400876609989,81.0,-1,-1,-1.0
10058,10058,31907.63776913745,18281.09646941752,103.0,-1,28,-1.0
10059,10059,-18638.955313852675,22521.30718484641,282.0,-1,-1,-1.0
10060,10060,4179.876118466731,4244.175895575761,266.0,-1,14,-1.0
10061,10061,12206.913298084904,-28250.50463550834,462.0,-1,-1,-1.0
10062,10062,21017.78485219975,18036.0134189967,288.0,-1,18,-1.0
10063,10063,-23298.19096814358,-28550.803674804018,419.0,-1,-1,-1.0
10064,10064,-35942.43109436096,-32423.26946015981,158.0,-1,20,-1.0
10065,10065,-12839.123871199075,-14484.211595064273,454.0,-1,-1,-1.0
10066,10066,-33922.252166629914,34454.55601513086,274.0,-1,-1,-1.0
10067,10067,-24805.97628826545,-26963.96036277269,131.0,-1,38,-1.0
10068,10068,-8808.545847519992,15479.129905768146,220.0,-1,-1,-1.0
10069,10069,18531.540420168614,26836.15838700303,446.0,-1,-1,-1.0
10070,10070,2350.801519723638,3277.8218332367323,365.0,-1,-1,-1.0
10071,10071,-36596.28031584289,18696.666491661854,483.0,-1,-1,-1.0
10072,10072,14506.332218320347,-7728.006709861849,46.0,-1,13,-1.0
10073,10073,-7599.994006881861,9708.939517101331,317.0,-1,-1,-1.0
10074,10074,-29845.871795934305,-30523.32544046103,406.0,-1,-1,-1.0
10075,10075,23158.89329243468,-27218.16613463579,105.0,-1,-1,-1.0
10076,10076,30545.182045932077,-20024.82399759293,196.0,-1,45,-1.0
10077,10077,-37309.10266077572,5429.393710930883,436.0,-1,-1,-1.0
10078,10078,-28450.01081801093,39196.15717238517,357.0,-1,-1,-1.0
10079,10079,25067.73554313957,34104.803364155145,143.0,-1,-1,-1.0
10080,10080,34728.19945519297,-35672.93945104015,449.0,-1,-1,-1.0
10081,10081,-8188.217167455925,27594.84894701104,188.0,-1,-1,-1.0
10082,10082,8124.268405736351,32977.209902267554,73.0,-1,47,-1.0
10083,10083,-3615.8223817361063,15272.499907693302,60.0,-1,-1,-1.0
10084,10084,26454.81609067449,23425.396041796183,364.0,-1,18,-1.0
10085,10085,-16077.363624384116,7302.725490674638,21.0,-1,-1,-1.0
10086,10086,-12915.79591077676,36558.78063009225,123.0,-1,-1,-1.0
10087,10087,37081.88171406332,-22140.58373386516,107.0,-1,-1,-1.0
10088,10088,39833.805667101245,-22492.93756549892,435.0,-1,-1,-1.0
10089,10089,12307.351100858985,-27976.16130108855,214.0,-1,3,-1.0
10090,10090,37521.00774195242,-29144.747950351422,83.0,-1,-1,-1.0
10091,10091,-6169.957937987849,-20434.282139487408,127.0,-1,7,-1.0
10092,10092,-6487.462329083115,-9161.194385662686,495.0,-1,31,-1.0
10093,10093,36868.91645876442,-34964.53504780224,200.0,-1,-1,-1.0
10094,10094,28682.76198433111,8224.247152113785,345.0,-1,-1,-1.0
10095,10095,-16445.91493498284,9815.801957057767,120.0,-1,-1,-1.0
10096,10096,-463.692694877318,14425.77984388799,280.0,-1,-1,-1.0
10097,10097,19688.6926311446,-32866.88489789106,219.0,-1,-1,-1.0
10098,10098,-21853.112373920823,-1836.3522098842225,7.0,-1,43,-1.0
10099,10099,-27222.396305754035,4844.965162702618,365.0,-1,-1,-1.0
10100,10100,10316.109235708907,-23744.627963774736,192.0,-1,-1,-1.0
10101,10101,-6772.160558967604,16914.47908003864,84.0,-1,-1,-1.0
10102,10102,21530.55260819618,-27076.05069576781,284.0,-1,-1,-1.0
10103,10103,-14072.19498883931,21956.0848735241,241.0,-1,-1,-1.0
10104,10104,22927.72006875583,9387.51153845655,344.0,-1,-1,-1.0
10105,10105,4929.509382405864,13870.639186913497,427.0,-1,-1,-1.0
10106,10106,-32141.948725951355,-26623.92875954054,40.0,-1,-1,-1.0
10107,10107,3692.224897526212,-37970.07623912327,26.0,-1,1,-1.0
10108,10108,38342.36220694818,25391.736829297413,495.0,-1,-1,-1.0
10109,10109,6201.683917306436,24542.61491603156,1.0,-1,48,-1.0
10110,10110,2140.192547550687,-14918.92228407596,231.0,-1,31,-1.0
10111,10111,-4249.496401303841,-9482.218634915773,74.0,-1,31,-1.0
10112,10112,-29258.764197665885,18171.523471845045,182.0,-1,40,-1.0
10113,10113,-2625.6883080246557,-22567.645281291498,498.0,-1,-1,-1.0
10114,10114,22401.32691553665,34641.68081943618,149.0,-1,30,-1.0
10115,10115,-39512.38910042283,-38325.86458320917,169.0,-1,-1,-1.0
10116,10116,-30618.570531876205,19052.30972559912,281.0,-1,-1,-1.0
10117,10117,-27547.851879371963,-17760.920639045602,199.0,-1,-1,-1.0
10118,10118,11146.91778371577,29624.346663368957,419.0,-1,-1,-1.0
10119,10119,-35001.530107834966,-20568.13589957952,153.0,-1,-1,-1.0
10120,10120,39655.93981351816,-33785.707566212644,300.0,-1,-1,-1.0
10121,10121,-35227.28703206095,-14847.289004357914,187.0,-1,-1,-1.0
10122,10122,-32748.81296659694,39783.74913733896,478.0,-1,-1,-1.0
10123,10123,-9348.152099635696,13140.901994106564,82.0,-1,27,-1.0
10124,10124,-19210.40755277136,26738.68471234948,219.0,-1,48,-1.0
10125,10125,1605.563293526895,28180.614131272567,489.0,-1,-1,-1.0
10126,10126,-29465.80538568834,-16151.905535557416,465.0,-1,-1,-1.0
10127,10127,24089.560689610546,-2623.3235997095035,61.0,-1,-1,-1.0
10128,10128,5532.965853671136,-36192.85691002027,331.0,-1,-1,-1.0
10129,10129,9951.22562598496,-39856.21559070463,165.0,-1,-1,-1.0
10130,10130,6932.996704893711,-21021.378608019106,374.0,-1,-1,-1.0
10131,10131,-5747.135906080148,-36443.80444589162,165.0,-1,-1,-1.0
10132,10132,19035.70596601269,1023.3847917254096,166.0,-1,-1,-1.0
10133,10133,-700.6438888629127,11820.974383523382,357.0,-1,-1,-1.0
10134,10134,25724.298148567,-6105.389016463312,443.0,-1,-1,-1.0
10135,10135,19279.67759029332,37142.18879655632,135.0,-1,-1,-1.0
10136,10136,1276.4475131565705,34159.919448291475,141.0,-1,48,-1.0
10137,10137,-1341.827081099269,8859.737805165132,261.0,-1,27,-1.0
10138,10138,11274.26902982364,-13550.995308195856,12.0,-1,13,-1.0
10139,10139,13817.44777561658,16562.515735556633,348.0,-1,-1,-1.0
10140,10140,1714.3015183496318,8464.66327674449,280.0,-1,-1,-1.0
10141,10141,-14199.347767099538,-5936.121910796952,255.0,-1,-1,-1.0
10142,10142,-20904.018555261824,24791.89191570565,179.0,-1,-1,-1.0
10143,10143,3813.610628495575,8524.070220601177,486.0,-1,27,-1.0
10144,10144,20068.573174314013,-31763.662715408944,466.0,-1,-1,-1.0
10145,10145,15981.180756545837,-18584.274269262198,470.0,-1,-1,-1.0
10146,10146,-32296.065717401427,3663.260197467629,92.0,-1,-1,-1.0
10147,10147,3832.431676361484,36570.48201657944,166.0,-1,-1,-1.0
10148,10148,-6588.902833606495,-35064.699798106405,333.0,-1,35,-1.0
10149,10149,-23277.267231995665,-8933.152448820543,210.0,-1,-1,-1.0
10150,10150,37645.06970421756,14900.684680429777,471.0,-1,-1,-1.0
10151,10151,19381.469356045745,-17581.040185494247,201.0,-1,-1,-1.0
10152,10152,-14914.938556903791,26935.357447857168,58.0,-1,48,-1.0
10153,10153,-34154.61339990876,-17099.885067472434,52.0,-1,-1,-1.0
10154,10154,-33980.25410854816,-12613.18854907362,181.0,-1,-1,-1.0
10155,10155,-36140.38519414359,37373.23618357642,494.0,-1,5,-1.0
10156,10156,-13827.69386354414,6595.504685364169,81.0,-1,-1,-1.0
10157,10157,19182.556603849283,35886.20516519618,291.0,-1,30,-1.0
10158,10158,-31038.366991472267,-1384.0772355133597,383.0,-1,-1,-1.0
10159,10159,15756.462864895797,8175.213606425394,359.0,-1,-1,-1.0
10160,10160,2635.889740384271,-39589.25643955623,90.0,-1,-1,-1.0
10161,10161,-30685.05022136853,37788.287022315126,64.0,-1,-1,-1.0
10162,10162,-26391.647460680382,-23443.25410667297,488.0,-1,-1,-1.0
10163,10163,35049.10656553095,28693.86438080357,292.0,-1,-1,-1.0
10164,10164,2665.945557813342,-18970.237985618733,104.0,-1,-1,-1.0
10165,10165,7256.59940516184,-31362.01216264598,192.0,-1,-1,-1.0
10166,10166,34300.41596771493,25808.442074304447,311.0,-1,-1,-1.0
10167,10167,17438.273316966362,20484.10821013907,386.0,-1,-1,-1.0
10168,10168,4516.342489988834,502.011474082341,208.0,-1,-1,-1.0
10169,10169,23296.16065954874,-17699.38331322343,303.0,-1,-1,-1.0
10170,10170,19553.443064179934,-27372.43288953886,276.0,-1,-1,-1.0
10171,10171,30118.25357714189,-16546.51403951582,393.0,-1,-1,-1.0
10172,10172,-31193.3954256957,-20855.22630097937,424.0,-1,39,-1.0
10173,10173,167.19381112039264,3401.475387441365,54.0,-1,-1,-1.0
10174,10174,-20503.82158888161,7330.422478028311,364.0,-1,-1,-1.0
10175,10175,-39941.874532532114,-35016.59933126264,244.0,-1,-1,-1.0
10176,10176,-8964.663884284557,33311.320934654344,207.0,-1,-1,-1.0
10177,10177,-39500.42232449111,38523.30538070531,186.0,-1,-1,-1.0
10178,10178,29595.267416030227,31026.42930627165,293.0,-1,-1,-1.0
10179,10179,-9290.208580496914,-8715.070886777328,144.0,-1,31,-1.0
10180,10180,-4065.955810251508,-14980.667452183294,347.0,-1,31,-1.0
10181,10181,15134.260251830572,-15300.811609723689,5.0,-1,-1,-1.0
10182,10182,-12220.832699652088,-10732.59144772173,253.0,-1,-1,-1.0
10183,10183,1147.4054736443795,13394.893826541856,289.0,-1,-1,-1.0
10184,10184,-38657.2010872098,12224.59290915211,45.0,-1,-1,-1.0
10185,10185,-23966.471722155296,7088.283464889188,357.0,-1,-1,-1.0
10186,10186,31842.07091682,-29246.63518242109,303.0,-1,-1,-1.0
10187,10187,-24000.865677622096,30871.84512406531,297.0,-1,-1,-1.0
10188,10188,-2684.117458705783,-37873.06063053589,56.0,-1,-1,-1.0
10189,10189,14469.0979240925,443.8232777839148,156.0,-1,2,-1.0
10190,10190,7813.48174495298,-11421.507441573493,209.0,-1,-1,-1.0
10191,10191,-2851.9371099185664,28143.69124812185,62.0,-1,48,-1.0
10192,10192,-2282.011842375563,-37013.81556843255,320.0,-1,-1,-1.0
10193,10193,-2772.6501880749784,-18388.423791662157,274.0,-1,-1,-1.0
10194,10194,-26132.147793702483,-35591.92693007235,281.0,-1,-1,-1.0
10195,10195,-30749.153886084638,4083.01295029369,496.0,-1,29,-1.0
10196,10196,-22280.101004841574,-9162.0430183215,337.0,-1,-1,-1.0
10197,10197,-7980.692412088731,38067.68736896488,233.0,-1,-1,-1.0
10198,10198,-33804.48509948817,-26947.41555138165,50.0,-1,-1,-1.0
10199,10199,37982.87238558673,-11700.384779647657,163.0,-1,-1,-1.0
10200,10200,36991.602251706325,-36137.96739277615,9.0,-1,21,-1.0
10201,10201,-5863.059173979971,-25764.059477564675,32.0,-1,-1,-1.0
10202,10202,10714.62916034757,37347.7474903438,175.0,-1,-1,-1.0
10203,10203,22063.53871555855,20688.512340912137,247.0,-1,-1,-1.0
10204,10204,-9012.854725338198,33117.56101760683,81.0,-1,-1,-1.0
10205,10205,3573.843373439508,-8721.460652826558,370.0,-1,-1,-1.0
10206,10206,-25451.45470348427,-6428.210656908785,204.0,-1,-1,-1.0
10207,10207,-18754.931735356517,-39323.980294057925,150.0,-1,-1,-1.0
10208,10208,-16598.020327508155,22363.606147017803,181.0,-1,-1,-1.0
10209,10209,-32358.70416079799,-2771.7764120446736,0.0,-1,-1,-1.0
10210,10210,27463.692001709147,18293.78385656977,499.0,-1,-1,-1.0
10211,10211,-36138.93460503916,-23018.848748343717,123.0,-1,0,-1.0
10212,10212,-36465.097798955896,19948.456179913665,388.0,-1,23,-1.0
10213,10213,-10303.147649664028,-39153.00070186177,340.0,-1,-1,-1.0
10214,10214,-13924.433540133488,-38802.71978672565,495.0,-1,-1,-1.0
10215,10215,14705.703577211876,17543.17879754841,486.0,-1,-1,-1.0
10216,10216,-14215.997014464989,19504.43431439741,363.0,-1,-1,-1.0
10217,10217,-15741.541485931848,35088.74919412953,220.0,-1,48,-1.0
10218,10218,-29423.880257372,-16332.20643674779,105.0,-1,-1,-1.0
10219,10219,-22676.18890797455,25541.25650714799,76.0,-1,48,-1.0
10220,10220,-31824.41807677921,-35811.42504956602,370.0,-1,-1,-1.0
10221,10221,10432.591199774084,22486.933490883013,285.0,-1,48,-1.0
10222,10222,37421.7693917782,-18980.393150767155,425.0,-1,-1,-1.0
10223,10223,-39791.053506589946,-30277.76561952132,274.0,-1,-1,-1.0
10224,10224,20155.88134240425,18815.896183709257,63.0,-1,18,-1.0
10225,10225,-37546.22103931838,36452.45897927367,137.0,-1,5,-1.0
10226,10226,5504.233146810249,-26577.87490295579,61.0,-1,31,35.0
10227,10227,33849.18852668909,18605.305954939955,264.0,-1,-1,-1.0
10228,10228,32887.176351825154,-12911.000389986815,182.0,-1,-1,-1.0
10229,10229,35144.85827102885,6525.469742535679,332.0,-1,28,-1.0
10230,10230,1311.0558602253732,-12289.618453237294,477.0,-1,31,-1.0
10231,10231,20588.80455263691,10623.686408301262,189.0,-1,16,-1.0
10232,10232,38120.61705223119,12050.161935097822,107.0,-1,-1,-1.0
10233,10233,13906.620083389018,-32536.650871416063,153.0,-1,-1,-1.0
10234,10234,8432.162219700112,-25918.99328652968,376.0,-1,31,-1.0
10235,10235,25577.23699248799,10715.856512278027,360.0,-1,15,-1.0
10236,10236,32142.06386646327,18674.542177867414,165.0,-1,28,-1.0
10237,10237,6480.702323226047,13262.491702525183,389.0,-1,8,-1.0
10238,10238,-448.71628929275175,-8835.865228714752,77.0,-1,31,36.0
10239,10239,14841.348721846232,-7349.221086437847,205.0,-1,13,-1.0
10240,10240,-10911.0932129828,-37053.89631576477,259.0,-1,36,-1.0
10241,10241,-32714.353104786234,7939.455099152052,196.0,-1,-1,-1.0
10242,10242,-26080.82334827257,-10487.207036172866,148.0,-1,-1,-1.0
10243,10243,-18194.6207402996,-25567.157429162675,332.0,-1,36,-1.0
10244,10244,-38204.208120014046,23223.43415096352,84.0,-1,-1,-1.0
10245,10245,18559.662182940738,12058.756803378945,153.0,-1,-1,-1.0
10246,10246,-15348.08681280584,4906.096974591797,101.0,-1,26,-1.0
10247,10247,-35387.067329670324,-13996.81252486281,49.0,-1,32,38.0
10248,10248,34073.732659320754,3439.462599757768,421.0,-1,28,32.0
10249,10249,38445.844951135456,14128.008984207409,5.0,-1,28,-1.0
10250,10250,-4261.745375357648,26524.371436657253,424.0,-1,48,-1.0
10251,10251,32813.70203264737,-4434.664633619432,413.0,-1,33,-1.0
10252,10252,-3964.734434084218,32776.48054816788,232.0,-1,-1,-1.0
10253,10253,22698.971196212777,8078.583706715763,288.0,-1,-1,-1.0
10254,10254,-12126.866661922068,-9591.124824203322,191.0,-1,-1,-1.0
10255,10255,-26217.39617232806,13927.04539795692,190.0,-1,40,-1.0
10256,10256,-5426.345325233189,903.8253341396484,97.0,-1,27,-1.0
10257,10257,-36796.82831469968,6281.779590643186,448.0,-1,-1,-1.0
10258,10258,-23606.502723000453,7811.999404902563,471.0,-1,-1,-1.0
10259,10259,22064.00748793317,-19265.175428054845,345.0,-1,-1,-1.0
10260,10260,-21353.068212712733,-28792.042209571908,218.0,-1,-1,-1.0
10261,10261,-20548.988893946396,10996.357010674335,375.0,-1,-1,-1.0
10262,10262,-14188.324736046045,-37490.1057364207,321.0,-1,-1,-1.0
10263,10263,16491.540688870402,-13342.24938902514,486.0,-1,-1,-1.0
10264,10264,1099.190959424297,-1060.6890461484145,379.0,-1,-1,-1.0
10265,10265,-17954.392828286087,-14231.75969346409,51.0,-1,42,-1.0
10266,10266,-23046.64101045992,-21669.105963855985,87.0,-1,-1,-1.0
10267,10267,28467.21210696503,-36130.611844048726,462.0,-1,-1,-1.0
10268,10268,10757.201858313172,-12617.811267126628,78.0,-1,-1,-1.0
10269,10269,19918.98760500712,7331.287235797259,437.0,-1,-1,-1.0
10270,10270,5252.944330272316,38720.21181205516,252.0,-1,-1,-1.0
10271,10271,34425.357828853856,-6164.080550882274,388.0,-1,-1,-1.0
10272,10272,21310.59665583959,11608.23694067324,94.0,-1,16,-1.0
10273,10273,31923.700470709053,-1974.652983894557,80.0,-1,-1,-1.0
10274,10274,-24602.914617691255,-3554.973960968229,190.0,-1,41,-1.0
10275,10275,13081.909094732931,22078.189183875023,431.0,-1,-1,-1.0
10276,10276,25584.681710353107,28508.59656771511,163.0,-1,-1,-1.0
10277,10277,-9060.677569870164,-15055.038898075636,465.0,-1,-1,-1.0
10278,10278,25159.19008542035,-28175.33857769476,161.0,-1,-1,-1.0
10279,10279,-16082.727656505787,-2276.7144115609262,188.0,-1,-1,-1.0
10280,10280,-10364.041949919676,-11323.449605879025,324.0,-1,-1,-1.0
10281,10281,-39424.36567604992,-26118.04428978214,256.0,-1,-1,-1.0
10282,10282,17921.667410756752,617.0682085819717,138.0,-1,-1,-1.0
10283,10283,-20469.917070508865,-3136.070765374825,304.0,-1,43,-1.0
10284,10284,32513.8697099453,-11467.57589845196,402.0,-1,-1,-1.0
10285,10285,30377.317290152718,-804.3312570143025,211.0,-1,-1,-1.0
10286,10286,6000.222051000936,-25769.59895155809,117.0,-1,31,-1.0
10287,10287,8067.094154785766,24061.26939426332,382.0,-1,48,56.0
10288,10288,-39177.51794967224,314.83409186107747,59.0,-1,-1,-1.0
10289,10289,-2499.127231530125,-14709.620199050616,407.0,-1,31,-1.0
10290,10290,-4797.632584545361,34083.44003385435,379.0,-1,48,-1.0
10291,10291,-4679.59832501872,-1594.1755900169446,95.0,-1,-1,-1.0
10292,10292,-27547.443009488496,30448.393554002992,131.0,-1,-1,-1.0
10293,10293,38686.191620945305,-2102.127868462936,236.0,-1,-1,-1.0
10294,10294,-3033.799437166301,-24953.74798995819,461.0,-1,25,-1.0
10295,10295,28716.391424041023,-6872.113176514875,374.0,-1,-1,-1.0
10296,10296,6061.673807316605,-24947.78720477012,128.0,-1,31,-1.0
10297,10297,22781.359961610822,14613.070651436989,343.0,-1,-1,-1.0
10298,10298,-30757.14714202882,26657.921539256466,218.0,-1,-1,-1.0
10299,10299,-16434.996444098237,28967.344368883176,392.0,-1,48,61.0
10300,10300,-25510.191304494903,-33392.930157836534,75.0,-1,-1,-1.0
10301,10301,34928.427717426806,-15578.873037660782,130.0,-1,-1,-1.0
10302,10302,36768.38201823575,-14512.878468863935,379.0,-1,-1,-1.0
10303,10303,11287.66734154702,-38782.94774660281,282.0,-1,-1,-1.0
10304,10304,-12946.449229177244,18894.59345049766,289.0,-1,-1,-1.0
10305,10305,7855.378552806353,11742.355302388203,402.0,-1,8,-1.0
10306,10306,18968.37780127792,773.9858750280328,130.0,-1,-1,-1.0
10307,10307,-29238.654429325197,-22290.55494554773,178.0,-1,39,-1.0
10308,10308,-28799.304989103068,39165.36523149295,193.0,-1,-1,-1.0
10309,10309,21952.68799679204,-7073.305062998523,393.0,-1,-1,-1.0
10310,10310,-22754.22647888796,35978.17424383896,125.0,-1,-1,-1.0
10311,10311,23443.079153539773,8399.217232647577,360.0,-1,-1,-1.0
10312,10312,9003.446976191597,-27540.62285504279,226.0,-1,31,-1.0
10313,10313,-38779.16346327791,-30112.85196648404,397.0,-1,20,-1.0
10314,10314,-23242.44375723473,-1929.85537157215,118.0,-1,-1,-1.0
10315,10315,-27223.738807460373,-13618.469548455014,448.0,-1,-1,-1.0
10316,10316,-16945.902511666045,8602.376201729341,170.0,-1,-1,-1.0
10317,10317,-8452.203162373815,-30189.5487425214,148.0,-1,-1,-1.0
10318,10318,-13985.508619275835,34363.93723799936,402.0,-1,48,-1.0
10319,10319,-38722.123614643504,33530.50183246336,194.0,-1,5,-1.0
10320,10320,-34905.789465579095,32479.33647997718,91.0,-1,-1,-1.0
10321,10321,-12541.895935806046,-6926.393476889702,404.0,-1,-1,-1.0
10322,10322,5679.481504884141,-8867.682414196035,182.0,-1,31,-1.0
10323,10323,25936.57349558032,-28812.16172100455,399.0,-1,45,51.0
10324,10324,-4486.770001254081,2333.3633335502964,207.0,-1,27,-1.0
10325,10325,-1126.353787883818,-19798.039144254177,28.0,-1,31,-1.0
10326,10326,-4355.009566271197,6444.588807968386,323.0,-1,-1,-1.0
10327,10327,12213.017328505906,-11634.610994130377,407.0,-1,-1,-1.0
10328,10328,13627.039012497677,-35227.3782416146,151.0,-1,4,-1.0
10329,10329,19515.4658162744,28574.93415977269,208.0,-1,30,-1.0
10330,10330,-33525.84327670857,-11899.640699054493,66.0,-1,-1,-1.0
10331,10331,-22277.05278694782,28579.778247984505,232.0,-1,-1,-1.0
10332,10332,6714.815946170653,36150.96797385039,302.0,-1,-1,-1.0
10333,10333,37960.033535486815,28469.561380531683,158.0,-1,10,-1.0
10334,10334,23993.56656496817,-31666.126106107356,12.0,-1,-1,-1.0
10335,10335,-6163.805901650478,17387.183129850222,72.0,-1,-1,-1.0
10336,10336,-16916.622486999575,35598.04111326768,408.0,-1,-1,-1.0
10337,10337,-32813.64644444122,-7897.232169148552,78.0,-1,-1,-1.0
10338,10338,-20386.410604880894,31598.296320298687,418.0,-1,-1,-1.0
10339,10339,-33066.181274326336,35702.55521967319,468.0,-1,-1,-1.0
10340,10340,-38317.28954852239,16066.210633290844,131.0,-1,-1,-1.0
10341,10341,7485.597852777799,-17388.561816535723,105.0,-1,-1,-1.0
10342,10342,-19959.69665133381,25444.33634845702,51.0,-1,-1,-1.0
10343,10343,38458.52306342615,18320.697649673355,183.0,-1,28,-1.0
10344,10344,22798.06802748725,4299.632345995015,190.0,-1,-1,-1.0
10345,10345,-2925.972104804525,-10397.607223606312,265.0,-1,31,-1.0
10346,10346,7393.184020144974,35138.27437744835,287.0,-1,-1,-1.0
10347,10347,-36160.320289100506,19677.087712516783,389.0,-1,23,-1.0
10348,10348,-29498.51890861763,-7605.824761126438,145.0,-1,41,47.0
10349,10349,-33591.50452063358,11329.227379985074,83.0,-1,24,-1.0
10350,10350,4869.465348631835,-1875.732750319556,411.0,-1,-1,-1.0
10351,10351,22588.259803082343,-9791.450971881826,74.0,-1,-1,-1.0
10352,10352,28051.21658176984,-14169.644522732871,408.0,-1,45,-1.0
10353,10353,-36509.75109488923,-11076.119054656254,158.0,-1,32,38.0
10354,10354,-26081.35016150796,29508.51337558213,159.0,-1,-1,-1.0
10355,10355,17437.4841674521,24278.907662575657,279.0,-1,-1,-1.0
10356,10356,20353.62420186017,785.0182069155053,337.0,-1,-1,-1.0
10357,10357,5025.581377032715,-26031.777358139418,192.0,-1,31,-1.0
10358,10358,-11613.545786992,-1808.9073652821896,380.0,-1,-1,-1.0
10359,10359,25619.13991197977,24246.150785412065,84.0,-1,18,-1.0
10360,10360,-5212.386462393275,13842.321877570692,100.0,-1,-1,-1.0
10361,10361,-4769.359529546688,14565.665613532436,307.0,-1,-1,-1.0
10362,10362,5999.668958014881,23830.502635780387,487.0,-1,-1,-1.0
10363,10363,16839.12171265977,18788.821002254263,337.0,-1,-1,-1.0
10364,10364,9623.296950974507,-22897.102126299196,367.0,-1,-1,-1.0
10365,10365,-13603.787870457543,-31645.127780308336,80.0,-1,36,-1.0
10366,10366,-19033.234685451844,-29652.488338516145,34.0,-1,-1,-1.0
10367,10367,-27136.49771578328,7660.718547507109,402.0,-1,-1,-1.0
10368,10368,-29278.223777152318,25999.09463280204,429.0,-1,-1,-1.0
10369,10369,3713.318570056996,24472.022075135028,291.0,-1,-1,-1.0
10370,10370,13130.411517665758,12888.175493704097,76.0,-1,-1,-1.0
10371,10371,-9692.57549683232,20733.981320658968,444.0,-1,-1,-1.0
10372,10372,15982.926840934211,11604.923333373816,107.0,-1,-1,-1.0
10373,10373,31926.991152400427,-20236.45268169249,198.0,-1,-1,-1.0
10374,10374,8402.514470695125,23156.436626769275,238.0,-1,48,-1.0
10375,10375,-8471.366630658351,-1869.4908134404177,64.0,-1,-1,-1.0
10376,10376,63.18560717143555,34745.11690440866,31.0,-1,-1,-1.0
10377,10377,21445.890878567378,-11527.962642675751,403.0,-1,-1,-1.0
10378,10378,39168.31912887786,-20838.87546372989,338.0,-1,-1,-1.0
10379,10379,-27696.60714934825,-5265.383733213683,319.0,-1,41,47.0
10380,10380,-35184.426877699705,3224.834150426126,124.0,-1,-1,-1.0
10381,10381,24565.3131007313,29702.04356667136,431.0,-1,-1,-1.0
10382,10382,-39971.64155699493,-37723.10584732188,40.0,-1,-1,-1.0
10383,10383,37525.57613473719,26521.17155613072,339.0,-1,-1,-1.0
10384,10384,25259.99819257255,-37495.24304985421,165.0,-1,-1,-1.0
10385,10385,-23695.777174805746,21312.29746114993,171.0,-1,37,-1.0
10386,10386,-22036.97246243229,25714.639118034072,472.0,-1,48,-1.0
10387,10387,-28106.283462030435,-31716.12116219319,427.0,-1,-1,-1.0
10388,10388,-2474.0730440711486,-23171.117145279342,164.0,-1,-1,-1.0
10389,10389,-35078.708418700495,-29443.014140947063,433.0,-1,-1,-1.0
10390,10390,17933.750599862964,31535.3774100576,462.0,-1,-1,-1.0
10391,10391,17596.02133416803,38312.39110114299,466.0,-1,-1,-1.0
10392,10392,-9451.289910016854,31630.95633648857,424.0,-1,-1,-1.0
10393,10393,-21573.047454482043,-34294.08846144462,392.0,-1,-1,-1.0
10394,10394,17904.810189061893,-7882.48706582544,168.0,-1,-1,-1.0
10395,10395,-9853.057448869498,15707.677842221485,129.0,-1,-1,-1.0
10396,10396,-7092.82864999507,28883.34164653631,252.0,-1,48,-1.0
10397,10397,-2339.9211509138768,-7071.337093017617,281.0,-1,31,-1.0
10398,10398,-27498.853652267484,-19621.36972781458,374.0,-1,39,-1.0
10399,10399,1261.3212868660266,18546.876767642,499.0,-1,-1,-1.0
10400,10400,6771.842410081626,-17038.208042185917,404.0,-1,-1,-1.0
10401,10401,18038.258818176124,27381.85350048452,52.0,-1,-1,-1.0
10402,10402,38431.4505669229,-2605.487565136151,443.0,-1,-1,-1.0
10403,10403,24104.530402532124,-8463.602781543581,339.0,-1,-1,-1.0
10404,10404,-2716.6983346297784,-33311.77636370841,275.0,-1,-1,-1.0
10405,10405,-9248.17306246073,26450.842630743617,231.0,-1,48,61.0
10406,10406,-26470.743196370317,10206.698156988648,221.0,-1,-1,-1.0
10407,10407,-6518.75383894641,13264.8514559323,234.0,-1,-1,-1.0
10408,10408,16692.067038360416,7014.719823212705,3.0,-1,2,-1.0
10409,10409,-36185.90712036729,24202.2838953954,308.0,-1,-1,-1.0
10410,10410,9999.383754815535,-10789.915230281294,166.0,-1,-1,-1.0
10411,10411,-31614.76086914457,9564.213819482791,306.0,-1,-1,-1.0
10412,10412,-17678.858741223474,-33917.14334888107,108.0,-1,-1,-1.0
10413,10413,-6921.901767448813,-18319.092474083387,146.0,-1,-1,-1.0
10414,10414,39389.85279290388,-30359.15825489321,344.0,-1,-1,-1.0
10415,10415,13038.911249069815,37604.99099935258,52.0,-1,-1,-1.0
10416,10416,-30451.183743806752,-3308.99312387946,44.0,-1,41,-1.0
10417,10417,-658.432012432153,-884.6722193818423,292.0,-1,-1,-1.0
10418,10418,24446.09202823113,39494.7949770065,20.0,-1,-1,-1.0
10419,10419,-36866.18828428557,5505.9312217758925,340.0,-1,-1,-1.0
10420,10420,17646.853710048395,3441.273482859673,236.0,-1,-1,-1.0
10421,10421,-27121.538746392347,-12164.90060351056,140.0,-1,-1,-1.0
10422,10422,23954.454904477883,39365.76666526496,263.0,-1,-1,-1.0
10423,10423,29451.484901937398,-2842.0644091650684,462.0,-1,33,-1.0
10424,10424,-1684.5188425598026,12091.56994048276,404.0,-1,-1,-1.0
10425,10425,-15766.46201078219,-21373.678013885597,314.0,-1,-1,-1.0
10426,10426,-31213.385597319422,5538.664331854656,292.0,-1,-1,-1.0
10427,10427,12665.581657601912,20076.11858933793,392.0,-1,-1,-1.0
10428,10428,8756.045604563682,13545.227937685428,261.0,-1,-1,-1.0
10429,10429,-17344.67285668022,37815.916418184745,465.0,-1,-1,-1.0
10430,10430,33823.693929067056,-25650.71559701045,262.0,-1,45,-1.0
10431,10431,-29589.779460385835,-38857.77253793043,104.0,-1,-1,-1.0
10432,10432,-21935.184711676386,-7882.877234741725,110.0,-1,-1,-1.0
10433,10433,942.565600575268,39806.8131742806,420.0,-1,-1,-1.0
10434,10434,-10506.34658539555,-16812.87318990779,304.0,-1,-1,-1.0
10435,10435,15310.0571172996,-37678.366491029374,381.0,-1,-1,-1.0
10436,10436,-22860.82520394649,9508.235624619352,423.0,-1,-1,-1.0
10437,10437,39606.823919371294,61.9065875305605,175.0,-1,-1,-1.0
10438,10438,7411.138368067019,-12826.390133840872,17.0,-1,-1,-1.0
10439,10439,-31016.160160692045,177.0676033073687,419.0,-1,-1,-1.0
10440,10440,2893.7656341545226,-31903.210942096382,138.0,-1,1,-1.0
10441,10441,2285.134929534899,-6152.204843746964,422.0,-1,-1,-1.0
10442,10442,-1873.167004429248,-4136.619469666104,134.0,-1,-1,-1.0
10443,10443,20137.302931372757,29472.14955227093,26.0,-1,30,-1.0
10444,10444,16081.363232295384,-31602.57461439678,359.0,-1,-1,-1.0
10445,10445,-25417.333203534414,21853.06387966902,429.0,-1,-1,-1.0
10446,10446,-15078.76204428568,-12678.256836914155,123.0,-1,-1,-1.0
10447,10447,13878.191917801174,-8840.442293653556,224.0,-1,-1,-1.0
10448,10448,18583.745901269343,-39679.70187713474,498.0,-1,-1,-1.0
10449,10449,3666.006236035304,-16627.89103117631,289.0,-1,31,-1.0
10450,10450,7577.353475536263,-27735.07041180553,67.0,-1,31,35.0
10451,10451,16195.319311024316,-30178.31830877551,381.0,-1,-1,-1.0
10452,10452,-205.80928473340464,-38806.67938646025,272.0,-1,-1,-1.0
10453,10453,13601.690750463538,-29364.879191855,180.0,-1,-1,-1.0
10454,10454,28454.139676735213,11347.97395645018,213.0,-1,15,-1.0
10455,10455,36556.6906200019,-5637.520288721003,28.0,-1,-1,-1.0
10456,10456,26907.383914194023,-12477.23388349702,38.0,-1,45,51.0
10457,10457,20417.35454383593,-27381.41904409076,306.0,-1,-1,-1.0
10458,10458,-37392.00001240693,-24791.36897375816,195.0,-1,-1,-1.0
10459,10459,5524.9987934671735,30382.577680918534,398.0,-1,48,56.0
10460,10460,-32295.824022075434,7031.408464732012,369.0,-1,-1,-1.0
10461,10461,-10779.21806470796,22855.737976837925,20.0,-1,-1,-1.0
10462,10462,-3021.6653311260743,-8772.7347961882,380.0,-1,31,-1.0
10463,10463,-11267.879796925754,20925.854321021456,426.0,-1,-1,-1.0
10464,10464,-18607.55033954564,10365.635926546413,365.0,-1,-1,-1.0
10465,10465,-410.2855839101248,30568.656773947485,437.0,-1,48,-1.0
10466,10466,-22391.885320267986,20423.4827044972,332.0,-1,37,-1.0
10467,10467,-11820.646117922912,32111.2973908494,349.0,-1,48,-1.0
10468,10468,5790.621794458362,39501.37195638982,297.0,-1,-1,-1.0
10469,10469,20088.277355748996,15694.605457859216,433.0,-1,18,-1.0
10470,10470,-5926.617949719563,18611.71924427556,145.0,-1,-1,-1.0
10471,10471,39738.97198596613,-14538.692772545195,436.0,-1,-1,-1.0
10472,10472,-27669.0378109023,-3220.4178878368766,91.0,-1,41,-1.0
10473,10473,2767.9965268462183,7296.844264411651,125.0,-1,-1,-1.0
10474,10474,5041.332549051956,24011.40999486814,60.0,-1,-1,-1.0
10475,10475,-15223.838727031234,-24076.20158144775,492.0,-1,-1,-1.0
10476,10476,-39525.20568523161,-29968.078413524338,390.0,-1,-1,-1.0
10477,10477,-16309.211201173996,-8601.169886720665,32.0,-1,43,49.0
10478,10478,38271.90642327788,-20194.326708495573,329.0,-1,-1,-1.0
10479,10479,26805.172684425328,11168.350577966412,119.0,-1,15,-1.0
10480,10480,-16814.161091143287,-7328.567544715537,319.0,-1,43,-1.0
10481,10481,-8695.061382770044,8610.441351265516,76.0,-1,27,-1.0
10482,10482,-13147.430699747158,-550.2036179296774,301.0,-1,-1,-1.0
10483,10483,-7596.905641357247,1170.519930447721,471.0,-1,-1,-1.0
10484,10484,-18484.25302883673,34934.01256526372,140.0,-1,-1,-1.0
10485,10485,-29737.82957753283,-35037.77448872385,445.0,-1,-1,-1.0
10486,10486,4559.426083426093,-1875.432932776872,495.0,-1,-1,-1.0
10487,10487,12995.485148301726,33405.04951197948,282.0,-1,47,-1.0
10488,10488,7796.874556784831,35637.416256091514,410.0,-1,-1,-1.0
10489,10489,-20636.67693442574,8712.023773468936,499.0,-1,-1,-1.0
10490,10490,-19585.759303352726,-15876.534622019251,123.0,-1,42,-1.0
10491,10491,415.05433057522896,20583.154224740247,460.0,-1,46,-1.0
10492,10492,-35212.49236767227,-39882.01443531052,143.0,-1,-1,-1.0
10493,10493,38197.34526449928,28102.11126267345,99.0,-1,-1,-1.0
10494,10494,20803.457622212554,-6526.575149703567,200.0,-1,44,50.0
10495,10495,16378.26761492867,-37878.774480162,85.0,-1,-1,-1.0
10496,10496,-37413.17954903488,-9364.324626569502,246.0,-1,32,38.0
10497,10497,-27095.554712857494,24562.03927991176,409.0,-1,48,-1.0
10498,10498,-5848.374144688169,17841.341690476977,89.0,-1,-1,-1.0
10499,10499,-313.2074155563532,36550.8399302109,492.0,-1,48,-1.0
10500,10500,-35614.75045889061,-32799.92804337636,414.0,-1,-1,-1.0
10501,10501,19353.66922550166,31813.283332157796,54.0,-1,30,-1.0
10502,10502,-1642.3159637113931,33543.54397815248,428.0,-1,-1,-1.0
10503,10503,18059.18227307553,-26519.92354333803,384.0,-1,3,-1.0
10504,10504,-25496.075804556986,27590.266773024137,95.0,-1,-1,-1.0
10505,10505,-14208.93202697581,-16223.330897634229,337.0,-1,-1,-1.0
10506,10506,-32905.340979437955,-3950.144874905134,178.0,-1,-1,-1.0
10507,10507,7712.940021414906,-39967.39600151757,43.0,-1,-1,-1.0
10508,10508,19285.331871190247,-6530.67144542707,200.0,-1,-1,-1.0
10509,10509,497.4045079369898,28621.060370926265,339.0,-1,-1,-1.0
10510,10510,-30945.82753814664,21757.50896028056,144.0,-1,-1,-1.0
10511,10511,-21752.501829432607,33163.639750733026,118.0,-1,-1,-1.0
10512,10512,-27109.703324548624,2690.9836550984764,440.0,-1,-1,-1.0
10513,10513,26369.895034587917,33423.38048812405,100.0,-1,-1,-1.0
10514,10514,10557.777481853716,20374.94144286296,299.0,-1,-1,-1.0
10515,10515,-27419.190878471047,-5260.734980576919,334.0,-1,41,47.0
10516,10516,10567.981260909755,-1219.9978264651436,171.0,-1,-1,-1.0
10517,10517,-5039.749746499641,-15427.85869191061,303.0,-1,-1,-1.0
10518,10518,-23478.98387880685,20606.1043656717,192.0,-1,37,-1.0
10519,10519,24135.244509301607,26433.21639762583,113.0,-1,-1,-1.0
10520,10520,27744.832482008773,-13375.266525378946,347.0,-1,45,-1.0
10521,10521,-38593.8499190972,-22907.175613913103,296.0,-1,-1,-1.0
10522,10522,-33611.855272469,26657.75694274166,35.0,-1,-1,-1.0
10523,10523,30767.66704888089,-8573.944129707983,478.0,-1,-1,-1.0
10524,10524,20776.869304844127,-9936.749810803303,487.0,-1,-1,-1.0
10525,10525,4574.979127110892,-38141.92784388983,34.0,-1,-1,-1.0
10526,10526,-25042.42547753854,25156.00110553438,362.0,-1,48,-1.0
10527,10527,-17815.046459542962,17017.214058091144,92.0,-1,-1,-1.0
10528,10528,15002.21509265482,-28862.477883598454,488.0,-1,3,-1.0
10529,10529,7962.167520525785,-6510.471120891772,452.0,-1,-1,-1.0
10530,10530,24387.96257293693,-39268.25493978201,448.0,-1,-1,-1.0
10531,10531,-18135.952970097176,-36857.14643220784,146.0,-1,-1,-1.0
10532,10532,-31184.94811756302,32585.074749074836,26.0,-1,6,-1.0
10533,10533,-2317.6797756728265,-10295.925533137191,127.0,-1,31,36.0
10534,10534,32219.752999315475,-27824.522853726878,358.0,-1,-1,-1.0
10535,10535,-13436.059300890169,24836.61606346377,359.0,-1,-1,-1.0
10536,10536,-17764.68629133852,3602.2127551803424,427.0,-1,-1,-1.0
10537,10537,19012.29119647626,-27260.364655918733,115.0,-1,-1,-1.0
10538,10538,-28669.90982976548,34478.42018269046,125.0,-1,6,-1.0
10539,10539,19256.345612550824,-24061.048919860485,24.0,-1,-1,-1.0
10540,10540,-37323.4299729855,20797.88491980415,307.0,-1,-1,-1.0
10541,10541,-10915.966171057113,-12339.630325916958,244.0,-1,-1,-1.0
10542,10542,-14851.309498032908,-36509.87085720449,74.0,-1,-1,-1.0
10543,10543,-26684.837036488912,33874.652470976784,6.0,-1,-1,-1.0
10544,10544,-21856.542541234863,-22424.31775977268,14.0,-1,-1,-1.0
10545,10545,-38.985225733158586,-8666.000996000046,337.0,-1,31,-1.0
10546,10546,-7546.599945970545,29583.14627527205,490.0,-1,-1,-1.0
10547,10547,455.7883707319488,-25686.439002351886,401.0,-1,25,-1.0
10548,10548,25972.56792684275,7480.540526706238,325.0,-1,-1,-1.0
10549,10549,-2486.39108984606,-7363.328281615933,412.0,-1,31,-1.0
10550,10550,-38595.04534402165,13096.305254151506,248.0,-1,-1,-1.0
10551,10551,-5997.670972847052,5230.545269289396,77.0,-1,-1,-1.0
10552,10552,-30216.46483368209,-27090.13635655454,234.0,-1,-1,-1.0
10553,10553,16679.56360747219,-3009.3613881698184,33.0,-1,-1,-1.0
10554,10554,-11379.540319780312,25786.95244543074,389.0,-1,-1,-1.0
10555,10555,211.5609937625777,19548.459777019816,387.0,-1,46,-1.0
10556,10556,-2154.1347747299515,-19036.7130053196,49.0,-1,31,-1.0
10557,10557,9311.406903360565,9987.67656777508,133.0,-1,-1,-1.0
10558,10558,27572.279085541784,-33733.43164251641,309.0,-1,-1,-1.0
10559,10559,4009.462803471258,5823.525156806572,256.0,-1,-1,-1.0
10560,10560,-24279.27931146135,-31983.674089992022,169.0,-1,-1,-1.0
10561,10561,-10446.118146001052,27736.90387255611,262.0,-1,48,61.0
10562,10562,14462.288384754327,20751.181702850547,288.0,-1,-1,-1.0
10563,10563,-5562.84906909876,16830.677738210128,312.0,-1,-1,-1.0
10564,10564,-33728.115451112615,-17235.43459006832,384.0,-1,-1,-1.0
10565,10565,-22609.49722523185,-585.3688093188393,14.0,-1,-1,-1.0
10566,10566,29672.424435455323,-4234.534637515724,242.0,-1,-1,-1.0
10567,10567,24829.298827092734,34778.259728238685,247.0,-1,-1,-1.0
10568,10568,2031.7641263359328,34902.78252291445,383.0,-1,-1,-1.0
10569,10569,-4412.256311104502,-31931.6510475357,105.0,-1,-1,-1.0
10570,10570,35923.33748686247,18390.74213730119,110.0,-1,28,-1.0
10571,10571,-27167.51685341692,26456.65180366118,46.0,-1,-1,-1.0
10572,10572,3530.0874668906326,-24780.196676482912,6.0,-1,31,-1.0
10573,10573,25500.123992240755,22943.54555772748,307.0,-1,18,-1.0
10574,10574,31641.82511081097,29271.80315946756,249.0,-1,-1,-1.0
10575,10575,30094.40727046957,-29267.165468810657,115.0,-1,-1,-1.0
10576,10576,33572.84888049589,27595.190291265026,286.0,-1,-1,-1.0
10577,10577,37986.66809976204,17846.472558888956,308.0,-1,28,-1.0
10578,10578,-326.053823641545,-6143.543535200304,48.0,-1,-1,-1.0
10579,10579,-27618.584243722024,-30663.352559816623,234.0,-1,-1,-1.0
10580,10580,37548.238957278,-6672.712366270949,483.0,-1,-1,-1.0
10581,10581,-1547.0390074662791,20445.784991900728,330.0,-1,-1,-1.0
10582,10582,-37034.73182205675,-10359.640856772174,104.0,-1,32,38.0
10583,10583,1232.1009846836823,24562.23136968185,8.0,-1,-1,-1.0
10584,10584,-31895.59059395794,-29100.960876134766,312.0,-1,34,-1.0
10585,10585,-22945.914604442,13060.860198966198,73.0,-1,-1,-1.0
10586,10586,-28028.84021406204,15501.292683951506,311.0,-1,-1,-1.0
10587,10587,15065.154510316592,-2040.341501223338,337.0,-1,-1,-1.0
10588,10588,-3118.686079443134,-13524.829839201411,405.0,-1,31,35.0
10589,10589,-17428.666702072223,24783.000930395967,477.0,-1,-1,-1.0
10590,10590,6985.839023619701,11036.900102783598,97.0,-1,8,-1.0
10591,10591,-20794.028477538708,-24208.468139612523,249.0,-1,36,-1.0
10592,10592,15015.5471877014,-26322.458301200797,439.0,-1,-1,-1.0
10593,10593,23867.83086025148,-16634.558537304198,440.0,-1,-1,-1.0
10594,10594,-920.7859707416136,-3383.1551307617847,367.0,-1,-1,-1.0
10595,10595,-31777.04478181206,12119.254523651834,452.0,-1,24,-1.0
10596,10596,-35473.999850962435,-20224.926499227608,490.0,-1,0,-1.0
10597,10597,8357.247102216905,-812.3511032045208,406.0,-1,-1,-1.0
10598,10598,-36782.439078527816,-37576.22900417791,2.0,-1,19,-1.0
10599,10599,27030.545219312247,-14511.226884571524,67.0,-1,45,-1.0
10600,10600,2836.287031859996,-31783.454966633,359.0,-1,1,-1.0
10601,10601,15672.010477105485,-34329.44311562546,277.0,-1,-1,-1.0
10602,10602,5217.710317009543,-8645.009708377253,373.0,-1,-1,-1.0
10603,10603,12562.29862477733,-1973.460109514046,382.0,-1,-1,-1.0
10604,10604,3546.0568805664807,3910.036394838317,439.0,-1,14,-1.0
10605,10605,-6275.093047881768,-38427.69923274312,213.0,-1,-1,-1.0
10606,10606,-37715.904838342365,-648.6506833275052,263.0,-1,-1,-1.0
10607,10607,14403.369650039544,12529.409607574236,322.0,-1,-1,-1.0
10608,10608,-3347.734652855477,19245.095616843493,355.0,-1,46,-1.0
10609,10609,8847.66844353795,20467.59209167916,447.0,-1,-1,-1.0
10610,10610,6798.111677833382,12744.53429698541,246.0,-1,8,-1.0
10611,10611,23476.08657172609,30109.973416553592,122.0,-1,-1,-1.0
10612,10612,-16788.397268470908,14601.023188491126,202.0,-1,-1,-1.0
10613,10613,15061.039448114903,29494.658069378027,265.0,-1,-1,-1.0
10614,10614,-22390.969846548956,18518.04307607517,188.0,-1,-1,-1.0
10615,10615,-11824.698251029178,39188.00919541175,215.0,-1,-1,-1.0
10616,10616,6983.325164461596,-20718.965811756025,77.0,-1,-1,-1.0
10617,10617,29156.329559217906,14001.98965617369,460.0,-1,-1,-1.0
10618,10618,-10185.656260932206,23067.743882042552,464.0,-1,-1,-1.0
10619,10619,-6843.005981875955,-28292.273960108607,149.0,-1,25,-1.0
10620,10620,-39694.94120281455,-37377.1347920181,474.0,-1,-1,-1.0
10621,10621,29415.4690433519,38740.684434019786,255.0,-1,-1,-1.0
10622,10622,-5460.782031005532,-24292.895288412896,325.0,-1,-1,-1.0
10623,10623,-30493.12674887176,6817.012176089214,303.0,-1,-1,-1.0
10624,10624,28627.67282606997,-18247.15791772545,408.0,-1,-1,-1.0
10625,10625,-1511.5259442241586,1927.0634162827191,364.0,-1,-1,-1.0
10626,10626,7096.543156721571,12062.962505175674,54.0,-1,8,-1.0
10627,10627,19730.02646173008,-21203.958249963267,364.0,-1,-1,-1.0
10628,10628,13027.711896872292,37202.03792377429,242.0,-1,-1,-1.0
10629,10629,6256.023436846816,-38588.91421605447,412.0,-1,-1,-1.0
10630,10630,-29345.265716752467,8485.55040922248,151.0,-1,-1,-1.0
10631,10631,-34738.531891552186,22004.27561771528,37.0,-1,-1,-1.0
10632,10632,18926.12666692589,3398.58970790499,348.0,-1,-1,-1.0
10633,10633,-19504.986385715507,29152.50255541822,354.0,-1,48,-1.0
10634,10634,21353.532598058213,-34649.08891503318,90.0,-1,-1,-1.0
10635,10635,-2844.740465223229,-5965.172553211123,400.0,-1,-1,-1.0
10636,10636,2333.366011170154,5113.408320063878,273.0,-1,-1,-1.0
10637,10637,-23791.344472926678,10576.98853068408,22.0,-1,-1,-1.0
10638,10638,-20906.03193350562,27331.972761413417,418.0,-1,48,-1.0
10639,10639,-21808.36848637185,13323.139757551042,347.0,-1,-1,-1.0
10640,10640,-14681.411503677282,-26764.44107302077,423.0,-1,17,-1.0
10641,10641,-32713.014069067485,13052.303527249123,47.0,-1,-1,-1.0
10642,10642,6540.016912838088,-5807.54340169124,468.0,-1,-1,-1.0
10643,10643,11684.0080921834,35225.07305456691,34.0,-1,-1,-1.0
10644,10644,-33817.84229618889,-13294.682570621604,318.0,-1,-1,-1.0
10645,10645,29897.564526886417,-5200.968805203942,167.0,-1,-1,-1.0
10646,10646,33306.166842828374,-12413.76765157943,481.0,-1,-1,-1.0
10647,10647,-6595.0580527174825,13027.496394678754,202.0,-1,-1,-1.0
10648,10648,-17159.91254964404,30358.208866601577,486.0,-1,-1,-1.0
10649,10649,-1106.6631300714944,18413.091558716813,431.0,-1,46,-1.0
10650,10650,-15440.072817235325,26177.159335213903,109.0,-1,-1,-1.0
10651,10651,25566.79623151701,-32109.677344078813,262.0,-1,-1,-1.0
10652,10652,3266.6458672541703,27592.094779151084,144.0,-1,48,-1.0
10653,10653,5992.580314098006,-32978.64451152707,369.0,-1,1,-1.0
10654,10654,-15135.777065042574,-10909.399885352392,174.0,-1,-1,-1.0
10655,10655,25811.52645069256,38198.86021200092,272.0,-1,30,-1.0
10656,10656,31677.25564249215,-538.9168440962676,219.0,-1,-1,-1.0
10657,10657,-30596.362351798787,-25098.521740068893,67.0,-1,39,-1.0
10658,10658,20055.83447350265,-37007.60291812051,48.0,-1,-1,-1.0
10659,10659,-9805.607991304563,-7517.212553233083,266.0,-1,31,-1.0
10660,10660,-27734.380284373783,32304.0930830384,220.0,-1,-1,-1.0
10661,10661,-19907.37707624897,17278.3205643127,146.0,-1,-1,-1.0
10662,10662,-19993.389831628007,4457.042094320226,214.0,-1,-1,-1.0
10663,10663,-26946.54810897063,-22675.734540576363,379.0,-1,-1,-1.0
10664,10664,1619.5374726073787,17328.03772071591,287.0,-1,-1,-1.0
10665,10665,13956.30236434788,28978.11845041807,434.0,-1,-1,-1.0
10666,10666,39902.49005306869,-37505.22114291068,16.0,-1,-1,-1.0
10667,10667,-8590.349869035173,-4577.1944420166765,354.0,-1,-1,-1.0
10668,10668,-3521.4690748215435,-22544.10010278508,152.0,-1,-1,-1.0
10669,10669,-13268.33544766252,-31613.077395957574,38.0,-1,-1,-1.0
10670,10670,33766.89982463866,38515.11004066802,403.0,-1,-1,-1.0
10671,10671,-12269.9135974088,10598.872532188429,401.0,-1,-1,-1.0
10672,10672,1299.7859402626054,37471.28164533591,215.0,-1,48,-1.0
10673,10673,-25425.585628324105,-27913.25109714609,183.0,-1,38,-1.0
10674,10674,-32181.48279599452,36155.31494016016,143.0,-1,-1,-1.0
10675,10675,-38988.54902727952,-896.8741120054983,79.0,-1,-1,-1.0
10676,10676,-36200.14027516575,7215.541576152354,318.0,-1,-1,-1.0
10677,10677,31856.65034422172,15312.73613677561,23.0,-1,-1,-1.0
10678,10678,4449.537257796488,-7083.298069019736,170.0,-1,-1,-1.0
10679,10679,-24946.805712730536,10553.19414617461,418.0,-1,-1,-1.0
10680,10680,264.56997973006946,15819.410905389042,194.0,-1,-1,-1.0
10681,10681,93.14943008829869,19515.32756176097,477.0,-1,46,-1.0
10682,10682,5814.84917202255,22128.082823150333,238.0,-1,46,-1.0
10683,10683,34938.18961082112,-23781.36724462468,318.0,-1,-1,-1.0
10684,10684,-4795.253899956217,-38538.88620030318,190.0,-1,-1,-1.0
10685,10685,-29445.087005542548,-6983.4120227381645,202.0,-1,41,47.0
10686,10686,13839.814187055112,7166.065994438744,450.0,-1,-1,-1.0
10687,10687,7586.086310974773,29435.14557620956,58.0,-1,48,58.0
10688,10688,-39779.44960860844,-4815.817233865346,422.0,-1,-1,-1.0
10689,10689,31286.59914905504,7459.51798813136,391.0,-1,-1,-1.0
10690,10690,33920.37968723771,38034.59961348459,123.0,-1,-1,-1.0
10691,10691,15358.002980318102,-18174.34110262007,330.0,-1,-1,-1.0
10692,10692,35640.2764670741,-27513.50782715401,191.0,-1,-1,-1.0
10693,10693,16183.814509392549,-24463.74973654101,205.0,-1,-1,-1.0
10694,10694,3412.717956276283,35607.60543153598,393.0,-1,-1,-1.0
10695,10695,2364.893751811025,-5158.457338676213,356.0,-1,-1,-1.0
10696,10696,35702.866941458706,38492.41177720146,407.0,-1,-1,-1.0
10697,10697,39867.57518833756,-30775.95737567263,391.0,-1,-1,-1.0
10698,10698,23448.810222309054,-8658.415121273261,221.0,-1,-1,-1.0
10699,10699,23737.29989521788,36681.3072906712,435.0,-1,-1,-1.0
10700,10700,995.518268404725,22700.187824271157,493.0,-1,-1,-1.0
10701,10701,19002.314398289607,37490.2144385155,161.0,-1,-1,-1.0
10702,10702,37409.44543071685,13621.87596734857,374.0,-1,28,-1.0
10703,10703,-33884.01559618484,19306.861467456525,434.0,-1,-1,-1.0
10704,10704,175.57037512274837,-28283.3265656458,392.0,-1,-1,-1.0
10705,10705,-3691.714172733176,18736.372227026917,144.0,-1,46,-1.0
10706,10706,-13329.412965043011,-21719.732460116596,450.0,-1,-1,-1.0
10707,10707,8391.452030903296,4663.17679030812,92.0,-1,-1,-1.0
10708,10708,-16136.461383106483,-31859.65545839178,88.0,-1,36,-1.0
10709,10709,32439.121785736468,21398.33089867654,267.0,-1,-1,-1.0
10710,10710,37157.2122662591,31999.72339542744,363.0,-1,-1,-1.0
10711,10711,26455.02346305843,30092.46992239596,183.0,-1,-1,-1.0
10712,10712,-4754.284748318692,37531.17954560899,196.0,-1,-1,-1.0
10713,10713,36627.83826024973,5187.626882981371,283.0,-1,28,-1.0
10714,10714,19784.25136933934,-15085.68685499272,432.0,-1,-1,-1.0
10715,10715,-76.88001736521983,16130.934526101211,236.0,-1,-1,-1.0
10716,10716,24977.751700765024,1548.6355061507493,109.0,-1,-1,-1.0
10717,10717,7853.800207181164,-5547.847271744511,334.0,-1,-1,-1.0
10718,10718,32094.65840877269,21547.52180815616,245.0,-1,-1,-1.0
10719,10719,-4729.327792386517,-7051.863569707522,111.0,-1,31,-1.0
10720,10720,12367.50415976988,23800.253629986582,160.0,-1,-1,-1.0
10721,10721,-14015.58318604308,30491.89959113799,103.0,-1,-1,-1.0
10722,10722,1317.1903202264366,15119.877705149498,170.0,-1,8,-1.0
10723,10723,29254.602293178687,12741.20331406832,154.0,-1,-1,-1.0
10724,10724,-29164.93364845249,16404.073169065363,380.0,-1,-1,-1.0
10725,10725,-20504.47976731162,-13594.014772479271,231.0,-1,-1,-1.0
10726,10726,15005.943930189584,8103.515667142026,347.0,-1,2,-1.0
10727,10727,-8091.18860807252,-5551.031028058678,27.0,-1,-1,-1.0
10728,10728,-15578.63698746627,-10605.616941854878,101.0,-1,-1,-1.0
10729,10729,-16340.584094893657,-14614.13653508048,140.0,-1,-1,-1.0
10730,10730,-20063.459421499578,-3321.4203534478584,37.0,-1,-1,-1.0
10731,10731,33549.36905292317,28530.93284289654,22.0,-1,-1,-1.0
10732,10732,14435.02192160378,-22075.730454271383,478.0,-1,-1,-1.0
10733,10733,10730.959932940072,20298.990645081176,405.0,-1,-1,-1.0
10734,10734,-5158.498573827121,-19394.634100695348,341.0,-1,7,-1.0
10735,10735,13874.268315406218,38605.87136451356,389.0,-1,-1,-1.0
10736,10736,28822.51128259684,31710.970717696488,89.0,-1,-1,-1.0
10737,10737,17243.404836314105,-4285.949701239129,370.0,-1,-1,-1.0
10738,10738,-350.8923640147477,25681.017279832304,424.0,-1,-1,-1.0
10739,10739,4085.752775763234,5305.87398457907,219.0,-1,14,-1.0
10740,10740,-21116.7340281414,13587.279701260602,449.0,-1,-1,-1.0
10741,10741,29817.91434488632,-25104.54303564392,211.0,-1,45,-1.0
10742,10742,-12671.701934436016,1029.3047865716871,417.0,-1,-1,-1.0
10743,10743,25092.607662847822,30363.772521970062,452.0,-1,-1,-1.0
10744,10744,7306.429131421966,2905.9978281278745,403.0,-1,14,-1.0
10745,10745,-6661.249149773212,37318.31952009503,272.0,-1,-1,-1.0
10746,10746,33604.314530802934,-9945.501877550403,126.0,-1,-1,-1.0
10747,10747,1983.812484740105,35219.56982426507,490.0,-1,-1,-1.0
10748,10748,30099.22775506205,27133.082933678143,157.0,-1,-1,-1.0
10749,10749,-7426.1224094205245,-9488.920124407356,49.0,-1,31,-1.0
10750,10750,2748.7823939830414,-37045.21333063415,199.0,-1,1,-1.0
10751,10751,36520.480059858965,30340.644976881304,480.0,-1,-1,-1.0
10752,10752,-21510.71054473944,10840.7232366104,74.0,-1,-1,-1.0
10753,10753,-24803.33225951457,32882.48107971571,99.0,-1,-1,-1.0
10754,10754,-13458.744947871422,14822.727213791266,165.0,-1,-1,-1.0
10755,10755,-18522.43509067838,-3972.390503500894,190.0,-1,43,-1.0
10756,10756,24667.103497076103,-11070.298508944234,430.0,-1,-1,-1.0
10757,10757,20895.442006179263,36179.29691735834,157.0,-1,-1,-1.0
10758,10758,-23070.07384313177,-30705.781887533405,84.0,-1,-1,-1.0
10759,10759,-8188.198271045487,-20361.964027208527,3.0,-1,-1,-1.0
10760,10760,-5843.258990585957,-3477.9109112341903,373.0,-1,31,-1.0
10761,10761,-16411.873789555324,-4299.4036821298505,7.0,-1,43,-1.0
10762,10762,31548.769311264343,-18957.72665930239,329.0,-1,-1,-1.0
10763,10763,33076.19417177547,-34539.354016434336,82.0,-1,-1,-1.0
10764,10764,16140.97224151554,25674.42029601881,142.0,-1,9,-1.0
10765,10765,20230.70585060201,-22952.112885940216,313.0,-1,-1,-1.0
10766,10766,-32843.33627337689,-23354.366782052988,214.0,-1,39,-1.0
10767,10767,36033.1708538378,6877.409498440931,60.0,-1,28,-1.0
10768,10768,30066.48409292501,12776.549570318566,32.0,-1,-1,-1.0
10769,10769,-18873.19030729005,-4347.0124105689465,110.0,-1,-1,-1.0
10770,10770,25047.438402576205,-37309.47744535247,97.0,-1,-1,-1.0
10771,10771,-22480.35608613281,-11418.7588898631,66.0,-1,-1,-1.0
10772,10772,-32385.14442661072,-25737.43750851335,498.0,-1,-1,-1.0
10773,10773,-33968.59670067728,-15640.233616996657,348.0,-1,-1,-1.0
10774,10774,29796.391588812214,-26313.078422242987,184.0,-1,45,-1.0
10775,10775,-23063.127626948844,-28724.732527894637,23.0,-1,-1,-1.0
10776,10776,27404.096782539345,-7557.354288731782,87.0,-1,-1,-1.0
10777,10777,-29900.96367338441,-20779.96940233293,178.0,-1,39,-1.0
10778,10778,-10807.14094134641,18347.216768561164,8.0,-1,-1,-1.0
10779,10779,-28476.872864625653,-7789.908160274699,389.0,-1,-1,-1.0
10780,10780,28667.882932119057,-20512.32449256215,463.0,-1,45,-1.0
10781,10781,-26685.60621905295,23368.68866023649,310.0,-1,-1,-1.0
10782,10782,-377.064878241501,-11195.828571660815,60.0,-1,31,-1.0
10783,10783,26188.943033326635,32179.86588552245,334.0,-1,-1,-1.0
10784,10784,-15267.35432302864,-10663.395278758944,339.0,-1,-1,-1.0
10785,10785,-19501.49144429753,29066.64619914028,330.0,-1,48,-1.0
10786,10786,-26482.91388007986,4756.058148741882,409.0,-1,-1,-1.0
10787,10787,135.7378010177199,-5500.134318974735,413.0,-1,-1,-1.0
10788,10788,-8347.265939218494,5897.899775488273,124.0,-1,27,-1.0
10789,10789,1408.68829242239,43.69238107690762,92.0,-1,-1,-1.0
10790,10790,-36517.97954301527,-2587.293738400949,297.0,-1,-1,-1.0
10791,10791,35727.38659648929,26380.381268410943,139.0,-1,10,-1.0
10792,10792,-36770.83540549718,-36991.43558312963,14.0,-1,-1,-1.0
10793,10793,-1479.9946979802844,-6071.871016658319,44.0,-1,-1,-1.0
10794,10794,-27026.994892911905,25104.742617324904,370.0,-1,48,59.0
10795,10795,2163.295559070953,10769.655469214878,387.0,-1,27,-1.0
10796,10796,-31527.89509717309,-20602.66831787384,407.0,-1,-1,-1.0
10797,10797,9708.71841156893,-37689.48959773748,190.0,-1,-1,-1.0
10798,10798,-19441.363235760648,-11058.75143114116,371.0,-1,-1,-1.0
10799,10799,-27080.803470040744,-409.34921969175775,3.0,-1,41,-1.0
10800,10800,2702.5024586918157,-9801.048167539851,18.0,-1,31,36.0
10801,10801,-37465.77427571457,-17383.532339098354,237.0,-1,0,-1.0
10802,10802,-1004.3914065352656,-27388.34820667693,62.0,-1,25,-1.0
10803,10803,23434.34633682361,1047.4542102456835,272.0,-1,-1,-1.0
10804,10804,7160.434877080654,16026.519811181584,471.0,-1,8,-1.0
10805,10805,20800.69998957501,-36726.546678865314,190.0,-1,-1,-1.0
10806,10806,15379.057616441576,-22805.331046107105,372.0,-1,-1,-1.0
10807,10807,-24545.330649957035,-33613.43251466436,39.0,-1,12,-1.0
10808,10808,-16250.199565218803,25013.21844496573,487.0,-1,-1,-1.0
10809,10809,-22094.859698848195,35765.39413300305,103.0,-1,-1,-1.0
10810,10810,18852.271617326536,-17411.69262961369,94.0,-1,45,-1.0
10811,10811,12562.683988838078,-18699.71911178828,152.0,-1,-1,-1.0
10812,10812,25594.805000698037,36355.99361865291,258.0,-1,-1,-1.0
10813,10813,-34127.209348458346,34587.161712778296,308.0,-1,-1,-1.0
10814,10814,-24829.276703756936,-29677.99306904789,92.0,-1,-1,-1.0
10815,10815,9533.026176151652,-12481.148967974545,189.0,-1,-1,-1.0
10816,10816,24073.44875752816,-3492.0460206499483,191.0,-1,-1,-1.0
10817,10817,-29790.82145162443,27667.521391489863,397.0,-1,-1,-1.0
10818,10818,15952.371827000548,-23196.09447326944,421.0,-1,-1,-1.0
10819,10819,26203.158522074475,-23198.90838312857,304.0,-1,45,51.0
10820,10820,2562.919800680924,7808.292175782779,221.0,-1,27,-1.0
10821,10821,15850.021955097443,12483.943239757187,467.0,-1,-1,-1.0
10822,10822,-17594.502059033177,31139.02387074422,285.0,-1,-1,-1.0
10823,10823,38530.831481607136,-1627.6722914446364,76.0,-1,-1,-1.0
10824,10824,-2590.9284923537634,21880.70708648564,92.0,-1,-1,-1.0
10825,10825,4872.097601292349,-2869.4537016047616,90.0,-1,-1,-1.0
10826,10826,-17711.72680324199,-14231.071030811505,488.0,-1,42,-1.0
10827,10827,27774.687768261618,-36145.31885565697,122.0,-1,-1,-1.0
10828,10828,36680.85517339509,32979.0507577941,153.0,-1,10,-1.0
10829,10829,-12005.661786519904,-3977.647656014888,121.0,-1,-1,-1.0
10830,10830,-22271.30780474025,9111.770380322094,56.0,-1,-1,-1.0
10831,10831,35286.33015267663,22550.477560173465,185.0,-1,-1,-1.0
10832,10832,-3261.614742029364,-10537.621669075135,256.0,-1,31,-1.0
10833,10833,13272.199659652157,-19332.053084667303,220.0,-1,-1,-1.0
10834,10834,12160.355649688236,-30035.564780217224,392.0,-1,-1,-1.0
10835,10835,-33317.001398033135,20463.8026839976,97.0,-1,-1,-1.0
10836,10836,3827.812436447981,7982.338590729938,206.0,-1,27,-1.0
10837,10837,-13421.94796174928,32937.61600359592,246.0,-1,48,-1.0
10838,10838,-33456.10374541713,-28353.365318034696,323.0,-1,-1,-1.0
10839,10839,-34103.15221871256,26388.725917267016,20.0,-1,-1,-1.0
10840,10840,-22258.52725990408,21724.149802816835,498.0,-1,-1,-1.0
10841,10841,-24689.362282598333,-2487.58344320512,444.0,-1,41,-1.0
10842,10842,-31809.616499320964,37507.412404489645,46.0,-1,-1,-1.0
10843,10843,-10137.008541269744,11369.314945454498,389.0,-1,-1,-1.0
10844,10844,4686.074814056643,-11936.833593250223,461.0,-1,31,-1.0
10845,10845,-11812.705721424323,-14360.671843387376,13.0,-1,-1,-1.0
10846,10846,23430.893373445026,-12324.544227224089,182.0,-1,-1,-1.0
10847,10847,-19000.177929814887,-35526.10184169166,33.0,-1,-1,-1.0
10848,10848,-23322.39130763817,29547.953278320118,164.0,-1,-1,-1.0
10849,10849,16074.420977175309,5959.373820620735,125.0,-1,2,-1.0
10850,10850,3428.224225316844,-13788.023470057418,47.0,-1,-1,-1.0
10851,10851,-4384.529973599201,-24859.132143775423,346.0,-1,25,-1.0
10852,10852,26607.41879513764,9997.687689285682,188.0,-1,-1,-1.0
10853,10853,-28452.74461597963,30567.79463565811,450.0,-1,-1,-1.0
10854,10854,22171.10332146841,-4099.665030630298,213.0,-1,44,-1.0
10855,10855,39845.09111313723,2513.648683793981,452.0,-1,-1,-1.0
10856,10856,-27815.7372636129,-12920.13583697207,440.0,-1,-1,-1.0
10857,10857,3219.9912130489683,15013.268712991348,408.0,-1,8,-1.0
10858,10858,19470.985927528207,-27099.175464883658,11.0,-1,-1,-1.0
10859,10859,-20658.86075060938,18424.41012432082,66.0,-1,-1,-1.0
10860,10860,-25180.142409189026,19920.41485499664,457.0,-1,-1,-1.0
10861,10861,9406.536959581988,4987.054178841245,405.0,-1,-1,-1.0
10862,10862,-24581.77625261854,-8353.031828409963,113.0,-1,-1,-1.0
10863,10863,34805.68939331375,-36910.96113108379,305.0,-1,-1,-1.0
10864,10864,3986.580961025844,3289.6906577687914,444.0,-1,14,-1.0
10865,10865,-23255.055554383023,-12972.379864555962,56.0,-1,-1,-1.0
10866,10866,-18965.214115750405,-29082.642448832783,237.0,-1,-1,-1.0
10867,10867,31260.50675846953,-19803.79347458239,57.0,-1,-1,-1.0
10868,10868,32834.58586157784,7426.866179028693,446.0,-1,-1,-1.0
10869,10869,-19567.532318868856,6753.064016977529,345.0,-1,-1,-1.0
10870,10870,-23108.76708104942,-10809.731720455122,450.0,-1,-1,-1.0
10871,10871,21432.20123292722,-7133.432423523249,455.0,-1,44,-1.0
10872,10872,-12472.125432452363,22253.781691948745,245.0,-1,-1,-1.0
10873,10873,33562.0572355226,7334.280042798615,95.0,-1,28,-1.0
10874,10874,10083.694256857016,-10929.427923132149,212.0,-1,-1,-1.0
10875,10875,20178.14272536328,20658.16009549205,193.0,-1,18,-1.0
10876,10876,-8159.438383030545,13560.372781400823,61.0,-1,-1,-1.0
10877,10877,-26074.07716908776,17703.41149897548,458.0,-1,-1,-1.0
10878,10878,-29439.3900859164,29927.63103601306,112.0,-1,-1,-1.0
10879,10879,-1315.2246545781743,-15147.32235010758,20.0,-1,31,-1.0
10880,10880,-26147.836996579197,12868.774034654933,23.0,-1,-1,-1.0
10881,10881,36387.074915309146,29552.6461542857,133.0,-1,10,-1.0
10882,10882,11401.881374494762,-10286.71406323208,460.0,-1,-1,-1.0
10883,10883,-22915.86345298283,175.4926583819688,246.0,-1,-1,-1.0
10884,10884,-18755.262690677475,-8978.524373102897,231.0,-1,-1,-1.0
10885,10885,36146.03179325683,10822.944804512808,162.0,-1,28,-1.0
10886,10886,-27606.47029076347,-34076.84481463261,384.0,-1,-1,-1.0
10887,10887,16545.529589251913,14478.548243038662,453.0,-1,-1,-1.0
10888,10888,11801.70061469014,37680.241894734936,206.0,-1,-1,-1.0
10889,10889,2895.002590896329,-10868.291046166414,385.0,-1,-1,-1.0
10890,10890,-1273.8282803765178,-20348.2592509782,222.0,-1,31,-1.0
10891,10891,30142.18783477113,-19190.014717542228,26.0,-1,-1,-1.0
10892,10892,2382.9916243699336,28508.48085022948,401.0,-1,-1,-1.0
10893,10893,18082.3043244678,-26572.510204868027,426.0,-1,3,-1.0
10894,10894,35062.85337046985,21646.27098241207,489.0,-1,-1,-1.0
10895,10895,37617.68019654341,-14204.670242728418,26.0,-1,-1,-1.0
10896,10896,13597.499334109949,-38407.56841606967,342.0,-1,4,-1.0
10897,10897,-21812.857197672645,-3751.416868926477,407.0,-1,-1,-1.0
10898,10898,2667.1937160178204,-38384.72922563917,458.0,-1,1,-1.0
10899,10899,-23811.54451883992,34678.94618300999,68.0,-1,-1,-1.0
10900,10900,131.70036855070066,10079.038221753282,199.0,-1,-1,-1.0
10901,10901,-24844.424587025147,3625.8975729956655,30.0,-1,-1,-1.0
10902,10902,-17409.235772669566,-31493.3068261958,276.0,-1,36,-1.0
10903,10903,39743.78773135709,-32633.378544478084,230.0,-1,-1,-1.0
10904,10904,-9548.370068177112,-17257.852498837583,161.0,-1,-1,-1.0
10905,10905,15298.903454999898,35598.59335983443,492.0,-1,-1,-1.0
10906,10906,-31093.007665108176,7974.593693989416,417.0,-1,-1,-1.0
10907,10907,-4290.153151063576,19650.535597821035,458.0,-1,-1,-1.0
10908,10908,33453.51365030531,21430.260636380168,469.0,-1,-1,-1.0
10909,10909,18446.70838024489,17174.53410935696,291.0,-1,-1,-1.0
10910,10910,38099.52288192367,39326.91342419882,89.0,-1,-1,-1.0
10911,10911,-6809.877184151475,-28653.77782516713,344.0,-1,-1,-1.0
10912,10912,-9499.653154724434,-19462.74322702869,24.0,-1,-1,-1.0
10913,10913,-22805.419880428257,-13177.398234836,387.0,-1,-1,-1.0
10914,10914,4629.620934542836,-11552.819004139265,209.0,-1,31,-1.0
10915,10915,-35525.323519329875,-13040.474515769703,111.0,-1,32,38.0
10916,10916,-18261.850262464253,-14359.98871079386,402.0,-1,42,-1.0
10917,10917,-13385.507533744,-2445.176971750421,335.0,-1,-1,-1.0
10918,10918,36408.73064521106,7604.051897179655,16.0,-1,28,-1.0
10919,10919,-7282.029142618641,29061.48951427985,261.0,-1,-1,-1.0
10920,10920,36992.54924637698,26847.451028523195,188.0,-1,10,-1.0
10921,10921,-5918.654892490828,-22660.057610791133,365.0,-1,7,-1.0
10922,10922,10421.267426262704,-30288.428226920027,283.0,-1,-1,-1.0
10923,10923,18703.93707316844,14236.568873051532,413.0,-1,18,-1.0
10924,10924,30105.60922699717,29471.180138995784,417.0,-1,10,-1.0
10925,10925,-14799.743526797392,15866.853638940129,9.0,-1,-1,-1.0
10926,10926,-4457.661524748815,-9604.574343762715,480.0,-1,31,-1.0
10927,10927,-13501.590908432428,-5861.201083976084,309.0,-1,-1,-1.0
10928,10928,8638.880243789295,-2478.605404283968,292.0,-1,-1,-1.0
10929,10929,18233.878784629043,-8614.609885098227,387.0,-1,-1,-1.0
10930,10930,12765.050675235674,-23550.733370764217,254.0,-1,-1,-1.0
10931,10931,22813.61971601314,-31723.250758590933,248.0,-1,-1,-1.0
10932,10932,15313.91139442855,10228.857589740852,365.0,-1,-1,-1.0
10933,10933,2280.907591156938,-13568.2408516553,75.0,-1,31,-1.0
10934,10934,33350.82778207179,34611.3916335447,459.0,-1,-1,-1.0
10935,10935,-16540.617902112604,27074.59075412994,1.0,-1,48,59.0
10936,10936,14789.676846990122,-6400.663113268784,223.0,-1,13,-1.0
10937,10937,-12713.027908042252,20233.98004409371,180.0,-1,-1,-1.0
10938,10938,11005.426056908422,28741.996174999003,190.0,-1,-1,-1.0
10939,10939,10937.51811382299,2563.239719625548,466.0,-1,-1,-1.0
10940,10940,9397.773584456772,-19769.322148272844,468.0,-1,-1,-1.0
10941,10941,-31543.39691227989,17058.435975602813,14.0,-1,-1,-1.0
10942,10942,-22059.16199298734,5406.6568764148105,132.0,-1,-1,-1.0
10943,10943,4070.817433913646,26602.34015284112,380.0,-1,48,56.0
10944,10944,-18885.392025376965,-1623.4259241904656,350.0,-1,43,-1.0
10945,10945,-7510.479071452282,16992.523626179594,347.0,-1,-1,-1.0
10946,10946,-26472.228083001133,-12719.721201146169,166.0,-1,-1,-1.0
10947,10947,-34475.90118005072,12254.332917347674,477.0,-1,24,-1.0
10948,10948,-14587.854816528785,19926.67012596796,135.0,-1,-1,-1.0
10949,10949,-2850.450268994224,-34361.81141577121,121.0,-1,-1,-1.0
10950,10950,5461.053154816014,-14808.590151402976,338.0,-1,-1,-1.0
10951,10951,8874.434506220103,7816.808110899372,459.0,-1,-1,-1.0
10952,10952,-29831.67401362225,34738.89263239116,258.0,-1,6,-1.0
10953,10953,-22725.723440774116,1942.2300649653696,432.0,-1,-1,-1.0
10954,10954,38551.31571642078,-12724.62870966888,326.0,-1,-1,-1.0
10955,10955,27484.32654573361,39513.7448210437,140.0,-1,-1,-1.0
10956,10956,-5309.894557314117,-24457.064609641915,308.0,-1,25,-1.0
10957,10957,12632.23434633237,-14536.339828391068,430.0,-1,-1,-1.0
10958,10958,12452.5117721583,12205.667371787373,27.0,-1,-1,-1.0
10959,10959,27689.65771336884,12906.9445788328,8.0,-1,-1,-1.0
10960,10960,1128.634555928431,-37845.46092617821,34.0,-1,-1,-1.0
10961,10961,10929.948682311331,20273.155182962742,319.0,-1,-1,-1.0
10962,10962,9301.794703800551,-15206.739206680471,243.0,-1,-1,-1.0
10963,10963,-8968.987814404281,28355.063980389637,268.0,-1,-1,-1.0
10964,10964,-36017.76804930598,-33653.02497367437,121.0,-1,20,-1.0
10965,10965,25344.1864566355,34567.229433321234,498.0,-1,-1,-1.0
10966,10966,6481.673918846376,24840.707757840515,447.0,-1,48,56.0
10967,10967,10503.928801309245,18240.52173329973,19.0,-1,-1,-1.0
10968,10968,-9558.827670721948,-4420.092119536646,372.0,-1,-1,-1.0
10969,10969,-24394.112033023623,35025.240583138075,453.0,-1,-1,-1.0
10970,10970,39840.75482442035,-2890.63840829322,9.0,-1,-1,-1.0
10971,10971,1042.5298891545754,4477.3075523395455,350.0,-1,-1,-1.0
10972,10972,35730.949584206115,39180.36226866221,344.0,-1,-1,-1.0
10973,10973,-24851.942441555508,-20231.765332485185,217.0,-1,-1,-1.0
10974,10974,32980.944138097795,-35436.559903060755,349.0,-1,-1,-1.0
10975,10975,-11557.258271869698,1783.618213292713,108.0,-1,-1,-1.0
10976,10976,30798.84974931655,-30912.490693864303,322.0,-1,-1,-1.0
10977,10977,18007.648790023464,25798.508197066272,229.0,-1,-1,-1.0
10978,10978,-18929.96180882725,36012.07928029861,88.0,-1,-1,-1.0
10979,10979,-536.9649012238224,21715.061039827637,274.0,-1,-1,-1.0
10980,10980,13586.186509769184,-31040.822973907325,351.0,-1,-1,-1.0
10981,10981,19256.81986934001,-16021.846679404109,16.0,-1,45,-1.0
10982,10982,-9381.499525974526,-10984.345954598592,110.0,-1,31,-1.0
10983,10983,-13786.722378906652,5021.86345685416,454.0,-1,-1,-1.0
10984,10984,-13228.344137437514,7549.269077004952,96.0,-1,-1,-1.0
10985,10985,3545.4779935042243,13225.20996113692,475.0,-1,-1,-1.0
10986,10986,13985.273323100271,-8909.815148156496,76.0,-1,-1,-1.0
10987,10987,26044.995577471025,10082.019325175512,77.0,-1,15,-1.0
10988,10988,27734.325439018605,-3797.128711290257,123.0,-1,33,-1.0
10989,10989,8211.042781227967,-2193.4069823895843,432.0,-1,-1,-1.0
10990,10990,-4970.059395814147,-18799.847853747247,414.0,-1,-1,-1.0
10991,10991,14664.577101428848,-17683.679123218702,143.0,-1,45,-1.0
10992,10992,-36980.02736468621,-19842.58488048621,360.0,-1,0,-1.0
10993,10993,-37659.31096548564,26978.874735390928,324.0,-1,23,-1.0
10994,10994,-22343.11885331264,25240.731758860697,133.0,-1,-1,-1.0
10995,10995,-2850.531553255416,-24087.37249830329,311.0,-1,-1,-1.0
10996,10996,-38002.06167504873,-22353.246522195583,12.0,-1,0,-1.0
10997,10997,-33928.933572629285,16915.073826615626,245.0,-1,-1,-1.0
10998,10998,-16592.968511160474,12627.57208438692,106.0,-1,-1,-1.0
10999,10999,19175.761365689505,-8393.880553875057,206.0,-1,-1,-1.0
11000,11000,26099.03402340747,-30136.31844842352,269.0,-1,45,-1.0
11001,11001,24194.46518933108,1758.75793923303,271.0,-1,-1,-1.0
11002,11002,30835.77866544103,11798.399949674924,203.0,-1,-1,-1.0
11003,11003,-39347.58741447251,39385.39877087307,151.0,-1,-1,-1.0
11004,11004,-16661.065261785196,-30740.36895418865,20.0,-1,36,-1.0
11005,11005,-15152.469655978315,-1761.214667439839,350.0,-1,-1,-1.0
11006,11006,34524.43309280375,-33558.53878220026,58.0,-1,21,-1.0
11007,11007,-1174.7628302139346,-5509.088764315304,377.0,-1,-1,-1.0
11008,11008,-1242.9922048709705,-39391.15354223296,331.0,-1,-1,-1.0
11009,11009,18809.46878075744,30189.63400710415,417.0,-1,-1,-1.0
11010,11010,32773.70367182854,17371.432872019934,27.0,-1,-1,-1.0
11011,11011,-30665.686844581607,26070.738566567237,217.0,-1,-1,-1.0
11012,11012,19494.2625722842,-37034.60354502722,45.0,-1,-1,-1.0
11013,11013,-33899.009943835445,-5930.628070145409,154.0,-1,-1,-1.0
11014,11014,12147.345563722103,-5824.378357130634,371.0,-1,-1,-1.0
11015,11015,31205.71906356259,-38974.70127816431,211.0,-1,-1,-1.0
11016,11016,-2411.705241884927,28148.212054437052,302.0,-1,-1,-1.0
11017,11017,4872.287589790838,2958.33699455866,65.0,-1,14,-1.0
11018,11018,-29760.991637719824,18173.810399991577,356.0,-1,40,-1.0
11019,11019,-25644.554293626767,39661.22940976778,31.0,-1,-1,-1.0
11020,11020,-750.3076126343076,-35653.21340013427,444.0,-1,-1,-1.0
11021,11021,-17005.850547384995,-36361.17437315084,126.0,-1,-1,-1.0
11022,11022,-13895.727419865514,31887.075010231594,6.0,-1,48,-1.0
11023,11023,-20523.22716916484,-16424.434983421568,252.0,-1,42,48.0
11024,11024,-20883.23994453192,-24996.904187326774,234.0,-1,36,-1.0
11025,11025,38761.11630013008,19616.88177698785,285.0,-1,28,-1.0
11026,11026,4475.710840919332,-18919.221310196324,472.0,-1,-1,-1.0
11027,11027,-5480.853983017922,6971.659718021685,164.0,-1,-1,-1.0
11028,11028,2265.146375174714,33397.99739462252,479.0,-1,48,-1.0
11029,11029,-9523.076340567284,-26169.198980315727,22.0,-1,17,-1.0
11030,11030,5928.969850571979,35870.53296227382,334.0,-1,-1,-1.0
11031,11031,18874.294171249305,-34676.115950032945,202.0,-1,-1,-1.0
11032,11032,-14018.617810132586,20513.07175419896,313.0,-1,-1,-1.0
11033,11033,-22028.27289920344,27926.44031710236,411.0,-1,-1,-1.0
11034,11034,39611.54375265686,-5900.653596318894,465.0,-1,-1,-1.0
11035,11035,7838.706317099175,-8889.775049453627,25.0,-1,-1,-1.0
11036,11036,15052.061180737765,-22701.636295986595,258.0,-1,-1,-1.0
11037,11037,-15857.608880476706,-35886.617792466255,306.0,-1,-1,-1.0
11038,11038,4064.361154645092,-15150.204449129622,323.0,-1,31,-1.0
11039,11039,-12035.26012508984,34043.30893583827,14.0,-1,48,-1.0
11040,11040,9260.13731765218,5676.057875960258,82.0,-1,-1,-1.0
11041,11041,17470.34901172843,-12292.152073761828,385.0,-1,44,-1.0
11042,11042,6169.3806569402805,20034.29099045605,119.0,-1,-1,-1.0
11043,11043,-11030.847582727398,26705.60094264781,74.0,-1,48,-1.0
11044,11044,-29260.79351943384,17408.843264176445,442.0,-1,40,-1.0
11045,11045,-35483.24713832032,22379.63375280196,173.0,-1,-1,-1.0
11046,11046,5145.587856414488,31708.284398265798,331.0,-1,-1,-1.0
11047,11047,-178.23511123584467,-20137.378694546194,466.0,-1,31,-1.0
11048,11048,5271.147014266899,-5364.675776530152,383.0,-1,-1,-1.0
11049,11049,-36705.77251392,34915.892313938544,306.0,-1,5,-1.0
11050,11050,-8070.686328441185,-21241.37886284397,290.0,-1,-1,-1.0
11051,11051,-16153.4030619541,-4575.134281155646,106.0,-1,43,-1.0
11052,11052,15950.18386855824,-30639.7515453879,183.0,-1,-1,-1.0
11053,11053,-18081.87150452912,33549.40047434367,401.0,-1,-1,-1.0
11054,11054,-15041.653571871992,-1615.4227738175323,197.0,-1,-1,-1.0
11055,11055,-37024.6050805468,28003.15514321314,362.0,-1,-1,-1.0
11056,11056,3515.389542056452,34849.90531064516,29.0,-1,-1,-1.0
11057,11057,14681.006746084524,10855.37246520252,14.0,-1,-1,-1.0
11058,11058,-36272.133862903065,-6361.977181497619,51.0,-1,-1,-1.0
11059,11059,14982.878789389591,-26514.148000327303,10.0,-1,3,-1.0
11060,11060,39272.44049976897,38849.77978959518,434.0,-1,-1,-1.0
11061,11061,-27418.56799474931,-20732.12483978918,271.0,15,39,45.0
11062,11062,-27405.32055356393,-20850.42273027723,272.0,15,39,45.0
11063,11063,-27476.041391347684,-20790.09458531766,274.0,15,39,45.0
11064,11064,-27477.877036274185,-20862.114128522204,274.0,15,39,45.0
11065,11065,-27545.545009299734,-20846.894471819025,275.0,15,39,45.0
11066,11066,-27666.910217301986,-20839.357205426488,278.0,15,39,45.0
11067,11067,-27579.83520351982,-20907.13969200285,278.0,15,39,45.0
11068,11068,-27644.323743801226,-20779.29588511404,278.0,15,39,45.0
11069,11069,-27662.303909241087,-20949.53372837532,279.0,15,39,45.0
11070,11070,-27788.176783089297,-20940.970182478275,280.0,15,39,45.0
11071,11071,-27864.40793752596,-20995.774748769825,284.0,15,39,45.0
11072,11072,-27981.00394289264,-20978.10261818849,285.0,15,39,45.0
11073,11073,-28061.53187700205,-21019.99385824737,286.0,15,39,45.0
11074,11074,-28150.704647070936,-21038.794823839373,287.0,15,39,45.0
11075,11075,-28215.930273597485,-21091.588644860934,289.0,15,39,45.0
11076,11076,-28310.46832523868,-21100.72945075467,290.0,15,39,45.0
11077,11077,-28259.910547756685,-21172.871275969886,290.0,15,39,45.0
11078,11078,-28322.60882565253,-21241.7427192925,291.0,15,39,45.0
11079,11079,-28359.90500176732,-21337.9919994966,292.0,15,39,45.0
11080,11080,-28359.31714112615,-21199.50942484311,292.0,15,39,45.0
11081,11081,-28434.75248318044,-21264.49567485571,294.0,15,39,45.0
11082,11082,-28490.20610914065,-21189.286999975804,296.0,15,39,45.0
11083,11083,-28571.30492578998,-21300.286896669608,302.0,15,39,45.0
11084,11084,-28489.350796761668,-21368.905979799776,303.0,15,39,45.0
11085,11085,-28605.634513589008,-21381.31778647384,305.0,15,39,45.0
11086,11086,-28610.41801361075,-21418.99863344545,305.0,15,39,45.0
11087,11087,-28693.89399010393,-21453.74306096349,306.0,15,39,45.0
11088,11088,-28706.667985692715,-21440.717585750463,306.0,15,39,45.0
11089,11089,-28644.461054717623,-21495.8490778893,307.0,15,39,45.0
11090,11090,-28729.460739561244,-21444.32362704753,309.0,15,39,45.0
11091,11091,-28821.220737657623,-21522.30836220169,310.0,15,39,45.0
11092,11092,-28913.428201236176,-21490.29348487804,312.0,15,39,45.0
11093,11093,-28985.73222971134,-21466.840057255056,313.0,15,39,45.0
11094,11094,-29099.173001392144,-21479.568941730693,314.0,15,39,45.0
11095,11095,-29192.788767159367,-21430.90988339689,315.0,15,39,45.0
11096,11096,-29186.86296513412,-21525.913721520807,315.0,15,39,45.0
11097,11097,-29182.88240340839,-21584.457113105163,319.0,15,39,45.0
11098,11098,-29284.67618934345,-21595.695026242647,322.0,15,39,45.0
11099,11099,-29382.548421274245,-21644.665641790147,326.0,15,39,45.0
11100,11100,-29447.32870722448,-21566.97095602093,327.0,15,39,45.0
11101,11101,-29531.42761997349,-21655.15615478773,328.0,15,39,45.0
11102,11102,-29629.35685168167,-21627.90813889672,329.0,15,39,45.0
11103,11103,-29738.42560275913,-21625.63043183469,331.0,15,39,45.0
11104,11104,-29758.406403861005,-21622.40627791035,331.0,15,39,45.0
11105,11105,-29718.85662155625,-21670.78957950306,331.0,15,39,45.0
11106,11106,-29693.565656706032,-21750.144131897327,332.0,15,39,45.0
11107,11107,-29790.471971402018,-21812.12190907518,333.0,15,39,45.0
11108,11108,-29831.911981438607,-21885.54512778574,334.0,15,39,45.0
11109,11109,-29941.499117039213,-21863.653260291365,336.0,15,39,45.0
11110,11110,-30053.53737799183,-21825.450687015564,337.0,15,39,45.0
11111,11111,-30133.80525669432,-21788.626287509804,338.0,15,39,45.0
11112,11112,-30232.66414748892,-21832.447124668808,342.0,15,39,45.0
11113,11113,-30243.460143873348,-21821.53015147689,342.0,15,39,45.0
11114,11114,-30330.424265750094,-21803.061249089256,343.0,15,39,45.0
11115,11115,-30452.30371602522,-21771.65144199531,345.0,15,39,45.0
11116,11116,-30537.980032133884,-21851.046375914342,346.0,15,39,45.0
11117,11117,-30456.866271954008,-21890.35773621096,346.0,15,39,45.0
11118,11118,-30502.631273220417,-21842.977792494188,346.0,15,39,45.0
11119,11119,-30577.40764213699,-21813.1148632343,347.0,15,39,45.0
11120,11120,-30656.34203586496,-21765.20897830764,348.0,15,39,45.0
11121,11121,-30663.87573864454,-21852.946049155435,348.0,15,39,45.0
11122,11122,-30751.544901896705,-21753.855018473303,349.0,15,39,45.0
11123,11123,-30799.46146872325,-21785.913158321357,349.0,15,39,45.0
11124,11124,-30753.190632291546,-21860.76312045912,349.0,15,39,45.0
11125,11125,-30761.87610161262,-21766.999258264244,349.0,15,39,45.0
11126,11126,-30860.128539713674,-21862.656616392007,350.0,15,39,45.0
11127,11127,-30796.593233143387,-21836.38329851881,350.0,15,39,45.0
11128,11128,-30880.81856737505,-21846.715166850117,350.0,15,39,45.0
11129,11129,-30914.793922359648,-21929.213742646887,352.0,15,39,45.0
11130,11130,-30923.68519474466,-21803.90680038562,352.0,15,39,45.0
11131,11131,-30998.08486190593,-21895.28065820197,354.0,15,39,45.0
11132,11132,-30996.00619732874,-21974.90785680432,355.0,15,39,45.0
11133,11133,-31019.406064440314,-22082.63227415848,356.0,15,39,45.0
11134,11134,-31095.38921206174,-22136.497318761616,357.0,15,39,45.0
11135,11135,-31126.42873739993,-22065.0064328882,357.0,15,39,45.0
11136,11136,-31132.85515630883,-22122.164584124464,357.0,15,39,45.0
11137,11137,-31193.654597654797,-22157.06296339479,358.0,15,39,45.0
11138,11138,-31150.403468278742,-22180.809455480645,358.0,15,39,45.0
11139,11139,-31192.3014757753,-22124.547750252765,358.0,15,39,45.0
11140,11140,-31241.043939722465,-22242.42001459225,360.0,15,39,45.0
11141,11141,-31301.328408522564,-22297.47211226501,362.0,15,39,45.0
11142,11142,-31277.40382751288,-22351.565533105862,362.0,15,39,45.0
11143,11143,-31360.53886940434,-22185.143293068773,362.0,15,39,45.0
11144,11144,-31346.57601715208,-22286.98011538785,362.0,15,39,45.0
11145,11145,-31395.86417421335,-22245.83190031863,363.0,15,39,45.0
11146,11146,-31503.546525939964,-22314.22844876515,364.0,15,39,45.0
11147,11147,-31596.01864031649,-22378.02708486673,367.0,15,39,45.0
11148,11148,-31695.55356910256,-22376.202721172907,368.0,15,39,45.0
11149,11149,-31763.08844378194,-22431.278916490235,370.0,15,39,45.0
11150,11150,-31820.310855814318,-22441.617679552004,371.0,15,39,45.0
11151,11151,-31878.587386102947,-22387.9318080661,371.0,15,39,45.0
11152,11152,-31845.255373142933,-22501.48600472779,371.0,15,39,45.0
11153,11153,-31944.07971984613,-22359.623334195847,372.0,15,39,45.0
11154,11154,-31968.235199630617,-22281.47958884976,374.0,15,39,45.0
11155,11155,-32069.169898861364,-22293.77848577933,375.0,15,39,45.0
11156,11156,-31945.63115784164,-22364.052507506123,375.0,15,39,45.0
11157,11157,-32030.27830689709,-22344.42964545711,375.0,15,39,45.0
11158,11158,-32105.564402810385,-22416.82406715932,376.0,15,39,45.0
11159,11159,-32054.822957410484,-22471.78306768595,379.0,15,39,45.0
11160,11160,-32103.187501334414,-22567.4236231414,380.0,15,39,45.0
11161,11161,-32173.051835188904,-22517.58493021711,381.0,15,39,45.0
11162,11162,-32258.7367409277,-22549.927004531128,383.0,15,39,45.0
11163,11163,-32250.32377012053,-22535.77394438986,383.0,15,39,45.0
11164,11164,-32317.74253214154,-22642.784417758558,385.0,15,39,45.0
11165,11165,-32319.33081214857,-22608.84774952317,385.0,15,39,45.0
11166,11166,-32416.86947197989,-22549.30843532592,386.0,15,39,45.0
11167,11167,-32508.891975014278,-22633.9388598668,387.0,15,39,45.0
11168,11168,-32596.642865999795,-22656.216779967453,388.0,15,39,45.0
11169,11169,-32623.448371438357,-22570.91056485328,390.0,15,39,45.0
11170,11170,-32696.611881825327,-22640.94553178473,390.0,15,39,45.0
11171,11171,-32765.091211576346,-22656.783021211508,391.0,15,39,45.0
11172,11172,-32859.407759922164,-22626.751506240387,392.0,15,39,45.0
11173,11173,-32818.40258470967,-22604.50243727678,392.0,15,39,45.0
11174,11174,-32725.878673712723,-22736.04027179181,392.0,15,39,45.0
11175,11175,-32843.28126362828,-22756.698554745108,393.0,15,39,45.0
11176,11176,-32847.67587089875,-22814.66049787992,397.0,15,39,45.0
11177,11177,-32926.45515583219,-22744.840888147555,397.0,15,39,45.0
11178,11178,-32940.520124633775,-22852.333913297352,399.0,15,39,45.0
11179,11179,-32997.172359041324,-22807.802141975128,400.0,15,39,45.0
11180,11180,-32961.709079748725,-22935.57392352533,403.0,15,39,45.0
11181,11181,-33081.3529207938,-22836.76690926839,403.0,15,39,45.0
11182,11182,-33122.66018429404,-22889.669775788123,404.0,15,39,45.0
11183,11183,-33210.57309803935,-22848.66342309493,405.0,15,39,45.0
11184,11184,-33216.776432329,-22875.091033965866,405.0,15,39,45.0
11185,11185,-33260.17535164382,-22944.383200177348,406.0,15,39,45.0
11186,11186,-33239.17512521732,-22993.87037544728,406.0,15,39,45.0
11187,11187,-33260.97275304545,-23043.246851788004,411.0,15,39,45.0
11188,11188,-33385.60005003933,-23045.91596864365,412.0,15,39,45.0
11189,11189,-33400.02038357212,-23115.02092088336,414.0,15,39,45.0
11190,11190,-33450.83640953391,-23167.967253823117,417.0,15,39,45.0
11191,11191,-33495.12245108267,-23114.21659770154,417.0,15,39,45.0
11192,11192,-33574.835308731024,-23146.694620568665,419.0,15,39,45.0
11193,11193,-33680.135062009496,-23211.913066763544,420.0,15,39,45.0
11194,11194,-33659.77192449667,-23178.984428646487,420.0,15,39,45.0
11195,11195,-33694.219901691904,-23320.910006108264,422.0,15,39,45.0
11196,11196,-33706.907171997605,-23408.07343800569,423.0,15,39,45.0
11197,11197,-33761.50371231025,-23272.588433978497,423.0,15,39,45.0
11198,11198,-33771.16931672969,-23312.955095674428,423.0,15,39,45.0
11199,11199,-33835.35339203038,-23367.1189773678,425.0,15,39,45.0
11200,11200,-33835.72136755888,-23346.847462116068,425.0,15,39,45.0
11201,11201,-33837.8652942139,-23364.84938906052,425.0,15,39,45.0
11202,11202,-33941.32516021546,-23362.495597556222,426.0,15,39,45.0
11203,11203,-30723.06408160957,22078.55013644492,51.0,-1,-1,-1.0
11204,11204,6266.208472163751,21951.32196993899,119.0,-1,-1,-1.0
11205,11205,17391.42059191,9049.544718887397,269.0,-1,-1,-1.0
11206,11206,-39229.72537059461,8264.165076652484,496.0,-1,-1,-1.0
11207,11207,37705.75681063587,-12492.304312621469,498.0,-1,-1,-1.0
11208,11208,-13463.330303628194,4168.977978763316,344.0,-1,26,-1.0
11209,11209,-37216.419118909806,-39289.32697678064,336.0,-1,-1,-1.0
11210,11210,-39032.971113012594,11189.545748988588,449.0,-1,-1,-1.0
11211,11211,-1119.9651177565756,-36960.11491395992,282.0,-1,-1,-1.0
11212,11212,-13408.38986487162,-13806.356413782543,293.0,-1,-1,-1.0
11213,11213,-17249.742421753017,27081.715493381475,169.0,-1,48,59.0
11214,11214,-14556.2921060196,-25360.19687730608,16.0,-1,-1,-1.0
11215,11215,21137.769431349647,1538.082101977605,344.0,-1,-1,-1.0
11216,11216,-8015.741662906279,-32032.41664914324,23.0,-1,-1,-1.0
11217,11217,-31155.70526368529,25821.03003439381,257.0,-1,-1,-1.0
11218,11218,-9856.190270125797,-34208.88294628523,224.0,-1,-1,-1.0
11219,11219,-37746.53326097704,-7818.695236885924,108.0,-1,32,38.0
11220,11220,-13590.297538215807,966.5695333848852,458.0,-1,-1,-1.0
11221,11221,-16297.325461655782,8409.704893889859,110.0,-1,26,-1.0
11222,11222,35204.91060202327,884.1608299462387,259.0,-1,-1,-1.0
11223,11223,8047.546015586973,25690.531350956764,125.0,-1,-1,-1.0
11224,11224,-22051.381940734515,11107.83037202045,118.0,-1,40,-1.0
11225,11225,25326.096777863,32738.70703942672,282.0,-1,-1,-1.0
11226,11226,24758.954004523017,19231.849303660834,243.0,-1,-1,-1.0
11227,11227,28007.72267574293,-28805.988408295,258.0,-1,-1,-1.0
11228,11228,-16013.282501334395,38021.38165638661,109.0,-1,48,-1.0
11229,11229,34219.90314949144,28560.87701984409,430.0,-1,10,-1.0
11230,11230,-5734.753427250769,4840.687771290308,383.0,-1,-1,-1.0
11231,11231,-21859.94576211936,-38503.75883384088,96.0,-1,12,-1.0
11232,11232,30062.982219813915,7396.723378434159,143.0,-1,-1,-1.0
11233,11233,16381.10705147303,39983.22771396101,90.0,-1,-1,-1.0
11234,11234,-22242.97279050301,-12280.717181991857,292.0,-1,-1,-1.0
11235,11235,18400.06806154441,22313.427045772383,474.0,-1,18,-1.0
11236,11236,4336.04826999097,20588.99308233068,362.0,-1,-1,-1.0
11237,11237,11354.74573159145,26991.585041645216,228.0,-1,-1,-1.0
11238,11238,-15165.507857457553,-233.6422411184103,105.0,-1,-1,-1.0
11239,11239,-27434.606603775763,18838.73591675784,233.0,-1,-1,-1.0
11240,11240,-10514.843875739716,7110.967536191165,54.0,-1,-1,-1.0
11241,11241,36272.45925887632,-30280.07858768299,234.0,-1,-1,-1.0
11242,11242,8955.932795003107,39232.96538744208,418.0,-1,-1,-1.0
11243,11243,39254.59960188053,-760.3546039083813,132.0,-1,-1,-1.0
11244,11244,-20708.245854768746,18062.820025941423,103.0,-1,-1,-1.0
11245,11245,-28127.351970425545,34941.56238962099,417.0,-1,6,-1.0
11246,11246,33424.745966451505,12024.477669296357,340.0,-1,-1,-1.0
11247,11247,9207.538617304162,17041.005287588763,388.0,-1,-1,-1.0
11248,11248,38099.33180007151,-21609.805372522234,10.0,-1,-1,-1.0
11249,11249,17017.588772359493,35658.02897618052,139.0,-1,-1,-1.0
11250,11250,-31606.045043323214,2773.9996185830023,455.0,-1,29,-1.0
11251,11251,17156.194855550908,31176.26981296623,104.0,-1,-1,-1.0
11252,11252,974.716574810096,-23864.271760627948,106.0,-1,-1,-1.0
11253,11253,9386.63753925213,-19699.47269119392,480.0,-1,-1,-1.0
11254,11254,27061.51690356185,26011.13727178336,4.0,-1,-1,-1.0
11255,11255,26756.1003155432,-26302.14056090036,251.0,-1,45,-1.0
11256,11256,26544.711100692817,-29028.814121707543,105.0,-1,45,-1.0
11257,11257,15446.06892237177,36747.29041162654,175.0,-1,-1,-1.0
11258,11258,-1731.414125033145,-19378.67931380008,421.0,-1,31,-1.0
11259,11259,1680.2076139275596,-16828.328604688264,175.0,-1,31,-1.0
11260,11260,-12284.93671730032,38298.840605046906,486.0,-1,48,-1.0
11261,11261,30757.946169553838,-10281.955164501396,87.0,-1,-1,-1.0
11262,11262,7552.054958885659,13113.19689020898,448.0,-1,8,-1.0
11263,11263,16307.582449562937,-20844.89771165168,215.0,-1,-1,-1.0
11264,11264,-16072.136733635563,-22065.550573186872,212.0,-1,-1,-1.0
11265,11265,-1903.874602241456,34143.957344252674,99.0,-1,-1,-1.0
11266,11266,33236.36658497469,30581.44024171244,447.0,-1,10,-1.0
11267,11267,-8668.121844279878,32643.430460141404,119.0,-1,-1,-1.0
11268,11268,39590.26796243763,7037.281325260257,117.0,-1,-1,-1.0
11269,11269,22581.519779607275,-37174.257914262016,194.0,-1,-1,-1.0
11270,11270,-12455.798400003096,-23310.594223093463,3.0,-1,-1,-1.0
11271,11271,21541.2398475214,-9888.13474522366,371.0,-1,-1,-1.0
11272,11272,-32351.5510583133,17598.56367790723,204.0,-1,-1,-1.0
11273,11273,-39158.37201952818,7318.241299247966,104.0,-1,-1,-1.0
11274,11274,25371.47192473136,-29460.2270416972,113.0,-1,45,-1.0
11275,11275,-11657.110575138096,-25313.608055667573,196.0,-1,17,-1.0
11276,11276,26299.03461005757,21040.459861918564,344.0,-1,18,-1.0
11277,11277,-22951.80513797669,12920.325006907731,168.0,-1,-1,-1.0
11278,11278,-21628.856465235087,1013.8777924289244,256.0,-1,-1,-1.0
11279,11279,-23049.231782363066,18893.61503342977,354.0,-1,37,-1.0
11280,11280,-18338.305098878136,15216.7581829228,207.0,-1,-1,-1.0
11281,11281,29729.35117449639,727.0306981136018,419.0,-1,-1,-1.0
11282,11282,-22987.17201906415,-37941.00298509839,204.0,-1,12,-1.0
11283,11283,-26852.64383298927,-11412.40943354843,382.0,-1,-1,-1.0
11284,11284,14391.366130843147,-3346.751217041754,232.0,-1,-1,-1.0
11285,11285,-22663.88747272336,-17134.1849148994,301.0,-1,-1,-1.0
11286,11286,-36463.01458591239,-21477.94950370587,158.0,-1,0,-1.0
11287,11287,-18069.237427083368,-36006.01396161176,191.0,-1,-1,-1.0
11288,11288,23715.154843798824,-34235.43054276969,0.0,-1,-1,-1.0
11289,11289,27094.021491238676,-18112.43343549908,141.0,-1,45,-1.0
11290,11290,27540.84480042412,-13551.365223777631,125.0,-1,45,52.0
11291,11291,16977.961382497968,-20777.206355168448,60.0,-1,-1,-1.0
11292,11292,-37494.92785184304,-33195.64924506734,314.0,-1,20,-1.0
11293,11293,-1972.8436582782012,-9510.070116745996,303.0,-1,31,-1.0
11294,11294,6260.223383160177,15258.263804303344,240.0,-1,8,-1.0
11295,11295,-14689.473818796152,-37269.41054301022,90.0,-1,-1,-1.0
11296,11296,-25563.060658983864,34672.25101569972,341.0,-1,-1,-1.0
11297,11297,-17110.904019087502,3392.0171077767154,386.0,-1,-1,-1.0
11298,11298,-23198.681612324075,-7390.018354153857,195.0,-1,-1,-1.0
11299,11299,5710.025688505149,1117.2102670666718,169.0,-1,-1,-1.0
11300,11300,-16438.800258715888,-27088.05852893936,426.0,-1,36,-1.0
11301,11301,-17016.0745033351,1227.2909012123491,155.0,-1,-1,-1.0
11302,11302,34198.65978146266,35262.36151646261,346.0,-1,11,-1.0
11303,11303,-15650.1314293543,25137.973207978637,484.0,-1,-1,-1.0
11304,11304,24718.13957100076,-26923.1867018374,227.0,-1,-1,-1.0
11305,11305,4326.353997309983,-13279.92028935669,258.0,-1,-1,-1.0
11306,11306,13042.925100212064,-15654.583123278298,446.0,-1,-1,-1.0
11307,11307,24602.557752889355,35427.040709134424,58.0,-1,-1,-1.0
11308,11308,-19149.831452150134,-1855.7664406855984,468.0,-1,43,-1.0
11309,11309,-24948.05034291704,-28791.292877026797,247.0,-1,38,-1.0
11310,11310,8273.361754317753,10774.5808985709,250.0,-1,8,-1.0
11311,11311,25901.91540421912,3896.218059571598,195.0,-1,-1,-1.0
11312,11312,-31612.7561423192,-7783.81657452237,156.0,-1,41,47.0
11313,11313,-28438.86231673094,33465.31149606533,470.0,-1,-1,-1.0
11314,11314,3847.542254073669,-25527.197002279616,159.0,-1,-1,-1.0
11315,11315,1612.7913182989578,-729.9096846061002,38.0,-1,-1,-1.0
11316,11316,-31232.318559721443,11161.23755154096,154.0,-1,-1,-1.0
11317,11317,-7802.057088735648,21762.822896698104,6.0,-1,-1,-1.0
11318,11318,22220.863547233705,26374.90296839876,89.0,-1,-1,-1.0
11319,11319,26740.002277721094,35991.32837125003,367.0,-1,-1,-1.0
11320,11320,-23694.802146980783,-21165.167926057897,26.0,-1,-1,-1.0
11321,11321,-7176.399239542618,16147.831314519914,215.0,-1,-1,-1.0
11322,11322,-8979.685997435248,-21137.445890020903,222.0,-1,-1,-1.0
11323,11323,-6234.618034919782,-21534.391210942205,293.0,-1,-1,-1.0
11324,11324,-32719.42880243105,852.2934625952621,195.0,-1,29,-1.0
11325,11325,4992.83149810107,-39665.613193517085,300.0,-1,-1,-1.0
11326,11326,-13269.053172568869,19668.92944872841,479.0,-1,-1,-1.0
11327,11327,-16970.395503825843,-32993.62053256722,338.0,-1,36,-1.0
11328,11328,4784.144978460077,-3464.684288932178,497.0,-1,-1,-1.0
11329,11329,20148.010936786108,-38947.8964771505,255.0,-1,-1,-1.0
11330,11330,5045.386258413477,19587.62333541705,78.0,-1,-1,-1.0
11331,11331,-2485.0164817374607,31240.261880306367,332.0,-1,-1,-1.0
11332,11332,-6169.480481119979,-7849.967030410535,226.0,-1,31,36.0
11333,11333,-2835.010088247924,27690.51950527777,395.0,-1,48,-1.0
11334,11334,-30011.81842844229,-15329.68529615605,183.0,-1,-1,-1.0
11335,11335,-28157.88175572348,-31497.59216190062,390.0,-1,34,-1.0
11336,11336,-24842.50440669129,31461.114875090974,182.0,-1,-1,-1.0
11337,11337,32657.386733224703,-4488.840798005083,130.0,-1,33,-1.0
11338,11338,-4393.166614614354,34243.239897055246,124.0,-1,48,-1.0
11339,11339,-9321.563069720622,10579.405281101092,67.0,-1,27,-1.0
11340,11340,5343.964273267411,-25964.91427577189,301.0,-1,31,-1.0
11341,11341,-10199.62522400542,-27507.96879716869,240.0,-1,-1,-1.0
11342,11342,28608.112294884297,-1493.8118036398082,426.0,-1,33,-1.0
11343,11343,-30368.28635167999,7780.900755643888,474.0,-1,-1,-1.0
11344,11344,23418.186754963164,-31306.530160435563,471.0,-1,-1,-1.0
11345,11345,39554.37664769679,-7978.871083529924,138.0,-1,-1,-1.0
11346,11346,2810.7231110874054,-25524.507603362068,82.0,-1,-1,-1.0
11347,11347,-36061.52206803803,34983.42991559021,57.0,-1,5,-1.0
11348,11348,-11605.230049174614,-2034.323467229165,368.0,-1,-1,-1.0
11349,11349,-34707.43748702461,-15626.870348387092,438.0,-1,-1,-1.0
11350,11350,-22921.71708036386,16561.371099294847,450.0,-1,-1,-1.0
11351,11351,12202.35196700201,-32244.283809608733,298.0,-1,-1,-1.0
11352,11352,25287.19698056685,-11559.606317819656,312.0,-1,-1,-1.0
11353,11353,13546.675629991652,20531.28057778386,494.0,-1,-1,-1.0
11354,11354,7272.091472769142,-8041.004936366648,139.0,-1,-1,-1.0
11355,11355,-13627.329855917196,-14283.625204671112,455.0,-1,-1,-1.0
11356,11356,-29448.92375056377,23582.984511700397,146.0,-1,-1,-1.0
11357,11357,-30235.01655737088,17587.135407223854,23.0,-1,40,-1.0
11358,11358,-3434.055866927716,10219.518454871926,75.0,-1,-1,-1.0
11359,11359,-25326.60933351788,38974.59527970072,211.0,-1,-1,-1.0
11360,11360,-8421.049755961878,27866.133029209654,137.0,-1,-1,-1.0
11361,11361,11554.115015144867,9226.273902208522,80.0,-1,-1,-1.0
11362,11362,-18374.607855329225,-36006.32601248667,307.0,-1,-1,-1.0
11363,11363,-11651.438279270296,13822.715584433558,483.0,-1,-1,-1.0
11364,11364,-34685.931769119255,-36134.17688493618,9.0,-1,19,-1.0
11365,11365,17395.04261846572,-12518.954821805542,229.0,-1,44,-1.0
11366,11366,-31294.867799911764,-13499.802471305804,353.0,-1,-1,-1.0
11367,11367,33919.399834904456,18966.34491929276,181.0,-1,-1,-1.0
11368,11368,-17581.918921736276,-6471.42353582551,26.0,-1,43,-1.0
11369,11369,-13011.65704718624,-26267.562969218696,468.0,-1,-1,-1.0
11370,11370,-34930.217599030155,-31133.7703174547,412.0,-1,-1,-1.0
11371,11371,35612.79298515119,33509.79255936996,231.0,-1,-1,-1.0
11372,11372,-1537.9984896004898,-35471.35171315647,34.0,-1,-1,-1.0
11373,11373,-30802.56334262427,-33145.20292141428,12.0,-1,34,-1.0
11374,11374,18565.52587609241,-27194.326580582827,188.0,-1,3,-1.0
11375,11375,7032.120648123091,19393.63229159701,35.0,-1,-1,-1.0
11376,11376,-15026.92547557005,-7547.562009617366,387.0,-1,43,-1.0
11377,11377,31771.674573080105,25455.08463067224,26.0,-1,-1,-1.0
11378,11378,27578.67798869642,-4930.72456432008,135.0,-1,-1,-1.0
11379,11379,-27934.403107441303,-24587.860484575394,471.0,-1,-1,-1.0
11380,11380,-30153.637346806823,-39263.58116598612,8.0,-1,-1,-1.0
11381,11381,22489.974293622,35771.50591632277,470.0,-1,30,-1.0
11382,11382,-24313.82563749356,-3564.327779990665,227.0,-1,41,-1.0
11383,11383,6566.214953457398,-10258.245669932898,23.0,-1,31,-1.0
11384,11384,5109.040603767164,7570.413316835482,288.0,-1,27,-1.0
11385,11385,-21265.292241312047,2117.09594212917,17.0,-1,-1,-1.0
11386,11386,-39518.097488108,-11928.489403931097,421.0,-1,-1,-1.0
11387,11387,7493.655057427233,-27661.930539902,424.0,-1,31,-1.0
11388,11388,14965.773989803129,21515.659715752157,213.0,-1,-1,-1.0
11389,11389,27992.029532740213,-7603.957060306588,480.0,-1,-1,-1.0
11390,11390,35072.83237374399,-1621.09748743174,188.0,-1,-1,-1.0
11391,11391,431.5664258395264,-22421.69893803209,456.0,-1,-1,-1.0
11392,11392,-21676.41784062278,-37392.20097920256,7.0,-1,12,-1.0
11393,11393,35038.15228329289,-8164.870066916235,347.0,-1,33,-1.0
11394,11394,16106.18837350377,-29653.47788994782,247.0,-1,3,-1.0
11395,11395,28223.444302401505,10097.118924542272,159.0,-1,-1,-1.0
11396,11396,26057.48267164627,-20078.1969790438,73.0,-1,45,-1.0
11397,11397,21214.504588684424,-7010.721723479066,179.0,-1,44,50.0
11398,11398,-31904.1236066664,6522.261054582661,261.0,-1,-1,-1.0
11399,11399,-28039.070906213063,5473.4639193741605,432.0,-1,-1,-1.0
11400,11400,-10063.728001543026,1964.0787281831,379.0,-1,-1,-1.0
11401,11401,-11234.608505815131,4234.53447015104,274.0,-1,-1,-1.0
11402,11402,-11534.971525563113,34622.904218280746,443.0,-1,48,-1.0
11403,11403,-30682.279668351657,38924.11947155664,139.0,-1,-1,-1.0
11404,11404,-35061.53536689319,31546.783245041224,472.0,-1,-1,-1.0
11405,11405,6543.4453732081165,25749.881065400117,178.0,-1,-1,-1.0
11406,11406,-14054.294850124264,-35247.689034179624,23.0,-1,36,-1.0
11407,11407,624.489269380334,39481.21693415343,493.0,-1,-1,-1.0
11408,11408,38684.67154877806,29565.016477841596,370.0,-1,10,-1.0
11409,11409,12630.82355303876,36349.05173184733,247.0,-1,-1,-1.0
11410,11410,3555.233812964958,32066.882518361774,313.0,-1,48,-1.0
11411,11411,-3098.699534848827,-23603.175098724743,73.0,-1,25,-1.0
11412,11412,7655.361923757293,10019.931801846498,10.0,-1,-1,-1.0
11413,11413,5793.397152559948,-23020.231076062155,492.0,-1,31,-1.0
11414,11414,-8271.809927633978,-34768.64707015248,365.0,-1,35,-1.0
11415,11415,1001.9785692047662,23519.290399406447,344.0,-1,-1,-1.0
11416,11416,-27615.84756927261,26822.595510859304,8.0,-1,-1,-1.0
11417,11417,-7334.567395733149,-5417.6947577886895,229.0,-1,-1,-1.0
11418,11418,26084.543420220885,-8495.979844468195,382.0,-1,-1,-1.0
11419,11419,-31116.9241362202,-10837.342478438071,158.0,-1,-1,-1.0
11420,11420,13906.09776641894,35226.96311381417,434.0,-1,-1,-1.0
11421,11421,-15162.00725859548,-5983.420991064391,405.0,-1,-1,-1.0
11422,11422,-3451.7292523211654,-32386.841506475008,191.0,-1,-1,-1.0
11423,11423,-32654.39871591053,8015.836187830166,474.0,-1,-1,-1.0
11424,11424,-11335.38229102319,13836.466605466609,92.0,-1,-1,-1.0
11425,11425,-27579.13841027313,20486.67893684138,430.0,-1,-1,-1.0
11426,11426,-16499.714915455515,20404.83473969353,389.0,-1,-1,-1.0
11427,11427,-1631.7843241121736,8010.443937526201,425.0,-1,27,-1.0
11428,11428,9747.18057718005,16602.58370651018,337.0,-1,8,-1.0
11429,11429,-6261.466031603952,-2354.8125781276976,213.0,-1,-1,-1.0
11430,11430,25588.68511664137,4252.047851024508,32.0,-1,-1,-1.0
11431,11431,-9463.632863464842,12536.309362553176,38.0,-1,27,-1.0
11432,11432,-13209.363679589796,36607.573278976095,45.0,-1,-1,-1.0
11433,11433,32266.88117410305,-28940.80585550568,142.0,-1,-1,-1.0
11434,11434,23361.12364446406,-26562.50350184094,454.0,-1,-1,-1.0
11435,11435,-12029.044592630427,-18067.913616296148,320.0,-1,31,-1.0
11436,11436,21724.09421254889,-6681.947819697307,329.0,-1,44,-1.0
11437,11437,3709.554543979575,30508.7615951512,325.0,-1,-1,-1.0
11438,11438,-20351.596454052866,29551.694376049607,108.0,-1,48,-1.0
11439,11439,-35070.49539755013,-24628.965252658272,191.0,-1,-1,-1.0
11440,11440,17003.736613545923,-28370.334111994038,20.0,-1,-1,-1.0
11441,11441,-11246.439497190697,-2313.9429137675106,44.0,-1,-1,-1.0
11442,11442,29995.874586741706,-11296.45391524721,469.0,-1,-1,-1.0
11443,11443,36114.95425104709,22116.131382721014,195.0,-1,-1,-1.0
11444,11444,-28280.25601349869,9840.685985128388,288.0,-1,-1,-1.0
11445,11445,10680.264031857208,32289.798981226617,302.0,-1,47,-1.0
11446,11446,5414.409866084388,-23927.607238673845,226.0,-1,31,-1.0
11447,11447,36200.77013488507,-21642.254115866057,168.0,-1,-1,-1.0
11448,11448,-31746.123016172856,-22573.466001518875,468.0,-1,39,-1.0
11449,11449,1831.7872485864864,10043.668621963996,466.0,-1,27,-1.0
11450,11450,-39706.1785248129,13213.39234403499,9.0,-1,-1,-1.0
11451,11451,-3700.334053918108,-18843.08498481861,245.0,-1,-1,-1.0
11452,11452,-31294.33462191885,-20971.78705792545,478.0,-1,39,-1.0
11453,11453,-7899.806846470252,30451.094489843963,63.0,-1,-1,-1.0
11454,11454,26552.81148532273,3888.606587059309,346.0,-1,-1,-1.0
11455,11455,6756.451190820255,14842.625853541584,424.0,-1,8,-1.0
11456,11456,-21795.446988031683,7264.454478221422,248.0,-1,-1,-1.0
11457,11457,-7214.342809738257,22785.254497606395,352.0,-1,-1,-1.0
11458,11458,-9006.450204491295,-18160.816210477034,314.0,-1,-1,-1.0
11459,11459,-24339.36072872342,14993.602052815457,69.0,-1,-1,-1.0
11460,11460,4734.214631397779,4567.157384974897,5.0,-1,-1,-1.0
11461,11461,-21451.76604604648,16714.893842585792,441.0,-1,-1,-1.0
11462,11462,-38202.47968818901,30628.42693841881,353.0,-1,-1,-1.0
11463,11463,24716.453760886703,30595.532483355917,479.0,-1,-1,-1.0
11464,11464,5388.240038159718,-32971.60746003653,271.0,-1,1,-1.0
11465,11465,-25265.64726583661,31382.154755740357,285.0,-1,-1,-1.0
11466,11466,-21886.485069232807,-18052.221618583662,427.0,-1,-1,-1.0
11467,11467,-36112.44898538519,16938.279372889432,273.0,-1,-1,-1.0
11468,11468,-34843.46495878005,8195.943365999941,156.0,-1,24,-1.0
11469,11469,17557.175252579073,24699.86560647172,299.0,-1,-1,-1.0
11470,11470,27826.856468539016,18039.449050799893,456.0,-1,-1,-1.0
11471,11471,-23633.45693784641,-21407.87448146785,299.0,-1,-1,-1.0
11472,11472,-5327.560176798441,-18930.872906515116,362.0,-1,-1,-1.0
11473,11473,8392.6375544572,34177.11144002754,122.0,-1,-1,-1.0
11474,11474,-31232.972693442895,-32016.36557470243,85.0,-1,-1,-1.0
11475,11475,-36009.659570888354,12062.6556202598,189.0,-1,-1,-1.0
11476,11476,37827.9096785353,-36277.31688760996,221.0,-1,21,-1.0
11477,11477,32819.86646677976,-36176.51412964217,56.0,-1,-1,-1.0
11478,11478,-39394.88450451137,11919.74993771629,333.0,-1,-1,-1.0
11479,11479,-223.46801988415243,-10719.680467484675,267.0,-1,31,-1.0
11480,11480,-28179.347920752392,12200.328516179929,190.0,-1,-1,-1.0
11481,11481,-17275.79755977095,21259.039034520854,281.0,-1,-1,-1.0
11482,11482,-30718.75237282878,-7362.374643398103,36.0,-1,41,47.0
11483,11483,2289.2344016475763,18219.1976074822,370.0,-1,-1,-1.0
11484,11484,37450.899533806674,-14056.975430928313,429.0,-1,-1,-1.0
11485,11485,-5670.115606618965,30222.56216767828,23.0,-1,-1,-1.0
11486,11486,-8125.620467551631,-9562.539414973153,101.0,-1,31,-1.0
11487,11487,18283.64280391486,33883.30628438924,330.0,-1,-1,-1.0
11488,11488,-15955.935853468058,26543.09578940748,490.0,-1,-1,-1.0
11489,11489,27886.02109703762,4594.601987645154,144.0,-1,-1,-1.0
11490,11490,36329.58328575968,9547.676594296769,305.0,-1,28,-1.0
11491,11491,-14405.496444319177,2774.6800024516706,50.0,-1,-1,-1.0
11492,11492,17155.034830647375,7498.580504247067,74.0,-1,2,-1.0
11493,11493,14231.207741803322,20773.15418323221,291.0,-1,-1,-1.0
11494,11494,20581.246687935676,-21286.31841495964,112.0,-1,-1,-1.0
11495,11495,-7907.901422821782,-8954.59090965434,394.0,-1,31,-1.0
11496,11496,14044.921843045748,16726.099953814723,494.0,-1,-1,-1.0
11497,11497,-21475.90741209024,24620.12744336496,10.0,-1,-1,-1.0
11498,11498,4061.709706503214,22038.520751348507,61.0,-1,46,-1.0
11499,11499,23349.96993921412,12842.719856257963,172.0,-1,-1,-1.0
11500,11500,12532.250639950362,9616.73078648818,292.0,-1,-1,-1.0
11501,11501,-12761.285459807958,11515.286137413035,162.0,-1,-1,-1.0
11502,11502,-23035.751499908707,5463.5694422704255,345.0,-1,-1,-1.0
11503,11503,28356.985950561662,33381.49590014381,1.0,-1,-1,-1.0
11504,11504,-16240.735667672412,-7270.605823356684,53.0,-1,43,49.0
11505,11505,29151.912366514985,-39170.13907121879,110.0,-1,-1,-1.0
11506,11506,4242.087211910904,17795.926553275312,126.0,-1,-1,-1.0
11507,11507,-25490.599891773352,7182.777367625131,451.0,-1,-1,-1.0
11508,11508,33589.41450402826,35396.02366742295,282.0,-1,11,-1.0
11509,11509,5431.3609396452375,-18927.76170232732,200.0,-1,-1,-1.0
11510,11510,11865.576205442268,17700.392340792838,133.0,-1,-1,-1.0
11511,11511,-12670.768354157555,24545.773605484777,210.0,-1,48,-1.0
11512,11512,26723.19440714072,-6734.879164476253,108.0,-1,-1,-1.0
11513,11513,8244.38123931153,-38802.878448168856,19.0,-1,1,-1.0
11514,11514,-13497.24547148008,10844.271290422294,276.0,-1,-1,-1.0
11515,11515,38861.608916886296,-35619.362275526386,442.0,-1,-1,-1.0
11516,11516,36795.43589459812,21437.94836988377,291.0,-1,-1,-1.0
11517,11517,31772.661939038444,-5894.527002878553,225.0,-1,-1,-1.0
11518,11518,-386.9468421160127,-18183.18348025753,14.0,-1,31,-1.0
11519,11519,-22927.162052497384,6093.306654017884,181.0,-1,-1,-1.0
11520,11520,12939.30374513191,23025.40357853153,269.0,-1,-1,-1.0
11521,11521,25737.547130679726,16167.995969801006,100.0,-1,-1,-1.0
11522,11522,-2229.0983418151955,225.2159507775359,53.0,-1,22,-1.0
11523,11523,27551.54699070986,-25421.227551473705,469.0,-1,-1,-1.0
11524,11524,-8788.272198754239,-33935.478102439374,449.0,-1,35,-1.0
11525,11525,10937.16265359171,6331.680314496545,361.0,-1,2,-1.0
11526,11526,27206.88189800392,-3586.6545493423478,426.0,-1,-1,-1.0
11527,11527,-3373.916251754621,-24913.52807261588,424.0,-1,-1,-1.0
11528,11528,30947.168665238496,26557.894016436127,386.0,-1,-1,-1.0
11529,11529,32680.334115161924,35816.865023803286,150.0,-1,11,-1.0
11530,11530,26302.0586441886,14418.063902865018,268.0,-1,-1,-1.0
11531,11531,21028.688129749597,35519.300354171006,77.0,-1,30,-1.0
11532,11532,-7994.97507770978,35472.862990376845,144.0,-1,-1,-1.0
11533,11533,-33994.25630119432,31898.62897566424,305.0,-1,6,-1.0
11534,11534,-21618.32525671176,31259.254479022144,206.0,-1,-1,-1.0
11535,11535,-15690.735162636936,25358.26444969124,184.0,-1,-1,-1.0
11536,11536,31284.95015450976,19932.43872474879,319.0,-1,-1,-1.0
11537,11537,17400.275214713758,-31961.703751815992,10.0,-1,-1,-1.0
11538,11538,6597.9735246453565,-16616.982433339897,171.0,-1,-1,-1.0
11539,11539,-19520.270930021547,25918.413523401498,6.0,-1,-1,-1.0
11540,11540,36082.04979287161,1748.0261872630435,58.0,-1,28,-1.0
11541,11541,-19482.67257204056,-33443.647656163885,239.0,-1,-1,-1.0
11542,11542,33131.96266842309,-6392.414174955484,221.0,-1,-1,-1.0
11543,11543,-28542.40692843021,6714.288452048859,90.0,-1,-1,-1.0
11544,11544,4897.7191759986745,35617.5265065133,31.0,-1,-1,-1.0
11545,11545,13179.705861952243,16952.72164812238,410.0,-1,-1,-1.0
11546,11546,-38720.20133739266,-8676.709268853068,395.0,-1,-1,-1.0
11547,11547,10680.43538579828,-5253.667251524246,180.0,-1,-1,-1.0
11548,11548,20050.049274390916,12015.068850523328,410.0,-1,-1,-1.0
11549,11549,667.8091694547184,-36826.037199302526,382.0,-1,-1,-1.0
11550,11550,23197.45548261635,23938.50692004591,78.0,-1,-1,-1.0
11551,11551,28941.588804183324,15873.729247002891,334.0,-1,-1,-1.0
11552,11552,-24782.274521968862,-32639.519324325,280.0,-1,-1,-1.0
11553,11553,14533.832829619656,7047.180791297302,395.0,-1,-1,-1.0
11554,11554,22317.76018525172,14072.929276960313,114.0,-1,-1,-1.0
11555,11555,-24817.622154769717,2779.4944711619974,175.0,-1,-1,-1.0
11556,11556,-27309.537391858168,17894.497778334415,3.0,-1,-1,-1.0
11557,11557,-6860.026842571264,-22715.32673129829,195.0,-1,7,-1.0
11558,11558,20957.83408691877,6399.820364047308,116.0,-1,-1,-1.0
11559,11559,-6165.614279105226,-20847.62337627903,221.0,-1,7,-1.0
11560,11560,-5831.2361176850245,-25908.602007093366,470.0,-1,-1,-1.0
11561,11561,25345.833305629945,37907.35287145589,295.0,-1,30,-1.0
11562,11562,-36162.36507036733,-17617.11903210603,304.0,-1,0,-1.0
11563,11563,-24365.8716418076,39127.29255675126,478.0,-1,-1,-1.0
11564,11564,28398.26728352756,-12594.115817074202,224.0,-1,-1,-1.0
11565,11565,-528.6638796867846,28233.53005499627,475.0,-1,-1,-1.0
11566,11566,11623.74836367664,-36355.92609824389,234.0,-1,4,-1.0
11567,11567,-18586.16558820092,20107.05443852468,262.0,-1,-1,-1.0
11568,11568,-15949.327308599371,38839.22918459929,74.0,-1,-1,-1.0
11569,11569,-3724.833246153583,-5339.088449342082,72.0,-1,-1,-1.0
11570,11570,-16418.518811626185,-25813.606227439373,437.0,-1,-1,-1.0
11571,11571,485.13860076948913,-17455.076665847562,488.0,-1,31,-1.0
11572,11572,201.27814904962725,39133.610245048665,47.0,-1,-1,-1.0
11573,11573,23545.33021101055,-24169.200546242715,362.0,-1,-1,-1.0
11574,11574,1337.1267866499184,39529.65363855344,381.0,-1,-1,-1.0
11575,11575,-33616.92048132696,16977.364027261327,349.0,-1,-1,-1.0
11576,11576,5530.6502059596605,23312.634106451063,329.0,-1,46,-1.0
11577,11577,-21877.410746781497,-11790.139228971846,467.0,-1,-1,-1.0
11578,11578,10061.73727869417,-26697.66359336528,306.0,-1,-1,-1.0
11579,11579,-8921.199106869979,2857.970113488518,155.0,-1,27,-1.0
11580,11580,-4577.218508179903,34901.62881809528,364.0,-1,48,-1.0
11581,11581,-22286.92084965098,18975.986749831754,125.0,-1,37,-1.0
11582,11582,-340.1663692627917,968.6263648976092,97.0,-1,22,-1.0
11583,11583,2500.2296233781235,-28353.75740568009,499.0,-1,-1,-1.0
11584,11584,26031.86174818689,-4329.8482040831295,455.0,-1,-1,-1.0
11585,11585,-5278.4971784144,6618.794335156126,360.0,-1,-1,-1.0
11586,11586,23088.32252922991,-39509.54977738206,85.0,-1,-1,-1.0
11587,11587,-30480.820385744813,31540.398693333176,361.0,-1,-1,-1.0
11588,11588,11692.883397702057,19897.245988937582,396.0,-1,-1,-1.0
11589,11589,2772.5287862848563,-12220.535169848354,56.0,-1,-1,-1.0
11590,11590,-38242.79772395024,36161.25429137106,381.0,-1,5,-1.0
11591,11591,-31735.189940814547,2224.6170650230706,369.0,-1,29,-1.0
11592,11592,38265.71445704317,30051.49989868069,203.0,-1,10,-1.0
11593,11593,8986.755061845339,12335.948346165284,471.0,-1,8,-1.0
11594,11594,38836.30831282734,-33985.525942426306,259.0,-1,-1,-1.0
11595,11595,20054.3872628438,-19775.32852778996,140.0,-1,-1,-1.0
11596,11596,8868.042357969665,38676.91099647299,157.0,-1,-1,-1.0
11597,11597,23245.68782788636,13234.279070671968,324.0,-1,-1,-1.0
11598,11598,27381.520701115587,14537.36232718519,195.0,-1,-1,-1.0
11599,11599,-15407.089480640028,-37088.9566853486,466.0,-1,-1,-1.0
11600,11600,13100.018168907409,-5215.2939075478425,19.0,-1,13,-1.0
11601,11601,26220.105322063493,2819.643619496761,7.0,-1,-1,-1.0
11602,11602,30823.488937088405,3944.081863118845,100.0,-1,-1,-1.0
11603,11603,-26856.67905565657,-35160.869312200455,80.0,-1,-1,-1.0
11604,11604,32006.77266842051,32200.43097871849,26.0,-1,-1,-1.0
11605,11605,-10848.804431022209,25449.90967744979,311.0,-1,-1,-1.0
11606,11606,-16755.278076852348,-38269.50006809883,58.0,-1,-1,-1.0
11607,11607,-4511.972130507784,-29015.558598053187,137.0,-1,-1,-1.0
11608,11608,38633.46894524578,12371.722200399416,496.0,-1,-1,-1.0
11609,11609,-23902.53916711778,-16530.520892455494,220.0,-1,-1,-1.0
11610,11610,-26342.458968425395,6431.158832417881,1.0,-1,-1,-1.0
11611,11611,2271.442725446046,21309.055327379785,47.0,-1,46,54.0
11612,11612,-7168.650528615726,-12692.247177710626,33.0,-1,31,-1.0
11613,11613,35594.84359161391,-27160.1417689475,34.0,-1,45,-1.0
11614,11614,-923.3260895919666,10928.526634129828,161.0,-1,-1,-1.0
11615,11615,9204.151673754415,-37585.50476551542,304.0,-1,-1,-1.0
11616,11616,-5116.621464809228,10929.068948472566,307.0,-1,-1,-1.0
11617,11617,1640.845249242666,14909.016132076737,496.0,-1,8,-1.0
11618,11618,-22443.456842479187,26927.841084816595,297.0,-1,48,-1.0
11619,11619,19734.870372215024,1748.2129038773855,337.0,-1,-1,-1.0
11620,11620,-7738.7530462727555,17587.274574087467,118.0,-1,-1,-1.0
11621,11621,-21573.68591308856,24931.02281862386,380.0,-1,-1,-1.0
11622,11622,-32907.41177507948,-13910.021537641813,78.0,-1,-1,-1.0
11623,11623,-37140.72829058674,-15464.78496139306,433.0,-1,-1,-1.0
11624,11624,-23433.59894889449,13562.08402273542,358.0,-1,-1,-1.0
11625,11625,-26711.881788623454,-27314.99419427271,480.0,-1,-1,-1.0
11626,11626,-31048.937539236256,-10510.775412177056,374.0,-1,-1,-1.0
11627,11627,-12098.599156556516,-9929.362638355447,265.0,-1,-1,-1.0
11628,11628,-14377.054898447195,14500.382134364729,162.0,-1,-1,-1.0
11629,11629,-4697.835099934433,17952.638122211545,157.0,-1,-1,-1.0
11630,11630,-1560.0376813730763,5460.791534778124,394.0,-1,27,-1.0
11631,11631,-13765.313445134569,-279.4203951226664,235.0,-1,-1,-1.0
11632,11632,-24803.335096068666,-30350.61643937377,121.0,-1,-1,-1.0
11633,11633,-25984.260639368036,13710.42124694956,186.0,-1,-1,-1.0
11634,11634,-9427.234824720348,-6318.254277223343,489.0,-1,-1,-1.0
11635,11635,-15453.39205450815,38042.39856404324,236.0,-1,48,-1.0
11636,11636,-1612.6581292184565,22946.1482310614,113.0,-1,-1,-1.0
11637,11637,678.9375868396965,27967.115850955077,18.0,-1,-1,-1.0
11638,11638,29893.61307886026,29381.365793247896,375.0,-1,10,-1.0
11639,11639,19168.649745775183,15266.864703297964,335.0,-1,18,-1.0
11640,11640,-35869.905885186985,30093.05440734359,263.0,-1,-1,-1.0
11641,11641,-35686.07624499652,31086.150281603917,291.0,-1,-1,-1.0
11642,11642,10949.00814431144,-25861.45147871956,399.0,-1,-1,-1.0
11643,11643,-17189.965713779733,-37444.85868412615,59.0,-1,-1,-1.0
11644,11644,12083.699436949624,-39441.83785002201,237.0,-1,-1,-1.0
11645,11645,23457.360261797257,-36786.317126721246,320.0,-1,-1,-1.0
11646,11646,36842.73600005344,-3296.713814513838,324.0,-1,-1,-1.0
11647,11647,-25957.300518036216,-32387.34489807766,449.0,-1,-1,-1.0
11648,11648,8245.444950205041,-19895.956867887915,206.0,-1,-1,-1.0
11649,11649,-22527.569970177552,-12198.031440089602,462.0,-1,-1,-1.0
11650,11650,-33717.59083103322,12800.487778063914,452.0,-1,24,-1.0
11651,11651,-14869.549039229669,-22759.878169197546,77.0,-1,-1,-1.0
11652,11652,26704.617791411874,10657.537824669407,280.0,-1,15,-1.0
11653,11653,33598.15055339667,11800.22965718154,281.0,-1,-1,-1.0
11654,11654,5222.625506243756,-27656.363180100376,298.0,-1,-1,-1.0
11655,11655,-16661.59986816453,16657.804413383463,227.0,-1,-1,-1.0
11656,11656,-22199.92326536133,-36886.133017209926,3.0,-1,12,-1.0
11657,11657,36442.97659273574,15600.003574003737,310.0,-1,28,-1.0
11658,11658,-22062.41413120915,-17836.150597673983,354.0,-1,-1,-1.0
11659,11659,36718.1842989907,9774.141191156014,293.0,-1,28,-1.0
11660,11660,14107.861424220537,39766.74521783799,17.0,-1,-1,-1.0
11661,11661,8902.31824134841,24705.455205456325,421.0,-1,48,56.0
11662,11662,14674.327363394012,35477.10149370656,35.0,-1,-1,-1.0
11663,11663,-25637.670666544487,983.894195156172,322.0,-1,41,-1.0
11664,11664,-996.5779347461356,-15908.740813236727,129.0,-1,31,-1.0
11665,11665,34029.60602051929,37079.13545349482,333.0,-1,-1,-1.0
11666,11666,-13738.508469412416,-16387.673598722205,66.0,-1,-1,-1.0
11667,11667,30392.79414189357,10910.812893014394,499.0,-1,-1,-1.0
11668,11668,-37227.29297604119,10892.15585598364,374.0,-1,-1,-1.0
11669,11669,27758.07119728475,31749.18294938109,70.0,-1,-1,-1.0
11670,11670,-3868.87587887454,22592.348840941093,419.0,-1,-1,-1.0
11671,11671,-1996.7362449533607,38679.16723521486,123.0,-1,48,-1.0
11672,11672,22962.03330586035,6815.548330647522,373.0,-1,16,-1.0
11673,11673,21411.34071196471,30782.534092634218,414.0,-1,30,-1.0
11674,11674,-7138.361672642575,15459.82506539471,109.0,-1,-1,-1.0
11675,11675,-13659.991902119147,-3425.8637349494966,141.0,-1,-1,-1.0
11676,11676,-33562.75527438661,-18165.72473884373,308.0,-1,-1,-1.0
11677,11677,10010.284181904784,-16007.99780178069,26.0,-1,-1,-1.0
11678,11678,35171.55244251016,35591.4215921783,30.0,-1,11,-1.0
11679,11679,3108.9552857989474,10785.09193510742,354.0,-1,-1,-1.0
11680,11680,-16805.804125921506,-14690.728641320457,248.0,-1,-1,-1.0
11681,11681,4062.9963517328506,39163.06187043426,426.0,-1,-1,-1.0
11682,11682,-8629.200089702485,-21455.82251312881,396.0,-1,7,-1.0
11683,11683,14385.030205676056,-10292.179775987275,214.0,-1,-1,-1.0
11684,11684,-22647.45475123673,10164.187980304285,436.0,-1,40,-1.0
11685,11685,4595.609993314742,-37957.63935187411,445.0,-1,-1,-1.0
11686,11686,33050.04274643301,20534.794573359744,57.0,-1,-1,-1.0
11687,11687,-19435.095047231927,-4364.905997591093,386.0,-1,-1,-1.0
11688,11688,-17490.721672932457,17333.781630364967,382.0,-1,-1,-1.0
11689,11689,-17451.374090259666,10517.105995486048,15.0,-1,-1,-1.0
11690,11690,-26980.638530093987,5551.926107726424,347.0,-1,-1,-1.0
11691,11691,2776.0192035176224,6475.77270014993,295.0,-1,-1,-1.0
11692,11692,-34442.15677828644,22400.07276903483,497.0,-1,-1,-1.0
11693,11693,6101.772545172687,-32033.99106294516,44.0,-1,-1,-1.0
11694,11694,-1182.0007529704671,34886.71508138272,262.0,-1,-1,-1.0
11695,11695,-13167.185890945428,37854.54028887651,53.0,-1,-1,-1.0
11696,11696,9265.732543338629,-7137.372632821178,140.0,-1,-1,-1.0
11697,11697,20677.2570172214,-34417.623889137634,299.0,-1,-1,-1.0
11698,11698,-24060.231887393915,16361.264036059763,13.0,-1,-1,-1.0
11699,11699,5138.927598069378,3159.9071416674124,89.0,-1,14,-1.0
11700,11700,-24964.951448030457,-4935.4728652809135,65.0,-1,-1,-1.0
11701,11701,19668.20040333859,24690.091454651883,493.0,-1,18,-1.0
11702,11702,-8693.820020883435,-14704.609062356483,301.0,-1,-1,-1.0
11703,11703,8158.127636158133,16642.836817774332,3.0,-1,-1,-1.0
11704,11704,-37833.3298064743,-12420.450482700628,80.0,-1,32,38.0
11705,11705,5712.6720737020005,23736.975906639596,337.0,-1,-1,-1.0
11706,11706,-19847.348111343512,27630.722230917032,251.0,-1,48,-1.0
11707,11707,16182.006151191075,36210.15193826119,365.0,-1,-1,-1.0
11708,11708,-24372.36754281802,-13229.668563416715,313.0,-1,-1,-1.0
11709,11709,-4762.377404180916,-35660.1718861706,17.0,-1,-1,-1.0
11710,11710,-23354.962650130517,-13191.34035652918,391.0,-1,-1,-1.0
11711,11711,37331.49041689906,-34324.30474912867,326.0,-1,-1,-1.0
11712,11712,13107.26672975046,-21472.97186435661,204.0,-1,-1,-1.0
11713,11713,27761.429843954407,11835.685430061843,245.0,-1,15,-1.0
11714,11714,-4893.399727969838,-36928.384594627125,296.0,-1,-1,-1.0
11715,11715,-37457.71209283985,25486.07616003573,241.0,-1,23,-1.0
11716,11716,-18460.76099244051,33664.7323710582,103.0,-1,-1,-1.0
11717,11717,21921.47997571995,-3112.88112745533,177.0,-1,44,50.0
11718,11718,-17647.09288447861,18412.498640682345,254.0,-1,-1,-1.0
11719,11719,-2173.957461423415,-25334.100388349663,173.0,-1,25,-1.0
11720,11720,39704.85329290532,-23883.52663215617,161.0,-1,-1,-1.0
11721,11721,31237.340086014578,2765.077527808651,238.0,-1,-1,-1.0
11722,11722,-15866.357363584792,2978.3315274369816,405.0,-1,-1,-1.0
11723,11723,10820.164181354296,-34577.574217988324,384.0,-1,-1,-1.0
11724,11724,-10345.537277567462,-16311.78340253942,92.0,-1,-1,-1.0
11725,11725,-2100.967445289396,-27406.100422774645,28.0,-1,-1,-1.0
11726,11726,37193.05513281305,-6941.557157816751,190.0,-1,-1,-1.0
11727,11727,-21181.20786864094,29305.300705399943,41.0,-1,-1,-1.0
11728,11728,-5250.18401518801,24153.577962225696,65.0,-1,-1,-1.0
11729,11729,-23343.34625401481,-20688.45279230228,356.0,-1,-1,-1.0
11730,11730,8118.873535240295,15821.010867941062,474.0,-1,-1,-1.0
11731,11731,11163.29578548239,4120.17178179785,68.0,-1,-1,-1.0
11732,11732,-32117.198980960824,26612.193634589945,348.0,-1,-1,-1.0
11733,11733,-21685.24087709052,22181.406503844868,179.0,-1,-1,-1.0
11734,11734,-1103.1166877785945,22245.194657226893,173.0,-1,-1,-1.0
11735,11735,23481.736090896324,38664.98380065855,46.0,-1,-1,-1.0
11736,11736,-33156.729489946,-4827.252710536384,495.0,-1,-1,-1.0
11737,11737,26255.103926799857,-18046.353704736903,495.0,-1,45,-1.0
11738,11738,15260.670392581384,-5597.097382642729,308.0,-1,13,-1.0
11739,11739,-8963.039500441799,-31692.343980805857,426.0,-1,-1,-1.0
11740,11740,-31404.805958989207,-36005.18296951552,76.0,-1,-1,-1.0
11741,11741,-33361.414367567544,20020.1543984636,200.0,-1,-1,-1.0
11742,11742,33463.861850752524,9739.79680620911,73.0,-1,-1,-1.0
11743,11743,-31860.9526211156,38566.71124518968,14.0,-1,-1,-1.0
11744,11744,-16894.70911698524,-31066.638853705863,229.0,-1,36,-1.0
11745,11745,-35992.66851653178,30812.851474860014,56.0,-1,-1,-1.0
11746,11746,-22813.84575048308,-25368.384761477235,137.0,-1,-1,-1.0
11747,11747,-13800.74017057514,27506.53148598368,339.0,-1,48,61.0
11748,11748,-22594.927468811016,-17907.857903562013,450.0,-1,-1,-1.0
11749,11749,919.0258357428976,-29051.76610803081,318.0,-1,-1,-1.0
11750,11750,26166.43994615774,-725.0612237027599,287.0,-1,-1,-1.0
11751,11751,-16591.249278470343,-16710.98176875201,443.0,-1,31,-1.0
11752,11752,1546.4988247988658,465.81510376754886,378.0,-1,-1,-1.0
11753,11753,8678.800684013702,24111.658397700023,234.0,-1,48,-1.0
11754,11754,13647.794773812522,-20435.62072041503,309.0,-1,-1,-1.0
11755,11755,661.5984507723988,32285.258508020062,90.0,-1,-1,-1.0
11756,11756,-25790.27869407748,-29197.08489746789,149.0,-1,38,-1.0
11757,11757,3951.420864590822,-6110.337251001227,78.0,-1,-1,-1.0
11758,11758,33062.98422862707,-14867.364020646475,408.0,-1,-1,-1.0
11759,11759,12336.8164484687,-31992.22159391433,61.0,-1,-1,-1.0
11760,11760,9167.818536621273,-15349.50013675182,126.0,-1,-1,-1.0
11761,11761,-14154.398831742608,33895.324851267054,413.0,-1,48,-1.0
11762,11762,18351.541413465828,21132.65364330536,67.0,-1,18,-1.0
11763,11763,31180.85150662693,19826.22039073973,496.0,-1,-1,-1.0
11764,11764,26314.30118935222,6027.969432475336,185.0,-1,-1,-1.0
11765,11765,2559.832029171652,-33295.7308810756,188.0,-1,1,-1.0
11766,11766,-3568.2928198947047,30233.91042281632,21.0,-1,-1,-1.0
11767,11767,-30793.55204612269,14012.37262341944,33.0,-1,-1,-1.0
11768,11768,-8620.608290710337,25063.84073428513,203.0,-1,-1,-1.0
11769,11769,1911.011332903392,-16813.448525480882,416.0,-1,31,-1.0
11770,11770,-7020.867738353831,-2021.9303067219223,281.0,-1,-1,-1.0
11771,11771,7415.927045256525,-37895.06163387409,191.0,-1,1,-1.0
11772,11772,-36507.74167739687,39229.53593721616,255.0,-1,-1,-1.0
11773,11773,-33178.18774559186,26563.61063696477,388.0,-1,-1,-1.0
11774,11774,-10671.249765060784,-20070.84578901077,178.0,-1,-1,-1.0
11775,11775,22844.370514725342,21377.022559987432,152.0,-1,-1,-1.0
11776,11776,18143.139143726585,-1169.2279457629484,410.0,-1,-1,-1.0
11777,11777,-8743.55633891968,4408.279984964611,185.0,-1,27,-1.0
11778,11778,-19924.15801548326,30612.25314465912,13.0,-1,-1,-1.0
11779,11779,11222.689108645916,18960.92617011481,69.0,-1,-1,-1.0
11780,11780,37550.10170827099,2463.429017825664,427.0,-1,28,-1.0
11781,11781,-125.27276806793088,-13064.969652168318,78.0,-1,31,-1.0
11782,11782,14371.856426229671,-24203.310709682817,205.0,-1,-1,-1.0
11783,11783,-20960.797434985903,19199.947541341186,170.0,-1,-1,-1.0
11784,11784,24876.3385536104,38198.84724504083,372.0,-1,30,-1.0
11785,11785,1405.0263770159363,4487.042103511936,305.0,-1,-1,-1.0
11786,11786,4673.615808258059,37018.12075335084,350.0,-1,-1,-1.0
11787,11787,28465.233673107767,4195.319347280092,192.0,-1,-1,-1.0
11788,11788,-29932.707087387294,-3092.243079238877,493.0,-1,41,-1.0
11789,11789,5928.8613381426185,13531.01444814194,496.0,-1,-1,-1.0
11790,11790,18802.84817864991,-5500.883508352381,131.0,-1,-1,-1.0
11791,11791,-36221.68791501867,-2394.5357616895635,333.0,-1,-1,-1.0
11792,11792,27621.13567498303,-888.0815009316575,282.0,-1,33,-1.0
11793,11793,13971.025977548532,-17887.374460225372,227.0,-1,-1,-1.0
11794,11794,-38588.09087469811,24583.43667764771,189.0,-1,-1,-1.0
11795,11795,4770.665132040645,10774.614139745863,99.0,-1,-1,-1.0
11796,11796,-27918.835160508985,-34590.26074585626,188.0,-1,-1,-1.0
11797,11797,10504.874800324067,-26645.29302393345,460.0,-1,-1,-1.0
11798,11798,-1068.1660965279443,34057.68352325022,196.0,-1,-1,-1.0
11799,11799,-24981.20313174516,35599.581750288155,349.0,-1,-1,-1.0
11800,11800,-353.2320819544475,-33884.88193303112,44.0,-1,-1,-1.0
11801,11801,37616.20076322104,-8101.969951776304,438.0,-1,-1,-1.0
11802,11802,-24376.282728623275,-10266.825608176172,447.0,-1,-1,-1.0
11803,11803,-732.1899826445078,20354.817575361063,435.0,-1,46,-1.0
11804,11804,-14377.50599622275,-12852.07513790432,272.0,-1,-1,-1.0
11805,11805,-31429.243452322316,34886.34455051998,299.0,-1,-1,-1.0
11806,11806,32324.1903805038,19346.935160365887,450.0,-1,28,-1.0
11807,11807,-35575.62744631228,27155.06286875019,197.0,-1,-1,-1.0
11808,11808,7411.945997439951,-6252.1025579417765,7.0,-1,-1,-1.0
11809,11809,-9725.989557303452,25569.336001256877,496.0,-1,-1,-1.0
11810,11810,4596.668538258004,15028.644437834708,385.0,-1,-1,-1.0
11811,11811,18840.85349988153,-35197.71619025605,22.0,-1,-1,-1.0
11812,11812,25224.20953133109,17134.74280380742,470.0,-1,-1,-1.0
11813,11813,34545.152085233465,30699.999803331983,297.0,-1,10,-1.0
11814,11814,-6090.435636651208,-6751.3457427620015,2.0,-1,31,-1.0
11815,11815,-7613.855465519759,24497.417604639995,373.0,-1,-1,-1.0
11816,11816,-24804.3491889686,26568.92285926797,422.0,-1,-1,-1.0
11817,11817,25392.773210659885,-14163.741148113226,304.0,-1,45,-1.0
11818,11818,8992.83697574796,-16935.024752595273,385.0,-1,-1,-1.0
11819,11819,15041.814117795577,-23789.70753099607,127.0,-1,-1,-1.0
11820,11820,-14275.883972830794,19493.187860766404,92.0,-1,-1,-1.0
11821,11821,-8279.206128754984,36831.294068168616,492.0,-1,48,-1.0
11822,11822,-35183.629777505834,28017.388108053856,106.0,-1,-1,-1.0
11823,11823,-15679.433905443637,-36386.570392647314,186.0,-1,-1,-1.0
11824,11824,37219.37261546488,14839.150020024235,356.0,-1,-1,-1.0
11825,11825,11531.88838409278,-31646.38530374361,75.0,-1,-1,-1.0
11826,11826,-32392.8882101345,-19014.146850651105,12.0,-1,-1,-1.0
11827,11827,35845.69556903627,-13948.875180773204,177.0,-1,-1,-1.0
11828,11828,-27595.573762138803,-4622.884672664783,313.0,-1,41,47.0
11829,11829,601.0079724775715,20630.389091878467,37.0,-1,46,-1.0
11830,11830,26619.968183041565,-28588.979892333216,360.0,-1,45,-1.0
11831,11831,17851.06686738362,-8358.882147647451,239.0,-1,-1,-1.0
11832,11832,23841.90333017421,-11125.8166159492,482.0,-1,-1,-1.0
11833,11833,-26165.01393784243,-19547.44039447298,136.0,-1,-1,-1.0
11834,11834,1128.9012669631556,32684.330825813537,177.0,-1,-1,-1.0
11835,11835,-8330.346664490982,29495.02183727463,304.0,-1,-1,-1.0
11836,11836,6381.822450106636,32008.78900099904,172.0,-1,-1,-1.0
11837,11837,-35864.111070143714,-11057.78382292555,92.0,-1,32,38.0
11838,11838,-17200.967739848573,-13912.168731709346,472.0,-1,-1,-1.0
11839,11839,27873.44141975307,4870.526606619183,292.0,-1,-1,-1.0
11840,11840,172.18459628331038,-26651.80508702295,294.0,-1,25,-1.0
11841,11841,-35214.28537840204,-23332.480834260576,98.0,-1,-1,-1.0
11842,11842,1932.7854076604635,-18386.709385539285,32.0,-1,31,-1.0
11843,11843,5152.799017988727,732.6868422768748,108.0,-1,-1,-1.0
11844,11844,34746.9126458754,-24829.95376780569,181.0,-1,45,-1.0
11845,11845,12995.716769450051,-11956.237607592746,248.0,-1,-1,-1.0
11846,11846,39066.71695617838,38060.72176909678,491.0,-1,-1,-1.0
11847,11847,4943.416785428359,-15512.094128533943,470.0,-1,-1,-1.0
11848,11848,-1838.554777065474,31879.953897285814,482.0,-1,48,-1.0
11849,11849,11206.346350833366,1112.5922170408303,65.0,-1,-1,-1.0
11850,11850,5962.01215213674,-26840.35471744275,27.0,-1,31,35.0
11851,11851,35442.135838781,20899.749313519853,460.0,-1,28,-1.0
11852,11852,11065.853960298278,-19522.002228935093,128.0,-1,-1,-1.0
11853,11853,-13979.625398368888,5677.133665407295,158.0,-1,-1,-1.0
11854,11854,-23427.950563133607,-16429.497064146377,216.0,-1,-1,-1.0
11855,11855,-30128.581187056065,-6908.554268748645,161.0,-1,41,47.0
11856,11856,-24880.90048194949,-2938.021731732537,232.0,-1,41,-1.0
11857,11857,-16062.12998583075,27175.98584723071,180.0,-1,-1,-1.0
11858,11858,34724.508476939314,-32809.11394925652,355.0,-1,-1,-1.0
11859,11859,23262.26642976761,-25036.32608599388,213.0,-1,-1,-1.0
11860,11860,-31950.29527811413,19875.435945402314,374.0,-1,-1,-1.0
11861,11861,20607.609014315545,7154.5619101256525,135.0,-1,16,-1.0
11862,11862,35547.54106515736,-13215.560952748176,442.0,-1,-1,-1.0
11863,11863,-25001.611207956244,-25067.671786485396,414.0,-1,38,-1.0
11864,11864,27015.857346473946,9982.66509112373,447.0,-1,15,-1.0
11865,11865,18800.946462384207,-11412.365844981832,459.0,-1,44,-1.0
11866,11866,9893.12438189087,-32769.615779406704,295.0,-1,-1,-1.0
11867,11867,25077.826004405528,15138.4867784276,364.0,-1,-1,-1.0
11868,11868,39054.56754545425,7344.694447917667,320.0,-1,-1,-1.0
11869,11869,-15382.231851909324,3528.9447443321915,291.0,-1,-1,-1.0
11870,11870,-15786.901923391018,39794.229156658446,273.0,-1,-1,-1.0
11871,11871,11904.085568251665,33829.44007991474,479.0,-1,47,-1.0
11872,11872,6432.0929536360345,-15472.18815396258,495.0,-1,31,-1.0
11873,11873,20875.280227046824,5726.790190737149,39.0,-1,-1,-1.0
11874,11874,-24056.930416727908,-21949.52625762809,306.0,-1,-1,-1.0
11875,11875,37773.61258930236,30015.914882788216,334.0,-1,10,-1.0
11876,11876,6502.92305889586,21133.97520916933,252.0,-1,-1,-1.0
11877,11877,-6519.861962815303,8155.690304147996,464.0,-1,-1,-1.0
11878,11878,-30090.77051742301,28556.40739092228,143.0,-1,-1,-1.0
11879,11879,-38480.822134108304,23192.81088287066,185.0,-1,-1,-1.0
11880,11880,31685.810256070472,-33296.155760965004,157.0,-1,-1,-1.0
11881,11881,19013.34034822525,20894.763208939206,259.0,-1,18,-1.0
11882,11882,-29355.150593946066,13118.342375995817,281.0,-1,-1,-1.0
11883,11883,20634.724718789992,-21817.350035496653,40.0,-1,-1,-1.0
11884,11884,-15549.92164638482,20356.17180808361,245.0,-1,-1,-1.0
11885,11885,1161.7628390769532,-9770.223632907964,56.0,-1,31,36.0
11886,11886,24400.416737940606,-29325.94411099595,414.0,-1,-1,-1.0
11887,11887,38415.94863546334,28396.71641619744,115.0,-1,-1,-1.0
11888,11888,15999.483324541065,-36767.07371385226,43.0,-1,-1,-1.0
11889,11889,12441.928835186867,28494.90558244179,66.0,-1,-1,-1.0
11890,11890,18020.489265388715,5184.147372469692,117.0,-1,-1,-1.0
11891,11891,30365.586715411933,-37963.27204538678,144.0,-1,-1,-1.0
11892,11892,11552.654947056726,36491.75727282409,211.0,-1,-1,-1.0
11893,11893,10163.042580930143,33739.29439615291,472.0,-1,47,-1.0
11894,11894,-38085.3159781297,10856.141298156092,44.0,-1,-1,-1.0
11895,11895,14004.099389743247,32650.60731569596,90.0,-1,47,-1.0
11896,11896,20782.105332070736,-15026.829054446163,476.0,-1,45,-1.0
11897,11897,25568.47715577799,9791.419208408835,87.0,-1,15,-1.0
11898,11898,-2127.551585947884,35549.52383876289,476.0,-1,48,-1.0
11899,11899,2361.326119589001,8858.957924627233,399.0,-1,27,-1.0
11900,11900,15960.202671617844,-26470.47180864672,185.0,-1,-1,-1.0
11901,11901,20681.468662500338,-15688.517305946163,409.0,-1,45,-1.0
11902,11902,-39962.189694621,-14658.3507981076,235.0,-1,-1,-1.0
11903,11903,7457.657512381622,-10484.877132389784,5.0,-1,31,-1.0
11904,11904,-30873.67371749557,25580.916385758872,87.0,-1,-1,-1.0
11905,11905,3947.1054517162265,27681.99073123574,223.0,-1,48,-1.0
11906,11906,13800.081909237328,22468.71263841057,356.0,-1,-1,-1.0
11907,11907,-1975.4635873881853,-31528.52029670644,152.0,-1,-1,-1.0
11908,11908,9166.983252332248,-35859.49549607895,188.0,-1,-1,-1.0
11909,11909,9291.489727207452,-23925.17982896603,425.0,-1,-1,-1.0
11910,11910,-7405.708529979391,-8939.423867864614,97.0,-1,31,-1.0
11911,11911,14671.388192763174,10253.411956247415,478.0,-1,-1,-1.0
11912,11912,-13593.012569913324,-21771.53805088713,179.0,-1,-1,-1.0
11913,11913,-7695.721440248919,-35735.77409651,328.0,-1,-1,-1.0
11914,11914,-27296.336727656475,32294.59752408028,167.0,-1,-1,-1.0
11915,11915,6132.796644754206,20731.27128665996,230.0,-1,-1,-1.0
11916,11916,8385.96553437016,-23956.40843074862,308.0,-1,-1,-1.0
11917,11917,1701.3713771451658,-26440.259632673584,61.0,-1,25,-1.0
11918,11918,-1153.6758423221909,3452.2737273781604,474.0,-1,-1,-1.0
11919,11919,-36124.805952194496,25540.19422956335,218.0,-1,-1,-1.0
11920,11920,1099.1134978216069,-38389.73539495367,271.0,-1,-1,-1.0
11921,11921,25228.53788787416,7310.704685591336,363.0,-1,-1,-1.0
11922,11922,-23651.9885540323,-21676.48978195861,252.0,-1,-1,-1.0
11923,11923,-35655.99319364587,34056.64812331904,274.0,-1,-1,-1.0
11924,11924,-12571.85918378659,-17593.36151178658,125.0,-1,31,-1.0
11925,11925,-7105.8495073236045,-6966.36029489676,171.0,-1,31,36.0
11926,11926,15767.036092175847,38710.47657793632,290.0,-1,-1,-1.0
11927,11927,8486.953189874388,22349.57683390048,167.0,-1,-1,-1.0
11928,11928,37469.3474761886,2512.531044347932,427.0,-1,28,-1.0
11929,11929,-36552.21955007837,-31236.178958595967,15.0,-1,20,-1.0
11930,11930,9358.183224720138,-29856.53483182789,456.0,-1,-1,-1.0
11931,11931,-27765.00317205402,-22359.87726002727,202.0,-1,39,-1.0
11932,11932,21952.50720722316,-16757.266753663585,56.0,-1,-1,-1.0
11933,11933,26903.45634443598,-2695.240600651363,435.0,-1,-1,-1.0
11934,11934,7400.694591774889,18528.06397656697,496.0,-1,-1,-1.0
11935,11935,21534.677856820606,7695.804581520126,286.0,-1,-1,-1.0
11936,11936,-2020.8460365631763,-37007.70032105646,437.0,-1,-1,-1.0
11937,11937,-1295.1698491569623,-8327.684822385316,240.0,-1,31,-1.0
11938,11938,26428.77713897299,-30179.344147436284,122.0,-1,45,-1.0
11939,11939,9921.806689545016,-10798.837320786392,428.0,-1,-1,-1.0
11940,11940,-37066.991903538365,-22021.919093056837,107.0,-1,0,-1.0
11941,11941,-36982.60757777061,28496.696758070146,102.0,-1,-1,-1.0
11942,11942,-3913.9362078471313,13011.161437953306,174.0,-1,-1,-1.0
11943,11943,-8138.813985616533,35349.30269340459,320.0,-1,-1,-1.0
11944,11944,31700.869562843694,21358.700387120138,428.0,-1,-1,-1.0
11945,11945,-8639.922052886497,36847.32607133304,248.0,-1,48,-1.0
11946,11946,-20093.746392206864,-32278.074452960973,294.0,-1,-1,-1.0
11947,11947,25387.445253908736,-28293.016702006516,289.0,-1,45,-1.0
11948,11948,-5073.127007078612,2198.9315677786144,425.0,-1,27,-1.0
11949,11949,-13459.1917694652,-39636.83614494501,230.0,-1,-1,-1.0
11950,11950,3759.213317848851,25375.43635379259,170.0,-1,48,-1.0
11951,11951,35616.90583595466,-9559.5621558825,335.0,-1,-1,-1.0
11952,11952,-21895.168020411173,-29695.115139556183,168.0,-1,-1,-1.0
11953,11953,6027.901495681981,6769.14323776697,259.0,-1,-1,-1.0
11954,11954,19150.55842076324,-3654.9873703805497,28.0,-1,-1,-1.0
11955,11955,9237.144676615746,32279.117530664647,60.0,-1,47,-1.0
11956,11956,-17141.723086451562,-24972.43750393337,188.0,-1,36,-1.0
11957,11957,-33977.23015048248,23466.395439216445,499.0,-1,-1,-1.0
11958,11958,-8901.002308822684,1552.0364076193582,309.0,-1,-1,-1.0
11959,11959,-33368.456317182274,-39923.19498521517,291.0,-1,-1,-1.0
11960,11960,-11484.295197246964,-18813.70139139399,288.0,-1,31,-1.0
11961,11961,-18295.54052495033,2489.035137204876,483.0,-1,-1,-1.0
11962,11962,37682.58078134857,-30856.6191353024,180.0,-1,-1,-1.0
11963,11963,5278.738064120451,-15219.168903573507,312.0,-1,-1,-1.0
11964,11964,35671.927446493864,38173.568177322464,257.0,-1,-1,-1.0
11965,11965,-12899.707436238525,32738.61337976833,348.0,-1,48,-1.0
11966,11966,-15038.794199224936,-13239.86313505988,68.0,-1,-1,-1.0
11967,11967,27619.7356006084,-28360.663556496464,180.0,-1,-1,-1.0
11968,11968,-24793.480367405005,24760.33875272127,255.0,-1,48,59.0
11969,11969,3005.6752983038823,-3624.3082588845937,108.0,-1,-1,-1.0
11970,11970,-25933.832329893117,-7266.362371919578,161.0,-1,-1,-1.0
11971,11971,35429.45193974963,9041.849200813122,297.0,-1,28,-1.0
11972,11972,-24323.85025914256,-30923.1132864471,285.0,-1,-1,-1.0
11973,11973,1251.209367446907,-22141.21491887619,93.0,-1,31,-1.0
11974,11974,13736.356533714832,-7823.198174706071,167.0,-1,13,-1.0
11975,11975,-17969.176654314342,3605.7190522208175,158.0,-1,-1,-1.0
11976,11976,-15871.079018117323,22306.080804424528,364.0,-1,-1,-1.0
11977,11977,10697.069599054732,-15096.846626346218,43.0,-1,-1,-1.0
11978,11978,30148.41641548228,-9223.645103905565,339.0,-1,-1,-1.0
11979,11979,9631.23691250199,4968.040610970063,145.0,-1,-1,-1.0
11980,11980,-15884.932387196128,32721.90403776639,270.0,-1,-1,-1.0
11981,11981,17007.037633735767,5062.789338943687,190.0,-1,2,-1.0
11982,11982,29632.764568804385,10510.53420787242,109.0,-1,-1,-1.0
11983,11983,-27545.359410896708,7664.067347965611,36.0,-1,-1,-1.0
11984,11984,6888.57788839475,17362.504844576906,338.0,-1,-1,-1.0
11985,11985,-4455.685544978063,34714.88596844621,109.0,-1,48,-1.0
11986,11986,-33437.615528197384,6238.568991466505,363.0,-1,-1,-1.0
11987,11987,-13382.378662677744,9625.129104974818,378.0,-1,-1,-1.0
11988,11988,1693.2518403359354,-4100.407928224944,50.0,-1,-1,-1.0
11989,11989,-12164.400649152343,6593.497713475103,278.0,-1,-1,-1.0
11990,11990,-16713.85314513839,30533.14035358261,484.0,-1,-1,-1.0
11991,11991,31321.46326236952,-21007.28724586621,493.0,-1,45,-1.0
11992,11992,-2435.4746807420306,36657.28745586124,72.0,-1,48,-1.0
11993,11993,36905.10275252834,16949.508550468665,469.0,-1,28,-1.0
11994,11994,-9813.94204856092,24962.923653225364,102.0,-1,-1,-1.0
11995,11995,-5184.432262524642,-3180.486032734654,15.0,-1,-1,-1.0
11996,11996,-14297.179660584166,-23045.09524053084,193.0,-1,-1,-1.0
11997,11997,38357.30007589665,2520.582198729629,54.0,-1,28,-1.0
11998,11998,-12420.37710099285,1735.1125022185515,12.0,-1,-1,-1.0
11999,11999,19344.2379422085,-11346.270958839576,289.0,-1,44,50.0
12000,12000,-1224.1443807663018,29647.93945726857,190.0,-1,-1,-1.0
12001,12001,156.80816958465584,-14826.543595656023,84.0,-1,31,-1.0
12002,12002,-29614.58038208324,6287.479190219317,113.0,-1,-1,-1.0
12003,12003,-17289.52544453886,28488.2369731276,40.0,-1,48,-1.0
12004,12004,23073.15069922871,-8015.889883136024,326.0,-1,-1,-1.0
12005,12005,33786.14036856055,-31294.35372961697,492.0,-1,-1,-1.0
12006,12006,38822.55870268216,-24823.00550869795,391.0,-1,-1,-1.0
12007,12007,-2458.635965393274,-21413.42487128,7.0,-1,-1,-1.0
12008,12008,13253.571468004156,31155.115730958078,262.0,-1,-1,-1.0
12009,12009,-27359.74019815296,-11371.868323446444,144.0,-1,-1,-1.0
12010,12010,-18446.34678656886,4859.446488348389,251.0,-1,-1,-1.0
12011,12011,-15220.74361495142,-9015.267888012666,298.0,-1,43,-1.0
12012,12012,28648.94290269045,8807.912079798727,230.0,-1,-1,-1.0
12013,12013,11785.07217253765,18934.11787840805,222.0,-1,-1,-1.0
12014,12014,30985.549512575264,-39329.35026668851,123.0,-1,-1,-1.0
12015,12015,8506.037314834204,-4688.939337825745,473.0,-1,-1,-1.0
12016,12016,18776.094178861717,16798.504723159036,77.0,-1,-1,-1.0
12017,12017,-11652.259245108133,-29213.719567166503,78.0,-1,-1,-1.0
12018,12018,-32436.13462602941,-12168.241207607916,425.0,-1,-1,-1.0
12019,12019,34026.991677938,-29401.50813974997,121.0,-1,-1,-1.0
12020,12020,37956.739077221006,26444.299414400462,462.0,-1,-1,-1.0
12021,12021,-19404.08001128702,-24663.48452862814,67.0,-1,36,-1.0
12022,12022,-31269.09000974562,16679.554802921113,16.0,-1,-1,-1.0
12023,12023,-26768.37762470149,30365.25862687304,12.0,-1,-1,-1.0
12024,12024,23167.681589197466,-2148.960504494884,157.0,-1,44,50.0
12025,12025,-20013.331700889423,-20801.20891623825,300.0,-1,36,-1.0
12026,12026,29713.207695459496,-6832.33075416756,220.0,-1,-1,-1.0
12027,12027,8900.640250817429,-2159.6473118124777,190.0,-1,-1,-1.0
12028,12028,-36766.3195751645,17981.24304714312,433.0,-1,23,-1.0
12029,12029,-35221.118957009225,9898.092296217816,25.0,-1,24,-1.0
12030,12030,-31832.54491546269,-27941.5507905857,301.0,-1,-1,-1.0
12031,12031,-27521.364298444714,13334.150820882896,166.0,-1,-1,-1.0
12032,12032,38315.88487166994,19438.95243440126,105.0,-1,28,-1.0
12033,12033,-36960.65167621248,19043.94521850641,493.0,-1,-1,-1.0
12034,12034,-1774.4541754280654,6356.761820500571,475.0,-1,27,-1.0
12035,12035,21119.125239420893,30529.45469246425,384.0,-1,30,-1.0
12036,12036,8080.371359743469,-22238.88767775323,378.0,-1,-1,-1.0
12037,12037,11470.809143849843,-14192.590288070176,231.0,-1,13,-1.0
12038,12038,-8801.402093062006,34452.68782627792,56.0,-1,-1,-1.0
12039,12039,-18428.551808624663,-36441.789626572856,408.0,-1,-1,-1.0
12040,12040,-33005.142430157306,15121.866326139325,5.0,-1,24,-1.0
12041,12041,-25233.248423566,-39485.40880275475,229.0,-1,-1,-1.0
12042,12042,11212.90910036122,23441.540216229037,102.0,-1,-1,-1.0
12043,12043,-26865.55848213614,-12710.495033770145,183.0,-1,-1,-1.0
12044,12044,17647.813918420274,19666.359152623787,376.0,-1,18,-1.0
12045,12045,-7470.933249602531,230.78343726608,431.0,-1,-1,-1.0
12046,12046,33776.80452792927,-12223.141437525092,391.0,-1,-1,-1.0
12047,12047,-10611.344501624586,-36220.278164041214,403.0,-1,-1,-1.0
12048,12048,-3757.6514302373535,-38868.4270257414,75.0,-1,-1,-1.0
12049,12049,38246.05289902655,35732.692386117575,336.0,-1,-1,-1.0
12050,12050,-30919.95169439971,-10291.294005052736,336.0,-1,-1,-1.0
12051,12051,12453.894952831091,-32107.551505302137,293.0,-1,-1,-1.0
12052,12052,-7185.1891868072125,10226.47224358657,473.0,-1,-1,-1.0
12053,12053,26256.757023888727,27001.496100591205,120.0,-1,-1,-1.0
12054,12054,31995.87067477865,-30790.147467842573,276.0,-1,-1,-1.0
12055,12055,28056.281244147176,11617.986541284554,132.0,-1,15,-1.0
12056,12056,-22065.56839774196,5147.535752855256,278.0,-1,-1,-1.0
12057,12057,20443.51889978336,-895.0744626301894,368.0,-1,-1,-1.0
12058,12058,12322.618672083248,-9647.483515414078,142.0,-1,-1,-1.0
12059,12059,3492.133682070111,-30524.707990454583,94.0,-1,-1,-1.0
12060,12060,-34974.75118963434,-17047.112804969223,345.0,-1,-1,-1.0
12061,12061,12838.378147098245,-3391.086249842825,68.0,-1,-1,-1.0
12062,12062,22056.88315758171,13.082329068492982,348.0,-1,-1,-1.0
12063,12063,-32901.77784021034,9661.608296462182,21.0,-1,-1,-1.0
12064,12064,-32958.4963535455,7859.314769003366,182.0,-1,-1,-1.0
12065,12065,-18320.16627568371,614.5000665633997,56.0,-1,-1,-1.0
12066,12066,33753.31416850099,-20796.22348028929,284.0,-1,-1,-1.0
12067,12067,-37781.9091066959,23264.9333534905,363.0,-1,-1,-1.0
12068,12068,34348.88521230694,-27463.68924917872,359.0,-1,-1,-1.0
12069,12069,-4061.987800487412,-32867.152973200115,25.0,-1,-1,-1.0
12070,12070,25788.999072245715,-29134.29510286302,370.0,-1,45,-1.0
12071,12071,2923.9632579457398,-17906.296936100476,41.0,-1,31,-1.0
12072,12072,-6719.929099974979,-27703.726495975767,143.0,-1,25,-1.0
12073,12073,8254.104690409658,-27536.384734841555,423.0,-1,31,-1.0
12074,12074,23712.78750379192,-8894.307133434002,245.0,-1,-1,-1.0
12075,12075,21269.28219703203,29848.23431979485,40.0,-1,-1,-1.0
12076,12076,-36343.987484964375,15381.581290072958,47.0,-1,24,-1.0
12077,12077,2551.5889236313087,10242.19299248016,246.0,-1,27,-1.0
12078,12078,-15087.661890538646,8635.614014720093,300.0,-1,-1,-1.0
12079,12079,17903.07490789913,-7199.257367775521,475.0,-1,-1,-1.0
12080,12080,-18959.75343791432,36029.691238127576,42.0,-1,-1,-1.0
12081,12081,-24733.025509369727,-13246.975846018642,385.0,-1,-1,-1.0
12082,12082,30647.076422548693,25433.45130744676,215.0,-1,-1,-1.0
12083,12083,-29099.014596488305,31746.62625995585,5.0,-1,-1,-1.0
12084,12084,-29259.916148621694,39902.58153043196,213.0,-1,-1,-1.0
12085,12085,-37957.06655906157,-20060.79829390318,399.0,-1,0,-1.0
12086,12086,27161.66023281135,10200.125602862332,360.0,-1,-1,-1.0
12087,12087,-20651.513026338496,34530.98147529972,445.0,-1,-1,-1.0
12088,12088,16844.254681992184,9850.58261074018,378.0,-1,-1,-1.0
12089,12089,-1428.8146831317208,-18765.360849755474,71.0,-1,31,-1.0
12090,12090,14918.511089081228,-28194.659569720083,147.0,-1,3,-1.0
12091,12091,39499.69304348536,13617.012457829318,472.0,-1,-1,-1.0
12092,12092,6767.726812295099,19914.65854288086,418.0,-1,-1,-1.0
12093,12093,34536.464304481895,-27225.910079350982,380.0,-1,-1,-1.0
12094,12094,3271.525790851061,11097.149919055606,73.0,-1,-1,-1.0
12095,12095,-23871.36656069917,-6880.960602092258,305.0,-1,-1,-1.0
12096,12096,-37973.68849438067,-18772.66661004088,191.0,-1,0,-1.0
12097,12097,31968.159088027736,-17801.69844655876,169.0,-1,-1,-1.0
12098,12098,14313.28610904132,-1645.733452527675,485.0,-1,-1,-1.0
12099,12099,-20943.614537369423,-38866.17019989056,165.0,-1,-1,-1.0
12100,12100,-4548.6585795663705,37224.9970613834,48.0,-1,-1,-1.0
12101,12101,37648.13365163304,-16651.785406194478,213.0,-1,-1,-1.0
12102,12102,-12679.503184921005,-16564.08089180359,372.0,-1,-1,-1.0
12103,12103,12697.393719173044,-37907.17775383467,133.0,-1,4,-1.0
12104,12104,37109.25834736675,32352.552574717163,208.0,-1,-1,-1.0
12105,12105,-37268.214105350096,-39902.37784562419,265.0,-1,-1,-1.0
12106,12106,37743.75214045007,5965.637178247205,260.0,-1,28,-1.0
12107,12107,-11077.26596498747,-34777.00291946046,275.0,-1,-1,-1.0
12108,12108,10311.866396100646,-39395.95660330209,313.0,-1,-1,-1.0
12109,12109,-15744.011845513449,-32147.563254061,236.0,-1,36,-1.0
12110,12110,9030.867357662384,27956.242573537485,315.0,-1,-1,-1.0
12111,12111,8738.17923543902,-22772.58428969796,278.0,-1,-1,-1.0
12112,12112,7342.149498416678,31874.591233220504,444.0,-1,-1,-1.0
12113,12113,36119.11282575915,20002.444083225037,413.0,-1,28,-1.0
12114,12114,-22667.636597426543,-25753.930166733568,402.0,-1,-1,-1.0
12115,12115,-7880.282708988001,-29007.778711055395,167.0,-1,-1,-1.0
12116,12116,18695.65574525696,37063.90608123488,97.0,-1,-1,-1.0
12117,12117,27446.89509419989,-28692.67285301808,120.0,-1,-1,-1.0
12118,12118,23326.866465413725,-22223.567768660723,73.0,-1,-1,-1.0
12119,12119,37319.34673798097,-34350.65670318734,69.0,-1,-1,-1.0
12120,12120,17787.149852054303,20209.72376014571,246.0,-1,18,-1.0
12121,12121,-4451.19501266614,28959.625043656477,347.0,-1,-1,-1.0
12122,12122,32120.290679439524,27370.31413042977,294.0,-1,-1,-1.0
12123,12123,577.070609615228,21713.16762081031,92.0,-1,-1,-1.0
12124,12124,36152.70647496314,-25152.14429773712,139.0,-1,-1,-1.0
12125,12125,-15890.701350603758,-13896.205875854575,101.0,-1,-1,-1.0
12126,12126,30831.530243781526,38479.44290247382,184.0,-1,11,-1.0
12127,12127,22892.326585967727,-22161.75571763156,241.0,-1,-1,-1.0
12128,12128,-29238.625390990983,-20575.17763576188,116.0,-1,39,-1.0
12129,12129,-618.1047987538623,19513.98961047511,243.0,-1,46,-1.0
12130,12130,-34982.04484433709,-85.99653336787742,87.0,-1,29,-1.0
12131,12131,12860.98152199838,-21337.576791987816,221.0,-1,-1,-1.0
12132,12132,3011.4555799505906,-10049.14975478587,469.0,-1,31,35.0
12133,12133,-36026.32631998554,-4276.4439756134525,280.0,-1,-1,-1.0
12134,12134,36560.091350848365,-37307.55132930651,388.0,-1,21,-1.0
12135,12135,-39356.566867620095,6309.427262403646,432.0,-1,-1,-1.0
12136,12136,6262.779732946634,731.4236948502803,130.0,-1,-1,-1.0
12137,12137,33645.38757605199,33065.85189326746,138.0,-1,-1,-1.0
12138,12138,24819.03095785829,-23694.399290605696,22.0,-1,-1,-1.0
12139,12139,-21479.81796713295,8741.860315036742,421.0,-1,-1,-1.0
12140,12140,-30214.600989834697,-38083.75859343029,37.0,-1,-1,-1.0
12141,12141,-8888.424047257777,-7626.812823679589,297.0,-1,31,-1.0
12142,12142,-16798.639697653838,30294.18073329437,225.0,-1,-1,-1.0
12143,12143,39857.38852047976,228.92867868657777,330.0,-1,-1,-1.0
12144,12144,10581.085470858576,-39513.74707378641,446.0,-1,-1,-1.0
12145,12145,-24086.55539224461,4157.162549118308,290.0,-1,-1,-1.0
12146,12146,-10503.1172011493,-39205.83865746704,417.0,-1,-1,-1.0
12147,12147,-2058.140370420529,-29755.626459206032,237.0,-1,-1,-1.0
12148,12148,16568.434266358796,-32383.80097480654,219.0,-1,3,-1.0
12149,12149,10216.073253909504,3108.5811898574248,474.0,-1,-1,-1.0
12150,12150,2109.663424860526,37590.78855821339,420.0,-1,-1,-1.0
12151,12151,-16621.61581128247,27867.29747987246,453.0,-1,48,-1.0
12152,12152,28786.831002304894,-28600.840822707483,294.0,-1,-1,-1.0
12153,12153,24106.69680868472,-29112.25009146656,270.0,-1,-1,-1.0
12154,12154,29195.856890850016,-28641.17222415378,358.0,-1,-1,-1.0
12155,12155,-14461.803653773852,37433.87122718914,364.0,-1,-1,-1.0
12156,12156,-3836.361862777667,3351.046022875693,194.0,-1,27,-1.0
12157,12157,-23911.676977949734,15168.548966116548,441.0,-1,-1,-1.0
12158,12158,-782.8463421093911,36379.89395621451,489.0,-1,48,-1.0
12159,12159,-31332.1187887984,19640.4795003696,4.0,-1,-1,-1.0
12160,12160,-17309.081028574845,8652.43587813258,361.0,-1,-1,-1.0
12161,12161,25085.126891450527,1483.630438709748,71.0,-1,-1,-1.0
12162,12162,-15007.153926463994,-35232.22311729025,309.0,-1,-1,-1.0
12163,12163,17756.917318197855,30827.17455795256,298.0,-1,-1,-1.0
12164,12164,-9794.495761188136,24151.8653005418,446.0,-1,-1,-1.0
12165,12165,32915.14909369023,-18502.71313651543,108.0,-1,-1,-1.0
12166,12166,-22103.50617138407,-30837.94259477446,127.0,-1,-1,-1.0
12167,12167,31941.5662037702,19201.04214884821,41.0,-1,28,-1.0
12168,12168,33044.79086701921,-7100.9043161678055,72.0,-1,-1,-1.0
12169,12169,35378.78392210747,10674.594524162392,474.0,-1,28,-1.0
12170,12170,-10943.660838923206,-14824.687073596197,57.0,-1,-1,-1.0
12171,12171,15343.948030011554,-2477.6817639505825,262.0,-1,-1,-1.0
12172,12172,24696.182185724087,-30604.61638295933,110.0,-1,-1,-1.0
12173,12173,37187.81697018776,-20018.58061671646,7.0,-1,-1,-1.0
12174,12174,29378.069104734157,12889.126566015177,487.0,-1,-1,-1.0
12175,12175,33578.75995318519,36218.481765828925,469.0,-1,11,-1.0
12176,12176,-4857.550660847468,39921.239444584455,130.0,-1,-1,-1.0
12177,12177,-38639.16359840698,4902.88751741856,9.0,-1,-1,-1.0
12178,12178,-10129.77622738135,-15594.241900936591,55.0,-1,31,-1.0
12179,12179,-37188.49769302287,38041.055600963446,154.0,-1,5,-1.0
12180,12180,-29692.163249146528,24980.373388409585,20.0,-1,-1,-1.0
12181,12181,-2854.051769414167,2009.9893077574816,248.0,-1,-1,-1.0
12182,12182,-37120.720147765285,18298.20865198155,26.0,-1,-1,-1.0
12183,12183,-8935.238542664036,11138.410292316725,6.0,-1,27,-1.0
12184,12184,-17360.458178149613,-36046.77378123927,308.0,-1,-1,-1.0
12185,12185,-17127.463034944103,-22381.86175319651,84.0,-1,-1,-1.0
12186,12186,4746.666337557632,33514.2103950583,83.0,-1,-1,-1.0
12187,12187,-36865.55195205095,-2998.443128554405,139.0,-1,-1,-1.0
12188,12188,23314.876972409475,-11170.909720440532,220.0,-1,-1,-1.0
12189,12189,-13402.446038823657,-38482.63268278261,279.0,-1,36,-1.0
12190,12190,-7190.693068982917,13088.59332905252,33.0,-1,27,-1.0
12191,12191,-35904.7799149353,15234.722646730304,368.0,-1,24,-1.0
12192,12192,-23278.892852618097,23502.174447088397,483.0,-1,-1,-1.0
12193,12193,-30461.3558981346,-38869.379342310254,448.0,-1,-1,-1.0
12194,12194,-21272.68373545156,3051.416024461425,395.0,-1,-1,-1.0
12195,12195,39435.69416310478,13572.95182104149,466.0,-1,-1,-1.0
12196,12196,28584.78005152686,-10258.12093477236,399.0,-1,-1,-1.0
12197,12197,33805.46042529552,8633.648627187511,492.0,-1,28,-1.0
12198,12198,-10534.12680027905,-39210.75777572551,463.0,-1,-1,-1.0
12199,12199,8151.727570424162,32450.69472136801,164.0,-1,47,-1.0
12200,12200,15149.777004850372,26010.343316378014,233.0,-1,9,-1.0
12201,12201,38370.65794415877,3941.7712949294073,119.0,-1,28,-1.0
12202,12202,-11615.58193879907,13416.817819723234,331.0,-1,-1,-1.0
12203,12203,17707.55934674559,-24506.76076066345,202.0,-1,-1,-1.0
12204,12204,16255.448125848088,-23678.93058760898,75.0,-1,-1,-1.0
12205,12205,29060.510806675724,-4614.347009948593,3.0,-1,-1,-1.0
12206,12206,18007.085556928207,-26603.56488978322,107.0,-1,3,-1.0
12207,12207,16203.595440567651,-28963.8311493502,339.0,-1,3,-1.0
12208,12208,5424.038340110223,18756.948043924876,132.0,-1,-1,-1.0
12209,12209,-10604.334199602014,23458.90585962514,380.0,-1,-1,-1.0
12210,12210,11472.035522679398,-15717.177629278314,362.0,-1,-1,-1.0
12211,12211,-20936.1635235594,-37448.05458220131,200.0,-1,12,-1.0
12212,12212,-1038.9357191720774,-23148.339594189045,381.0,-1,-1,-1.0
12213,12213,22028.09333126816,32206.030380765616,480.0,-1,-1,-1.0
12214,12214,10392.61624915174,11752.793842409192,185.0,-1,-1,-1.0
12215,12215,-38331.01901808688,6519.79479488315,98.0,-1,-1,-1.0
12216,12216,-34005.35517140861,28889.84257116908,1.0,-1,-1,-1.0
12217,12217,27803.6819906265,7784.94738255618,3.0,-1,15,-1.0
12218,12218,-7987.325128448272,-16795.886176243497,410.0,-1,-1,-1.0
12219,12219,21219.564556847363,18414.53614556902,308.0,-1,18,-1.0
12220,12220,-4935.706314134673,-560.2204230701027,118.0,-1,-1,-1.0
12221,12221,-10494.272264093674,13350.402004766533,449.0,-1,27,-1.0
12222,12222,14076.738950398149,36131.97558662805,331.0,-1,-1,-1.0
12223,12223,37530.650928272735,-23167.102267269453,65.0,-1,-1,-1.0
12224,12224,-30992.94466536997,161.04196325138037,308.0,-1,-1,-1.0
12225,12225,2918.072628732356,26105.70311755038,175.0,-1,48,-1.0
12226,12226,28744.582314366577,-38742.113995463405,296.0,-1,-1,-1.0
12227,12227,7449.27484666415,-33792.350579267004,107.0,-1,-1,-1.0
12228,12228,34168.15390777163,35903.62591696509,228.0,-1,11,-1.0
12229,12229,5031.772850092908,21355.68802226962,412.0,-1,46,-1.0
12230,12230,37837.71799016214,1464.6090170239986,452.0,-1,-1,-1.0
12231,12231,30855.38723911323,-6296.053366161701,274.0,-1,-1,-1.0
12232,12232,9340.34876660785,-13199.593486812508,340.0,-1,-1,-1.0
12233,12233,6317.106512281331,-6820.395796417964,348.0,-1,-1,-1.0
12234,12234,31005.48521816204,-15480.213761342202,33.0,-1,-1,-1.0
12235,12235,-326.948264110506,-11397.02953474189,5.0,-1,31,-1.0
12236,12236,26470.77806589879,29180.63385559332,299.0,-1,-1,-1.0
12237,12237,-30246.92764413101,20486.998568468203,395.0,-1,-1,-1.0
12238,12238,-18679.23993152153,-29084.08214281412,324.0,-1,-1,-1.0
12239,12239,20212.299278104765,-9905.602691888918,430.0,-1,44,-1.0
12240,12240,21198.543485387963,35740.08268365299,87.0,-1,30,-1.0
12241,12241,15377.225886534565,15837.467370074415,460.0,-1,-1,-1.0
12242,12242,-32421.279793673755,31832.24744747257,486.0,-1,6,-1.0
12243,12243,-1160.1490447205724,20503.01309765324,104.0,-1,46,-1.0
12244,12244,-32658.04894238712,35470.74150461012,392.0,-1,-1,-1.0
12245,12245,24559.82463072513,35311.30619046728,194.0,-1,-1,-1.0
12246,12246,-733.5669959024599,22357.02816004745,211.0,-1,-1,-1.0
12247,12247,458.6546214238115,-16619.73150165186,487.0,-1,31,-1.0
12248,12248,10885.49498044922,24552.487281166388,106.0,-1,48,-1.0
12249,12249,13269.73379261409,-25892.059641236978,248.0,-1,3,-1.0
12250,12250,12199.430019313011,-36938.17261157599,354.0,-1,4,-1.0
12251,12251,23292.1368831589,-9962.769618237522,363.0,-1,-1,-1.0
12252,12252,-10490.73131582377,39319.37944438182,395.0,-1,48,-1.0
12253,12253,-16196.632610152525,6051.08241218944,48.0,-1,26,-1.0
12254,12254,12639.655606887696,24150.27325216419,415.0,-1,-1,-1.0
12255,12255,3650.9769480983086,25536.646977580614,23.0,-1,48,-1.0
12256,12256,-10784.385693352076,-13308.004845517697,187.0,-1,-1,-1.0
12257,12257,-11735.755328333276,-24053.946122365684,428.0,-1,-1,-1.0
12258,12258,-10560.205519138828,-12677.99108361765,68.0,-1,31,-1.0
12259,12259,-23945.83256160029,21302.4477333221,29.0,-1,-1,-1.0
12260,12260,32072.921866742035,-1268.8192932463426,178.0,-1,33,-1.0
12261,12261,8736.622124448113,-14617.836239360306,340.0,-1,-1,-1.0
12262,12262,-23926.26794365894,10445.34556452361,27.0,-1,-1,-1.0
12263,12263,23550.098731053095,-10193.85856136572,471.0,-1,-1,-1.0
12264,12264,14549.596211670105,11072.672549627763,88.0,-1,-1,-1.0
12265,12265,3969.727528684751,8688.554198150698,98.0,-1,27,-1.0
12266,12266,36526.60485074447,-3243.18023077058,101.0,-1,-1,-1.0
12267,12267,-37138.27577866132,19247.86808467277,127.0,-1,-1,-1.0
12268,12268,-39813.9361686842,15871.671253557271,101.0,-1,-1,-1.0
12269,12269,8332.482056990295,9293.880101060997,446.0,-1,-1,-1.0
12270,12270,-21536.412028371404,-26398.48824711273,309.0,-1,-1,-1.0
12271,12271,31266.44062525565,23328.46637561782,447.0,-1,-1,-1.0
12272,12272,11705.189230445088,-10693.465438755768,191.0,-1,-1,-1.0
12273,12273,-38106.73488412341,-81.12177381233778,472.0,-1,-1,-1.0
12274,12274,-14766.180893454935,21555.38914692287,481.0,-1,-1,-1.0
12275,12275,32067.090040684765,-26111.955544241973,351.0,-1,-1,-1.0
12276,12276,31570.280214256665,31810.705247700414,463.0,-1,-1,-1.0
12277,12277,-37377.68163388794,35620.228046625474,200.0,-1,5,-1.0
12278,12278,6157.581161740432,30593.93203489864,480.0,-1,48,-1.0
12279,12279,38436.25015712627,9189.081835980627,466.0,-1,-1,-1.0
12280,12280,34423.631226027355,-15105.023986580378,20.0,-1,-1,-1.0
12281,12281,9930.768722968016,22150.234331102096,239.0,-1,48,-1.0
12282,12282,-29599.718210308045,-522.2427558532363,309.0,-1,-1,-1.0
12283,12283,-36648.02645267842,29208.63523015799,151.0,-1,-1,-1.0
12284,12284,10994.121163607357,-22634.99429782581,380.0,-1,-1,-1.0
12285,12285,-31394.0284138726,-5730.968442869809,440.0,-1,-1,-1.0
12286,12286,15749.451706698208,-3380.522723955917,405.0,-1,-1,-1.0
12287,12287,14137.522669840764,-4042.975069651184,117.0,-1,-1,-1.0
12288,12288,30848.9447245136,-18607.402060808927,431.0,-1,-1,-1.0
12289,12289,-9860.08419032294,-16033.202543539495,121.0,-1,-1,-1.0
12290,12290,-8474.790963805543,-23857.266786759483,264.0,-1,-1,-1.0
12291,12291,-32437.81920339288,18704.44236111213,477.0,-1,-1,-1.0
12292,12292,-39201.27972444124,34915.82043295122,280.0,-1,-1,-1.0
12293,12293,37772.24632270685,11383.319818087082,325.0,-1,-1,-1.0
12294,12294,34668.121962835896,9628.384877461336,64.0,-1,28,-1.0
12295,12295,-29649.68617360612,-28396.721409030197,443.0,-1,-1,-1.0
12296,12296,-19672.01819046,-31184.83642436777,299.0,-1,-1,-1.0
12297,12297,32420.754338434053,24461.851340966845,99.0,-1,-1,-1.0
12298,12298,33496.64092825455,29567.803576198625,34.0,-1,10,-1.0
12299,12299,-35990.85633774255,-22135.99029260571,133.0,-1,0,-1.0
12300,12300,21690.76785654518,31499.377676767515,158.0,-1,30,-1.0
12301,12301,27648.30120567844,32294.777670356736,337.0,-1,-1,-1.0
12302,12302,17997.331277095218,32916.17984739873,197.0,-1,30,-1.0
12303,12303,22888.88529227417,13806.562214582598,80.0,-1,-1,-1.0
12304,12304,-9932.377261333986,-13339.1740327704,464.0,-1,31,-1.0
12305,12305,-19001.060707128687,16565.050682369736,266.0,-1,-1,-1.0
12306,12306,1424.7844446661838,-28538.652189522207,191.0,-1,25,-1.0
12307,12307,39047.996356714575,15924.056497897742,334.0,-1,-1,-1.0
12308,12308,21164.530121493168,-29024.014181918574,286.0,-1,-1,-1.0
12309,12309,-6537.700930210209,-28195.5358700922,83.0,-1,25,-1.0
12310,12310,24608.574664073487,27875.475255861733,235.0,-1,-1,-1.0
12311,12311,17900.394811883292,-28247.09730429857,32.0,-1,3,-1.0
12312,12312,-11106.655102827235,-31346.070914781707,85.0,-1,-1,-1.0
12313,12313,14891.792432186034,-22718.37265355185,113.0,-1,-1,-1.0
12314,12314,-22738.591612456363,510.4877137094591,455.0,-1,-1,-1.0
12315,12315,21095.161373435418,-21397.477620684564,372.0,-1,-1,-1.0
12316,12316,12936.813075267535,25620.630852582733,198.0,-1,-1,-1.0
12317,12317,2932.484642308853,2594.6606714271184,471.0,-1,14,-1.0
12318,12318,24262.90204555243,23258.72021776869,16.0,-1,18,-1.0
12319,12319,409.55758148408495,38364.04401436888,439.0,-1,-1,-1.0
12320,12320,33881.14257066761,-2022.6347931462003,215.0,-1,-1,-1.0
12321,12321,8948.88192680211,34305.7408245462,162.0,-1,-1,-1.0
12322,12322,-22139.95340119287,-17538.235186679765,276.0,-1,-1,-1.0
12323,12323,-18408.24842715798,-23611.13016797744,6.0,16,36,42.0
12324,12324,-18336.95319946196,-23662.903424160904,7.0,16,36,42.0
12325,12325,-18358.975264736117,-23705.131774381225,7.0,16,36,42.0
12326,12326,-18292.198092913182,-23739.298335968444,8.0,16,36,42.0
12327,12327,-18302.874532922797,-23815.324239892736,8.0,16,36,42.0
12328,12328,-18328.19051519006,-23892.39977840007,9.0,16,36,42.0
12329,12329,-18333.0755311285,-23923.59874979412,9.0,16,36,42.0
12330,12330,-18373.189700754818,-24034.246295405854,10.0,16,36,42.0
12331,12331,-18287.59855395848,-24024.969723184306,10.0,16,36,42.0
12332,12332,-18290.196478119546,-24107.195029882118,11.0,16,36,42.0
12333,12333,-18289.27981414349,-24213.02895944108,12.0,16,36,42.0
12334,12334,-18201.56524532139,-24299.754905546128,13.0,16,36,42.0
12335,12335,-18179.101718201684,-24381.19887323544,14.0,16,36,42.0
12336,12336,-18189.30524652457,-24485.353656031217,15.0,16,36,42.0
12337,12337,-18125.56075827457,-24433.174195849308,16.0,16,36,42.0
12338,12338,-18068.967307390896,-24508.23344368662,17.0,16,36,42.0
12339,12339,-17983.796812113913,-24571.47401052198,20.0,16,36,42.0
12340,12340,-18041.66544945548,-24625.79311151574,20.0,16,36,42.0
12341,12341,-18119.469758237425,-24614.99295799985,23.0,16,36,42.0
12342,12342,-18155.20337770614,-24724.5840996624,24.0,16,36,42.0
12343,12343,-18065.665489546325,-24670.860323205325,24.0,16,36,42.0
12344,12344,-18145.295659935506,-24765.010475695424,25.0,16,36,42.0
12345,12345,-18141.51703467863,-24791.583143852706,25.0,16,36,42.0
12346,12346,-18217.527528642237,-24800.8837679763,26.0,16,36,42.0
12347,12347,-18137.85260019435,-24891.83045264981,28.0,16,36,42.0
12348,12348,-18124.48438307728,-24971.386928549466,29.0,16,36,42.0
12349,12349,-18047.04376853172,-24963.8548748704,29.0,16,36,42.0
12350,12350,-18099.004689465277,-25082.16997563842,30.0,16,36,42.0
12351,12351,-18017.034219761757,-24980.00183842906,30.0,16,36,42.0
12352,12352,-17994.630361311032,-25051.68751334343,31.0,16,36,42.0
12353,12353,-18013.336830073542,-25134.06481354875,32.0,16,36,42.0
12354,12354,-18042.7821893133,-25143.14396048566,32.0,16,36,42.0
12355,12355,-18032.69136313734,-25250.204916105675,33.0,16,36,42.0
12356,12356,-18001.869126649475,-25200.208916144988,33.0,16,36,42.0
12357,12357,-18031.410585200007,-25326.23842757381,34.0,16,36,42.0
12358,12358,-18061.56280694501,-25289.79456986154,34.0,16,36,42.0
12359,12359,-17924.057846224565,-25319.801623168456,35.0,16,36,42.0
12360,12360,-18010.03028551175,-25384.23184050065,35.0,16,36,42.0
12361,12361,-18025.39292913312,-25421.312719333862,35.0,16,36,42.0
12362,12362,-17969.48883481874,-25370.6697583625,35.0,16,36,42.0
12363,12363,-18033.032955830724,-25523.16668853268,36.0,16,36,42.0
12364,12364,-17868.611950132752,-25400.84751089579,36.0,16,36,42.0
12365,12365,-17933.34926284514,-25475.870313613195,36.0,16,36,42.0
12366,12366,-18002.87171158623,-25559.21727878874,38.0,16,36,42.0
12367,12367,-17957.078693283227,-25637.931970178142,42.0,16,36,42.0
12368,12368,-17924.602063111754,-25755.489936356367,43.0,16,36,42.0
12369,12369,-17950.85817086396,-25757.44298637237,43.0,16,36,42.0
12370,12370,-17951.49108327714,-25746.818448011654,43.0,16,36,42.0
12371,12371,-17950.2164467127,-25858.65200105161,44.0,16,36,42.0
12372,12372,-17862.53741228028,-25882.65187245694,45.0,16,36,42.0
12373,12373,-17879.022915592715,-25961.37804650981,46.0,16,36,42.0
12374,12374,-17986.489364401972,-26039.63238079625,49.0,16,36,42.0
12375,12375,-17887.212583684184,-26067.40272443697,49.0,16,36,42.0
12376,12376,-17834.634416241694,-26087.92798342079,51.0,16,36,42.0
12377,12377,-17837.226860862764,-26124.337397713647,51.0,16,36,42.0
12378,12378,-17794.877636008936,-26151.07584330729,52.0,16,36,42.0
12379,12379,-17785.692418532584,-26206.050553862315,52.0,16,36,42.0
12380,12380,-17886.00816777368,-26183.54986844962,53.0,16,36,42.0
12381,12381,-17847.859314878766,-26272.98520241483,55.0,16,36,42.0
12382,12382,-17954.59202043393,-26267.97945044829,55.0,16,36,42.0
12383,12383,-17897.758392312826,-26281.529649704804,55.0,16,36,42.0
12384,12384,-17812.930035665348,-26265.344811813466,55.0,16,36,42.0
12385,12385,-17816.221035021845,-26324.30249296239,56.0,16,36,42.0
12386,12386,-17918.42675491285,-26375.723844582848,56.0,16,36,42.0
12387,12387,-17846.235594536312,-26434.78447393985,58.0,16,36,42.0
12388,12388,-17847.862581509118,-26544.90917103151,59.0,16,36,42.0
12389,12389,-17726.99748863531,-26451.28486692325,59.0,16,36,42.0
12390,12390,-17816.244397659993,-26603.332887187746,60.0,16,36,42.0
12391,12391,-17837.397535351607,-26691.49133631563,62.0,16,36,42.0
12392,12392,-17911.809098021295,-26679.739641711072,62.0,16,36,42.0
12393,12393,-17723.76224332757,-26662.19509393821,62.0,16,36,42.0
12394,12394,-17849.077735441148,-26708.24978849636,62.0,16,36,42.0
12395,12395,-17791.999480966828,-26804.25463648211,63.0,16,36,42.0
12396,12396,-17823.0763598632,-26898.04112023955,64.0,16,36,42.0
12397,12397,-17744.081468463704,-26889.12034318914,64.0,16,36,42.0
12398,12398,-17819.192711173127,-26959.018219860387,65.0,16,36,42.0
12399,12399,-17880.53244499402,-27087.754243985302,67.0,16,36,42.0
12400,12400,-17969.049925795745,-27115.277672940167,68.0,16,36,42.0
12401,12401,-17780.153246889924,-27105.1558918366,68.0,16,36,42.0
12402,12402,-17817.505492585085,-27126.030862297823,69.0,16,36,42.0
12403,12403,-17858.23212851237,-27216.888511535304,69.0,16,36,42.0
12404,12404,-17730.66538029788,-27183.06466489772,71.0,16,36,42.0
12405,12405,-17706.183062887212,-27262.902242301865,75.0,16,36,42.0
12406,12406,-17788.173423783013,-27235.978951508518,75.0,16,36,42.0
12407,12407,-17702.629516093857,-27345.210929873585,76.0,16,36,42.0
12408,12408,-17855.008477429015,-27252.700570015477,76.0,16,36,42.0
12409,12409,-17745.041770430325,-27438.173299029808,79.0,16,36,42.0
12410,12410,-17782.125238281285,-27535.392081733047,81.0,16,36,42.0
12411,12411,-17776.9890981256,-27643.626766670382,82.0,16,36,42.0
12412,12412,-17815.685025647115,-27750.521202236665,83.0,16,36,42.0
12413,12413,-17813.462302001797,-27863.505912028868,84.0,16,36,42.0
12414,12414,-17891.04426995468,-27756.141289411946,84.0,16,36,42.0
12415,12415,-17864.328423314088,-27828.6574246168,84.0,16,36,42.0
12416,12416,-17735.474823628378,-27811.40831263868,84.0,16,36,42.0
12417,12417,-17740.35351073368,-27813.122471642782,85.0,16,36,42.0
12418,12418,-17794.772438677486,-27875.647001280387,86.0,16,36,42.0
12419,12419,-17680.202645151207,-27865.464580366173,86.0,16,36,42.0
12420,12420,-17638.67038750395,-27923.99920867061,88.0,16,36,42.0
12421,12421,-17576.87527126448,-27973.54962166348,89.0,16,36,42.0
12422,12422,-17605.63073789281,-28039.040906050406,90.0,16,36,42.0
12423,12423,-17500.272696763197,-28024.526914475657,90.0,16,36,42.0
12424,12424,-17428.064843117343,-28108.69557169183,91.0,16,36,42.0
12425,12425,-17418.911606046207,-28153.109714061804,94.0,16,36,42.0
12426,12426,-17479.408740411043,-28142.21947238526,94.0,16,36,42.0
12427,12427,-17370.763668219442,-28208.53421709188,96.0,16,36,42.0
12428,12428,-17340.513622841456,-28298.75622977836,97.0,16,36,42.0
12429,12429,-17327.147449363827,-28396.06648833873,98.0,16,36,42.0
12430,12430,-17355.554648522313,-28490.898186273556,99.0,16,36,42.0
12431,12431,-17243.24528470275,-28317.32625546464,99.0,16,36,42.0
12432,12432,-17356.239186445757,-28504.31802035454,102.0,16,36,42.0
12433,12433,-17417.967148792213,-28585.686987086425,103.0,16,36,42.0
12434,12434,-17373.058215624154,-28612.4419253482,103.0,16,36,42.0
12435,12435,-17422.090165986017,-28705.65159917392,104.0,16,36,42.0
12436,12436,-17304.357739685904,-28657.484987102165,104.0,16,36,42.0
12437,12437,-17362.256092033964,-28788.118856186204,106.0,16,36,42.0
12438,12438,-17272.40114397419,-28720.731895008063,106.0,16,36,42.0
12439,12439,-17334.847976789548,-28865.311164916217,109.0,16,36,42.0
12440,12440,-17263.266848661584,-28836.8810162922,109.0,16,36,42.0
12441,12441,-17324.400953209435,-28817.40642859166,109.0,16,36,42.0
12442,12442,-17295.1082584473,-28955.636533832265,112.0,16,36,42.0
12443,12443,-17217.27510174834,-28991.045322780137,114.0,16,36,42.0
12444,12444,-17200.224883509698,-28997.585118887702,114.0,16,36,42.0
12445,12445,-17178.581842320447,-29061.49957178663,115.0,16,36,42.0
12446,12446,-17185.50378982132,-29078.42018436834,115.0,16,36,42.0
12447,12447,-17129.343813505653,-29141.20961612641,116.0,16,36,42.0
12448,12448,-17193.634436901346,-29247.28276387048,117.0,16,36,42.0
12449,12449,-17244.410863907036,-29336.66756139975,119.0,16,36,42.0
12450,12450,-17129.49624973701,-29379.381821457733,121.0,16,36,42.0
12451,12451,-17243.17084827677,-29418.54931154751,121.0,16,36,42.0
12452,12452,-17137.139260173826,-29459.46618622402,122.0,16,36,42.0
12453,12453,-17152.70848198446,-29518.04276776066,122.0,16,36,42.0
12454,12454,-17046.113335433278,-29552.01997874721,126.0,16,36,42.0
12455,12455,-17206.19803915397,-29566.07654830869,126.0,16,36,42.0
12456,12456,-17260.421634319806,-29489.105488313664,126.0,16,36,42.0
12457,12457,-17146.78006204083,-29691.149738883018,128.0,16,36,42.0
12458,12458,-17120.591793924305,-29766.930783280783,131.0,16,36,42.0
12459,12459,-17133.634706447556,-29801.989325869643,131.0,16,36,42.0
12460,12460,-17110.30333891981,-29901.185689540955,132.0,16,36,42.0
12461,12461,-17016.25972600737,-29936.89760211584,133.0,16,36,42.0
12462,12462,-17084.497784223826,-30001.443241328,133.0,16,36,42.0
12463,12463,-17147.584811658628,-29997.636411439544,134.0,16,36,42.0
12464,12464,-16964.193109986503,-29944.66336405584,134.0,16,36,42.0
12465,12465,-16994.75682588752,-30022.49914149137,135.0,16,36,42.0
12466,12466,-17022.255538438505,-30101.97305745914,137.0,16,36,42.0
12467,12467,-17010.132993507905,-30187.44574817874,138.0,16,36,42.0
12468,12468,-17104.924826531525,-30176.308726309315,138.0,16,36,42.0
12469,12469,-17019.78948984098,-30287.28337324756,139.0,16,36,42.0
12470,12470,-16977.310895689545,-30385.27571717429,140.0,16,36,42.0
12471,12471,-16902.282463420495,-30432.347502603032,142.0,16,36,42.0
12472,12472,-16882.6866708224,-30508.07787177553,146.0,16,36,42.0
12473,12473,-16790.893678265773,-30548.36249708473,149.0,16,36,42.0
12474,12474,-16886.387789088716,-30611.467811869028,149.0,16,36,42.0
12475,12475,-16843.693376717474,-30542.232694492075,149.0,16,36,42.0
12476,12476,-16903.774855871106,-30674.233706295483,150.0,16,36,42.0
12477,12477,-16932.53069874081,-30766.260808770585,152.0,16,36,42.0
12478,12478,-16823.26401669766,-30806.685846792345,153.0,16,36,42.0
12479,12479,-16878.582600998267,-30884.55093657379,154.0,16,36,42.0
12480,12480,-16808.362957093617,-30949.233853532267,155.0,16,36,42.0
12481,12481,-16730.145148165568,-31006.717969570946,157.0,16,36,42.0
12482,12482,-16692.424184115836,-31096.46606031322,160.0,16,36,42.0
12483,12483,-16644.9435809809,-31027.315521297303,160.0,16,36,42.0
12484,12484,-16674.716707179497,-31067.37971207024,160.0,16,36,42.0
12485,12485,-16580.47780742036,-31126.351788905944,161.0,16,36,42.0
12486,12486,-16630.02811145967,-31213.59567160072,162.0,16,36,42.0
12487,12487,-16672.957728318568,-31326.846323159603,165.0,16,36,42.0
12488,12488,-16626.136968671213,-31442.42972544676,166.0,16,36,42.0
12489,12489,-16540.387617705877,-31540.49975849129,168.0,16,36,42.0
12490,12490,-16585.09902816451,-31542.580519219104,170.0,16,36,42.0
12491,12491,-16512.25457235662,-31578.082795961644,171.0,16,36,42.0
12492,12492,-16521.22368350714,-31607.31126308061,171.0,16,36,42.0
12493,12493,-16510.03769661073,-31692.18823354316,172.0,16,36,42.0
12494,12494,-16559.32558762503,-31677.11614530454,172.0,16,36,42.0
12495,12495,-16565.22425368501,-31798.117898625645,173.0,16,36,42.0
12496,12496,-16513.312247219423,-31785.364072742683,173.0,16,36,42.0
12497,12497,-16508.345214679426,-31756.905260528514,173.0,16,36,42.0
12498,12498,-16566.2341205281,-31894.067200440997,174.0,16,36,42.0
12499,12499,-16484.588998598694,-31860.08852125144,174.0,16,36,42.0
12500,12500,-16444.408067621145,-31928.512083820988,176.0,16,36,42.0
12501,12501,-16462.676523445272,-31970.344360790445,176.0,16,36,42.0
12502,12502,-16522.0725318386,-32044.394259817374,177.0,16,36,42.0
12503,12503,-16473.976395610214,-32046.289504662644,177.0,16,36,42.0
12504,12504,-16375.08565369311,-32031.72265987506,177.0,16,36,42.0
12505,12505,-16507.081453410552,-32128.771867786996,178.0,16,36,42.0
12506,12506,-16378.954688231055,-32120.082035913885,181.0,16,36,42.0
12507,12507,-16321.836118564916,-32212.973198073832,185.0,16,36,42.0
12508,12508,-16295.86295819617,-32111.91365630802,185.0,16,36,42.0
12509,12509,-16344.524311197696,-32290.211875170015,186.0,16,36,42.0
12510,12510,-16308.803325657862,-32328.85972407729,188.0,16,36,42.0
12511,12511,-16308.52739030533,-32402.22805315804,189.0,16,36,42.0
12512,12512,-16280.194228264252,-32447.161583301127,189.0,16,36,42.0
12513,12513,-16233.79046393713,-32499.31441336087,190.0,16,36,42.0
12514,12514,-16178.861397023084,-32587.571595873094,192.0,16,36,42.0
12515,12515,-16223.413332734654,-32649.385534570243,193.0,16,36,42.0
12516,12516,-16199.16554250861,-32770.133651345284,194.0,16,36,42.0
12517,12517,-16143.933095236442,-32831.865308402725,195.0,16,36,42.0
12518,12518,-16154.617418579504,-32860.88979561312,195.0,16,36,42.0
12519,12519,-16128.255007724369,-32942.65576875954,196.0,16,36,42.0
12520,12520,-16127.020207744472,-33022.24183886838,198.0,16,36,42.0
12521,12521,-16049.364184548776,-33114.193287362454,201.0,16,36,42.0
12522,12522,-16082.166264109692,-33224.269133944326,202.0,16,36,42.0
12523,12523,-16025.805211452654,-33274.99791884752,203.0,16,36,42.0
12524,12524,13354.137654526166,6044.703617539555,135.0,-1,-1,-1.0
12525,12525,-24849.575435108563,-25628.04686363333,57.0,-1,38,-1.0
12526,12526,-9442.12189230714,1599.6901509605375,460.0,-1,-1,-1.0
12527,12527,3490.3802960031826,5365.121149903505,167.0,-1,14,-1.0
12528,12528,-19355.527761888992,25083.977515406757,33.0,-1,-1,-1.0
12529,12529,-3311.2036214362743,-21794.739787697155,381.0,-1,-1,-1.0
12530,12530,-12884.094640166992,-4791.032835853388,492.0,-1,-1,-1.0
12531,12531,-252.14332260853556,-29624.132680136318,470.0,-1,-1,-1.0
12532,12532,-21648.511259125564,-18385.497685293587,259.0,-1,-1,-1.0
12533,12533,-29519.555690637266,-2982.8459109796604,383.0,-1,41,47.0
12534,12534,20962.16687735017,28390.790118002857,304.0,-1,-1,-1.0
12535,12535,-35682.59851484322,-5609.985740474876,113.0,-1,-1,-1.0
12536,12536,-34356.01439249124,12678.798175461226,336.0,-1,-1,-1.0
12537,12537,30756.272822100236,19437.422954274727,421.0,-1,-1,-1.0
12538,12538,-6341.218864789866,34717.128957255336,191.0,-1,48,57.0
12539,12539,-37118.91000758926,-17471.993311023474,196.0,-1,0,-1.0
12540,12540,-17045.51926989211,-3131.207918793596,293.0,-1,43,-1.0
12541,12541,-22859.762806450155,-20045.880048043902,166.0,-1,-1,-1.0
12542,12542,-21514.76309652513,36160.74168034893,137.0,-1,-1,-1.0
12543,12543,31332.833410493666,11741.295116626869,288.0,-1,-1,-1.0
12544,12544,8409.73524290548,26527.600636743344,344.0,-1,-1,-1.0
12545,12545,24246.199680678328,2098.4023416477867,1.0,-1,-1,-1.0
12546,12546,-7626.335237223615,-20862.722847122623,95.0,-1,-1,-1.0
12547,12547,-22222.828020731235,21201.77911008373,97.0,-1,37,-1.0
12548,12548,30884.656855296445,-5859.037965665637,172.0,-1,-1,-1.0
12549,12549,-19908.82933976293,-24030.98004010614,197.0,-1,36,-1.0
12550,12550,-3543.901396204717,-39469.13181792876,210.0,-1,-1,-1.0
12551,12551,8517.805454233086,-31984.00526212855,471.0,-1,-1,-1.0
12552,12552,38133.32662830733,-19013.770858200827,383.0,-1,-1,-1.0
12553,12553,29866.145997854328,-23121.905606045693,312.0,-1,45,51.0
12554,12554,15610.313434343065,27699.284361339145,65.0,-1,9,-1.0
12555,12555,-23826.877517782865,39569.5795460135,253.0,-1,-1,-1.0
12556,12556,-31880.937909403798,38421.13119657207,395.0,-1,-1,-1.0
12557,12557,36274.63348952259,26785.27191436081,138.0,-1,10,-1.0
12558,12558,-5432.410717852872,-32608.008686274363,379.0,-1,-1,-1.0
12559,12559,26002.689961487165,-10259.314972538345,359.0,-1,-1,-1.0
12560,12560,-19515.196671962032,12376.873827567964,258.0,-1,-1,-1.0
12561,12561,-34794.78658100483,17946.70199542529,224.0,-1,-1,-1.0
12562,12562,-31305.98004015296,33681.2356478772,231.0,-1,-1,-1.0
12563,12563,3009.8980671150857,14613.433962536685,261.0,-1,8,-1.0
12564,12564,33481.83536013661,-8259.321100149082,332.0,-1,33,-1.0
12565,12565,-8096.211435262594,12591.292647190365,224.0,-1,27,-1.0
12566,12566,-22075.87514696513,-23731.30542680584,0.0,-1,36,-1.0
12567,12567,-4738.498600070743,18171.55380721842,87.0,-1,-1,-1.0
12568,12568,-2710.683083548043,-1239.8381283765557,442.0,-1,-1,-1.0
12569,12569,34302.24165345814,-19978.384390542364,133.0,-1,-1,-1.0
12570,12570,32779.679107157266,-28092.31542702118,489.0,-1,-1,-1.0
12571,12571,13998.191337875627,38344.12616637761,64.0,-1,-1,-1.0
12572,12572,6921.1238518268,-33454.55764392798,394.0,-1,-1,-1.0
12573,12573,28333.90803136448,15905.412360229682,130.0,-1,-1,-1.0
12574,12574,-4050.59073490875,13195.989533917418,444.0,-1,-1,-1.0
12575,12575,-33849.4507211915,25942.574905450616,497.0,-1,-1,-1.0
12576,12576,10745.518598769197,1741.1780998682952,491.0,-1,-1,-1.0
12577,12577,-19587.16876982882,-16284.496828259522,432.0,-1,42,-1.0
12578,12578,8332.206500730063,9199.308809022456,234.0,-1,-1,-1.0
12579,12579,-11419.836900881764,32428.60365986092,74.0,-1,48,-1.0
12580,12580,28402.170204298527,-26034.144030435786,152.0,-1,-1,-1.0
12581,12581,37049.59281561391,-9908.759753243929,112.0,-1,-1,-1.0
12582,12582,34879.36862198981,-29093.190410568885,385.0,-1,-1,-1.0
12583,12583,-1576.50624203631,-34278.77039174091,268.0,-1,-1,-1.0
12584,12584,-27676.430389098343,-36900.88678699968,464.0,-1,-1,-1.0
12585,12585,-8304.597126158678,34429.0742325786,377.0,-1,-1,-1.0
12586,12586,-35146.24398441782,-24252.17116731158,387.0,-1,-1,-1.0
12587,12587,22059.839698628697,-5336.521220058581,312.0,-1,44,-1.0
12588,12588,1552.9351112290533,7966.104367149535,295.0,-1,27,-1.0
12589,12589,2540.5375440488133,-6382.538785642159,143.0,-1,-1,-1.0
12590,12590,-12265.328362308006,-38301.79573910438,80.0,-1,-1,-1.0
12591,12591,-32384.35477464739,11569.78739926558,75.0,-1,-1,-1.0
12592,12592,8689.201356894242,-37405.415013195576,74.0,-1,-1,-1.0
12593,12593,-28340.473197836225,-36502.87672639023,468.0,-1,-1,-1.0
12594,12594,647.8471906642008,-37526.50663113165,14.0,-1,-1,-1.0
12595,12595,-30358.040627604845,-35977.31871736448,108.0,-1,-1,-1.0
12596,12596,-16778.686689363774,-17496.583429363152,442.0,-1,31,-1.0
12597,12597,-31218.451467920768,-10165.931609308904,392.0,-1,-1,-1.0
12598,12598,32681.18664083097,32220.56671727648,391.0,-1,-1,-1.0
12599,12599,-35134.64847275313,10881.167754439972,469.0,-1,-1,-1.0
12600,12600,3865.8047809417913,3138.292057441009,255.0,-1,14,-1.0
12601,12601,-32398.697383026418,-1819.7642653312505,32.0,-1,-1,-1.0
12602,12602,6495.376646863246,36613.61534341273,464.0,-1,-1,-1.0
12603,12603,37800.16911125895,-3872.2227765450807,367.0,-1,28,-1.0
12604,12604,53.58760778679425,17181.55348681193,362.0,-1,-1,-1.0
12605,12605,9910.96378287614,39148.44184163501,87.0,-1,-1,-1.0
12606,12606,11208.790990529087,20365.08544445073,112.0,-1,-1,-1.0
12607,12607,-36955.725551951815,-2042.410935808657,38.0,-1,-1,-1.0
12608,12608,-16916.989460852543,542.9071465204033,469.0,-1,-1,-1.0
12609,12609,-18972.06939669133,-36140.50022470206,423.0,-1,-1,-1.0
12610,12610,-31271.34623235702,-29144.791902957917,421.0,-1,34,-1.0
12611,12611,-35849.22921199495,7185.037558779441,168.0,-1,24,-1.0
12612,12612,-37972.75237276998,-5834.780487250428,35.0,-1,-1,-1.0
12613,12613,30409.9419848354,-9529.143914707329,243.0,-1,-1,-1.0
12614,12614,862.6923218557349,26585.4897583173,151.0,-1,48,-1.0
12615,12615,-3513.584579341877,-32438.576327319868,180.0,-1,-1,-1.0
12616,12616,13244.976521109616,35702.211610716986,10.0,-1,-1,-1.0
12617,12617,-375.6643594395719,-7938.583801441484,73.0,-1,31,36.0
12618,12618,-39170.626775930046,-2326.746502920694,143.0,-1,-1,-1.0
12619,12619,39814.38707651956,12876.925052685328,342.0,-1,-1,-1.0
12620,12620,-28403.304651793413,32743.97983997433,331.0,-1,-1,-1.0
12621,12621,32280.59656562172,-10587.595366566136,3.0,-1,-1,-1.0
12622,12622,-22116.10568477924,-25647.50819361004,41.0,-1,-1,-1.0
12623,12623,-4186.362420001758,35927.8506262929,53.0,-1,48,-1.0
12624,12624,-11789.505909995252,-20436.001334671146,328.0,-1,-1,-1.0
12625,12625,5289.541334831381,10996.754905041053,127.0,-1,-1,-1.0
12626,12626,-35168.56749798424,-9168.99759424326,9.0,-1,-1,-1.0
12627,12627,13866.034139704048,27587.250189458195,463.0,-1,-1,-1.0
12628,12628,-20024.299840325384,20352.80281961975,246.0,-1,-1,-1.0
12629,12629,-29924.78435217281,-20964.703068742,480.0,-1,39,-1.0
12630,12630,37753.84072365414,7845.636438744717,378.0,-1,28,-1.0
12631,12631,-25079.60127560767,19449.544044111542,255.0,-1,37,-1.0
12632,12632,17714.909928381487,-6569.425872807158,189.0,-1,-1,-1.0
12633,12633,27213.90244363922,34994.688861601055,487.0,-1,-1,-1.0
12634,12634,-38075.83417964274,-11480.087727813943,458.0,-1,32,38.0
12635,12635,682.7099750307316,-9574.874968274453,165.0,-1,31,-1.0
12636,12636,-28379.444160261053,9614.185587248736,60.0,-1,-1,-1.0
12637,12637,15823.046140122977,31595.094192630248,439.0,-1,-1,-1.0
12638,12638,373.2352147754864,39170.82068239874,9.0,-1,-1,-1.0
12639,12639,-26943.798323280276,36384.80650288274,321.0,-1,-1,-1.0
12640,12640,-13752.973401302454,-32260.43028471885,481.0,-1,36,-1.0
12641,12641,-32622.088654664825,20629.52108071489,64.0,-1,40,-1.0
12642,12642,1788.6413698191463,-35492.76504299216,437.0,-1,-1,-1.0
12643,12643,-29973.05370166365,-6836.168976898858,200.0,-1,41,47.0
12644,12644,115.136940163924,16056.98658414554,319.0,-1,-1,-1.0
12645,12645,-5800.566243774883,-25204.954163243267,159.0,-1,25,-1.0
12646,12646,-4049.768762514505,4844.928511634258,127.0,-1,27,-1.0
12647,12647,6619.431009849606,16233.576980977,174.0,-1,8,-1.0
12648,12648,-11566.860816446268,-30010.62823200912,485.0,-1,-1,-1.0
12649,12649,25808.97136351702,1881.1666760047085,27.0,-1,-1,-1.0
12650,12650,17493.803372381473,23362.116480547083,112.0,-1,-1,-1.0
12651,12651,3716.9168425440366,15450.65256881732,226.0,-1,8,-1.0
12652,12652,19883.30730868775,-11956.491254105338,215.0,-1,-1,-1.0
12653,12653,-11258.110510912064,26158.3576927898,146.0,-1,48,-1.0
12654,12654,11479.86647034334,-14281.679995656232,115.0,-1,13,-1.0
12655,12655,-18242.049455161035,2316.713529096924,57.0,-1,-1,-1.0
12656,12656,12633.536195125283,30870.388612410505,151.0,-1,-1,-1.0
12657,12657,-2200.0259047594445,38756.71656835965,337.0,-1,48,57.0
12658,12658,-31261.136354983668,10869.803044089786,322.0,-1,-1,-1.0
12659,12659,-12313.3031962524,12556.94398754964,87.0,-1,-1,-1.0
12660,12660,17268.709390077755,22021.57090521356,36.0,-1,-1,-1.0
12661,12661,-25675.12579380417,29722.938711163966,115.0,-1,-1,-1.0
12662,12662,3661.540272545928,-16759.247030810307,172.0,-1,31,-1.0
12663,12663,7648.094695987507,-14715.796800730986,462.0,-1,31,-1.0
12664,12664,6807.782042042614,27351.782224931027,59.0,-1,-1,-1.0
12665,12665,-20221.37844802869,30092.10042310861,412.0,-1,48,-1.0
12666,12666,-26806.031894116903,-23588.463349560057,499.0,-1,-1,-1.0
12667,12667,-33923.25542276604,12384.89314416529,261.0,-1,24,-1.0
12668,12668,19390.0809970916,32646.349159053847,499.0,-1,-1,-1.0
12669,12669,39107.28100956028,-8893.260794373673,156.0,-1,-1,-1.0
12670,12670,23339.579876832577,12112.28266278944,294.0,-1,16,-1.0
12671,12671,20581.140542907247,-39965.14924817103,394.0,-1,-1,-1.0
12672,12672,-3260.8670108476726,-19296.16047985175,16.0,-1,-1,-1.0
12673,12673,-28245.762019211757,26897.6350852991,127.0,-1,-1,-1.0
12674,12674,-2532.157236840605,-7712.6873765874225,88.0,-1,31,-1.0
12675,12675,7781.655506162839,9682.182480339305,227.0,-1,-1,-1.0
12676,12676,-20721.604818350566,-20665.64050416445,331.0,-1,-1,-1.0
12677,12677,20054.57443810549,-24473.789063357428,425.0,-1,-1,-1.0
12678,12678,30926.865935168506,39445.83362581834,329.0,-1,-1,-1.0
12679,12679,-17049.53868672173,6178.415103111402,396.0,-1,26,-1.0
12680,12680,-22301.131513912314,-5918.660324702811,100.0,-1,-1,-1.0
12681,12681,-12995.25339516614,3653.618893114865,427.0,-1,-1,-1.0
12682,12682,5497.9102502314345,-33944.394363221974,335.0,-1,1,-1.0
12683,12683,-2542.513575624922,35490.3166143127,486.0,-1,48,-1.0
12684,12684,5851.950057254529,-12646.992440771846,44.0,-1,31,-1.0
12685,12685,28277.87353596244,4153.97496706964,396.0,-1,-1,-1.0
12686,12686,6738.924180169866,-9985.183026462377,300.0,-1,31,-1.0
12687,12687,28443.41887006213,21008.488227028887,318.0,-1,-1,-1.0
12688,12688,11441.922246863782,-4223.670558057514,252.0,-1,-1,-1.0
12689,12689,27814.79629738041,27016.542326279683,472.0,-1,-1,-1.0
12690,12690,875.0482900308634,35175.92654573999,34.0,-1,-1,-1.0
12691,12691,28414.251345626297,-6444.829808330796,50.0,-1,-1,-1.0
12692,12692,-1090.2006027793975,6323.919418438636,205.0,-1,27,-1.0
12693,12693,37812.633116360914,-11905.281618639316,120.0,-1,-1,-1.0
12694,12694,5593.624769754395,-3940.6068025129207,220.0,-1,-1,-1.0
12695,12695,-32630.774539310856,-39043.72268306148,99.0,-1,-1,-1.0
12696,12696,-36917.499496081786,1370.9391672003983,109.0,-1,-1,-1.0
12697,12697,13618.687604246908,1713.0061294926418,185.0,-1,-1,-1.0
12698,12698,2319.520778477512,15099.738975901972,158.0,-1,8,-1.0
12699,12699,10206.537733692923,26685.54175818909,322.0,-1,-1,-1.0
12700,12700,35276.57122462336,29050.58028042283,444.0,-1,-1,-1.0
12701,12701,-1235.7363599514138,30293.13943449066,326.0,-1,48,57.0
12702,12702,32483.429285640203,-2776.4935590057576,471.0,-1,33,-1.0
12703,12703,5125.152315881431,-22583.76742597452,154.0,-1,31,-1.0
12704,12704,31826.109163926987,-26696.577659875657,134.0,-1,-1,-1.0
12705,12705,-38673.74407470946,-35198.503430250785,4.0,-1,-1,-1.0
12706,12706,-10874.22712687725,894.7690947317533,90.0,-1,-1,-1.0
12707,12707,32689.81255381524,-257.4237141309932,318.0,-1,-1,-1.0
12708,12708,-743.3484675135915,-7935.303777523073,491.0,-1,31,-1.0
12709,12709,37411.04282656779,-20145.847826489862,322.0,-1,-1,-1.0
12710,12710,-15252.000379475669,23678.399156302898,222.0,-1,48,-1.0
12711,12711,-6232.39974798567,-2830.3869099599838,279.0,-1,-1,-1.0
12712,12712,-35621.66147112695,23893.562849642505,101.0,-1,-1,-1.0
12713,12713,-32423.889738789803,-13335.59920082042,41.0,-1,-1,-1.0
12714,12714,39801.92269830854,32343.312903452024,455.0,-1,-1,-1.0
12715,12715,3185.437130307633,4856.321174027762,436.0,-1,14,-1.0
12716,12716,33561.30275907132,25060.98503175452,275.0,-1,-1,-1.0
12717,12717,30617.219095814056,9263.220182233656,332.0,-1,-1,-1.0
12718,12718,25834.513174778574,34465.78838811489,370.0,-1,30,-1.0
12719,12719,13591.26118953334,-5993.078195700298,143.0,-1,13,-1.0
12720,12720,-5093.75214238761,-29772.869468205678,423.0,-1,-1,-1.0
12721,12721,-19537.288562553164,18064.487926161768,480.0,-1,-1,-1.0
12722,12722,-37458.63769350306,20281.10574144189,157.0,-1,-1,-1.0
12723,12723,22329.3524371769,18108.054059518254,60.0,-1,18,-1.0
12724,12724,13167.373550584469,-39063.53257058917,389.0,-1,4,-1.0
12725,12725,11455.667701465194,-28727.700147474967,364.0,-1,-1,-1.0
12726,12726,36444.01157161052,37879.28099182155,50.0,-1,-1,-1.0
12727,12727,-32566.232438190676,-4689.955292193248,431.0,-1,-1,-1.0
12728,12728,20359.433807042857,-31514.37506295897,150.0,-1,-1,-1.0
12729,12729,-4675.395054582528,-13264.492373850586,19.0,-1,31,-1.0
12730,12730,-12107.509068790216,-17917.103468847672,365.0,-1,31,-1.0
12731,12731,28775.53271419699,-16023.189215046545,118.0,-1,-1,-1.0
12732,12732,-11101.814350117063,37398.98021124159,46.0,-1,48,-1.0
12733,12733,-24180.94282020757,34156.802128968135,87.0,-1,-1,-1.0
12734,12734,19530.05475359821,-2156.164590392662,41.0,-1,-1,-1.0
12735,12735,-14494.439209551954,12549.827788359507,98.0,-1,-1,-1.0
12736,12736,-22294.35825899489,-30524.95220038436,275.0,-1,-1,-1.0
12737,12737,3340.507914854752,-33531.08407677658,111.0,-1,1,-1.0
12738,12738,-3437.376364683332,17549.131060834894,190.0,-1,-1,-1.0
12739,12739,10397.971780919652,-35296.95502104975,196.0,-1,-1,-1.0
12740,12740,28909.54522140048,10662.527141361688,175.0,-1,-1,-1.0
12741,12741,19564.262139418417,-19041.960204026866,104.0,-1,-1,-1.0
12742,12742,14440.432326173235,-16425.775363114175,276.0,-1,45,-1.0
12743,12743,27285.274882139536,-5811.76184744393,247.0,-1,-1,-1.0
12744,12744,-26191.09125885596,5406.2093577673295,212.0,-1,-1,-1.0
12745,12745,25961.805592872668,-2190.3965415074053,23.0,-1,-1,-1.0
12746,12746,37699.06000694951,-36531.261639396434,51.0,-1,21,-1.0
12747,12747,-17118.723685475565,16907.173021093033,493.0,-1,-1,-1.0
12748,12748,-22611.77319044279,-12203.777356185368,49.0,-1,-1,-1.0
12749,12749,27387.770842628463,-25288.509267972317,318.0,-1,-1,-1.0
12750,12750,9682.350493919635,-10964.659144598256,212.0,-1,-1,-1.0
12751,12751,19933.277193422746,-11573.931719559429,178.0,-1,-1,-1.0
12752,12752,-250.286244819501,10320.847992271338,107.0,-1,-1,-1.0
12753,12753,-14405.514742837016,-20249.19323153883,191.0,-1,-1,-1.0
12754,12754,-4644.507785376118,21967.893012514003,204.0,-1,-1,-1.0
12755,12755,24897.673799121098,9987.033734810706,86.0,-1,15,-1.0
12756,12756,-20552.57793661716,34406.93803929539,61.0,-1,-1,-1.0
12757,12757,30506.588446603277,-37744.766899846,276.0,-1,-1,-1.0
12758,12758,-10831.436750011611,-24234.21799118322,152.0,-1,-1,-1.0
12759,12759,-17368.033370371664,-31051.775070647112,152.0,-1,36,42.0
12760,12760,23988.842515790857,-13947.936546439229,441.0,-1,45,-1.0
12761,12761,-3951.613135240637,27969.267924851916,392.0,-1,48,-1.0
12762,12762,28335.2107453888,-8228.45917363809,489.0,-1,-1,-1.0
12763,12763,-19586.05449150187,27026.30260254061,238.0,-1,48,-1.0
12764,12764,2877.6028923199992,24575.27494026345,111.0,-1,-1,-1.0
12765,12765,-23745.977941460675,22120.17135789185,27.0,-1,-1,-1.0
12766,12766,-37410.044653188095,-19519.16876972356,42.0,-1,0,-1.0
12767,12767,19261.190799792283,14794.59570519987,62.0,-1,18,-1.0
12768,12768,17705.428499630536,-7089.7684437558855,198.0,-1,-1,-1.0
12769,12769,3272.932570119832,8832.246270945085,364.0,-1,27,-1.0
12770,12770,5366.151492051242,29757.144665326297,96.0,-1,48,58.0
12771,12771,13021.916090513296,30122.91356073721,71.0,-1,-1,-1.0
12772,12772,7366.120349229895,-22292.24836522257,207.0,-1,-1,-1.0
12773,12773,35581.31851807388,-10066.26175021279,320.0,-1,-1,-1.0
12774,12774,24955.62207535719,-31491.00488576716,226.0,-1,-1,-1.0
12775,12775,-26009.318790154703,15514.136654766742,365.0,-1,-1,-1.0
12776,12776,-37777.6181066044,24364.89878163238,97.0,-1,23,-1.0
12777,12777,29822.23539324081,39086.144740896096,228.0,-1,-1,-1.0
12778,12778,38545.92582028576,30717.83699149293,492.0,-1,10,-1.0
12779,12779,29464.50134393465,2948.8499972155623,427.0,-1,-1,-1.0
12780,12780,-18746.947804778865,31126.56364459006,144.0,-1,-1,-1.0
12781,12781,38867.98896075389,-11281.693427368637,34.0,-1,-1,-1.0
12782,12782,-8237.196735513538,-10285.204079117892,256.0,-1,31,-1.0
12783,12783,27636.23192994426,30753.1458533062,289.0,-1,-1,-1.0
12784,12784,-34438.54112006651,8571.785773343683,70.0,-1,-1,-1.0
12785,12785,-32406.59636035508,-27976.81517760254,426.0,-1,-1,-1.0
12786,12786,-28873.61040644625,39089.73222323558,220.0,-1,-1,-1.0
12787,12787,4856.777093606252,26782.253804032764,490.0,-1,-1,-1.0
12788,12788,-2090.689302202227,-10914.907607544268,487.0,-1,31,35.0
12789,12789,12659.8312194928,28028.671780322737,292.0,-1,-1,-1.0
12790,12790,-1901.3879361507131,-17815.471306776177,355.0,-1,31,-1.0
12791,12791,24700.02672715442,-39845.12366024508,75.0,-1,-1,-1.0
12792,12792,-13930.67732107638,16499.210544562695,70.0,-1,-1,-1.0
12793,12793,-31860.920477121777,-30308.10930320444,70.0,-1,-1,-1.0
12794,12794,8249.060226963746,39215.06402484745,190.0,-1,-1,-1.0
12795,12795,18704.430116483265,-39648.3210898813,338.0,-1,-1,-1.0
12796,12796,26839.72091083738,-11436.838656696658,437.0,-1,45,-1.0
12797,12797,-18973.66042539229,36933.8744774034,293.0,-1,-1,-1.0
12798,12798,-34389.87300030338,7634.946961432957,482.0,-1,-1,-1.0
12799,12799,-26399.07096060512,2009.8687432792208,410.0,-1,41,-1.0
12800,12800,-37754.463734209545,8393.497450189214,309.0,-1,-1,-1.0
12801,12801,27885.854932426097,2565.6416659102542,95.0,-1,-1,-1.0
12802,12802,-625.6023422744693,33173.237420528894,101.0,-1,-1,-1.0
12803,12803,25583.524797956765,10984.642299806335,77.0,-1,15,-1.0
12804,12804,-23466.828751103392,29464.810982571085,46.0,-1,-1,-1.0
12805,12805,34785.85973650875,21227.124142566245,274.0,-1,28,-1.0
12806,12806,30961.83781385653,10736.43177150681,489.0,-1,-1,-1.0
12807,12807,-9476.832991784357,13286.286956745018,153.0,-1,27,-1.0
12808,12808,39090.24069270164,-30056.737774160265,42.0,-1,-1,-1.0
12809,12809,24643.572541493777,-12494.466641153163,344.0,-1,-1,-1.0
12810,12810,-10187.624376244235,-37693.773369341485,308.0,-1,-1,-1.0
12811,12811,-23789.382135839114,-7756.746228552914,295.0,-1,-1,-1.0
12812,12812,-15838.444414744305,38502.6324854524,356.0,-1,-1,-1.0
12813,12813,32477.552504286024,29618.162312654124,42.0,-1,-1,-1.0
12814,12814,-26138.23844590825,10147.45789651032,466.0,-1,-1,-1.0
12815,12815,-11213.895142924825,24563.08647850335,162.0,-1,-1,-1.0
12816,12816,-9398.829241090578,12917.698288358974,260.0,-1,27,-1.0
12817,12817,-8713.709882284758,18073.572071252835,428.0,-1,-1,-1.0
12818,12818,-26857.49278596544,-28994.562751973317,220.0,-1,-1,-1.0
12819,12819,16280.959637241249,25363.568718237344,63.0,-1,9,-1.0
12820,12820,-15852.81786693785,4797.132523068809,354.0,-1,26,-1.0
12821,12821,-24885.243822926856,-12029.699060753215,497.0,-1,-1,-1.0
12822,12822,-22174.936132597035,-23389.772371008385,430.0,-1,36,-1.0
12823,12823,3400.8243010986557,-38251.97774996899,201.0,-1,1,-1.0
12824,12824,-2861.891998203886,-39948.31951308064,117.0,-1,-1,-1.0
12825,12825,-39671.710626883534,24588.246465341545,21.0,-1,-1,-1.0
12826,12826,11538.97751538831,-36550.51578452338,484.0,-1,4,-1.0
12827,12827,13698.532769283796,-15874.9065913591,368.0,-1,-1,-1.0
12828,12828,-25967.78809687728,13518.318047694142,498.0,-1,-1,-1.0
12829,12829,6730.235659734426,-13978.255428023916,185.0,-1,31,-1.0
12830,12830,-32523.81608387295,-4735.124787339628,446.0,-1,-1,-1.0
12831,12831,21178.230210093032,-24313.492610317157,28.0,-1,-1,-1.0
12832,12832,4521.621142850781,-2596.1311324288545,303.0,-1,-1,-1.0
12833,12833,31387.316746612807,-30423.441153907937,249.0,-1,-1,-1.0
12834,12834,-38214.88643777679,-32544.180728452084,287.0,-1,20,-1.0
12835,12835,24095.80097134079,15895.507844475396,483.0,-1,-1,-1.0
12836,12836,36401.41192318568,-7792.76269852967,263.0,-1,-1,-1.0
12837,12837,34537.95057929157,7037.036815161875,294.0,-1,28,-1.0
12838,12838,20086.34916955645,30988.76865366586,458.0,-1,30,-1.0
12839,12839,-8201.976975191697,28653.50785407226,172.0,-1,-1,-1.0
12840,12840,14760.435525462815,-35239.09441625901,229.0,-1,-1,-1.0
12841,12841,-26908.56511805473,-26305.390218945784,493.0,-1,-1,-1.0
12842,12842,-4947.160843061596,-22859.78438587142,353.0,-1,-1,-1.0
12843,12843,-1231.805570790515,-26924.84169409033,222.0,-1,25,-1.0
12844,12844,16095.325231754096,-13482.736015410675,128.0,-1,-1,-1.0
12845,12845,29161.505104522177,-25313.50293538863,10.0,-1,-1,-1.0
12846,12846,-33926.48739686609,38500.37822574518,424.0,-1,5,-1.0
12847,12847,-14173.998578322502,-21902.64647669543,339.0,-1,-1,-1.0
12848,12848,-1661.9453350222975,19439.309464789905,485.0,-1,46,-1.0
12849,12849,12329.574833501596,13589.260275074865,174.0,-1,-1,-1.0
12850,12850,16702.116586789103,-24054.792362099502,399.0,-1,-1,-1.0
12851,12851,-15493.903363709906,34630.569728868184,400.0,-1,-1,-1.0
12852,12852,39627.045845288856,-35155.85671001532,173.0,-1,-1,-1.0
12853,12853,-34626.91933686722,-16008.860290699697,192.0,-1,-1,-1.0
12854,12854,28738.328102880347,-26431.872349317346,402.0,-1,-1,-1.0
12855,12855,-32133.659166504847,-8601.234039884283,111.0,-1,-1,-1.0
12856,12856,-39634.01115275139,-38281.46112164274,132.0,-1,-1,-1.0
12857,12857,-32664.85739956113,-20593.812875517997,158.0,-1,-1,-1.0
12858,12858,-29410.742955543865,-22374.08940415736,302.0,-1,39,-1.0
12859,12859,-24785.514887363443,6468.286202325857,365.0,-1,-1,-1.0
12860,12860,24718.343445716266,-35856.038864337075,388.0,-1,-1,-1.0
12861,12861,-8515.412646660872,8203.397877744923,347.0,-1,27,-1.0
12862,12862,15913.407266066271,23221.11866437473,475.0,-1,-1,-1.0
12863,12863,-30974.041569873538,-30247.83589651387,62.0,-1,-1,-1.0
12864,12864,24042.104877944752,-35803.98807802852,36.0,-1,-1,-1.0
12865,12865,-4712.797144574033,34397.721173403464,38.0,-1,48,-1.0
12866,12866,-38465.29619937524,31640.25072500363,346.0,-1,5,-1.0
12867,12867,35343.321579680065,6325.2199795968045,240.0,-1,28,-1.0
12868,12868,-19606.82561532248,32527.44488723561,240.0,-1,-1,-1.0
12869,12869,-25424.1416205346,-11365.946071658627,264.0,-1,-1,-1.0
12870,12870,-2162.990666184538,24220.343143100552,308.0,-1,-1,-1.0
12871,12871,-14226.47034588052,29716.43623586193,131.0,-1,-1,-1.0
12872,12872,14293.811136575554,-38430.97213277039,135.0,-1,-1,-1.0
12873,12873,-19454.12279546474,-35868.9554340742,38.0,-1,12,-1.0
12874,12874,-17752.119653362897,9548.250339865634,256.0,-1,-1,-1.0
12875,12875,-5901.782256599094,16991.87875938412,137.0,-1,-1,-1.0
12876,12876,8744.61617218837,4899.239759508055,266.0,-1,-1,-1.0
12877,12877,39668.28957561481,-21748.347248520928,499.0,-1,-1,-1.0
12878,12878,36780.32088527609,19027.212459908973,153.0,-1,28,-1.0
12879,12879,33275.39017049532,17447.416387149824,54.0,-1,-1,-1.0
12880,12880,-5.960741364964633,-22469.30727046883,319.0,-1,-1,-1.0
12881,12881,21538.449353948723,37141.93413526066,257.0,-1,30,-1.0
12882,12882,-34895.811311948586,-2436.2432903738445,321.0,-1,-1,-1.0
12883,12883,19062.195915226424,32388.815447217305,288.0,-1,30,-1.0
12884,12884,34375.46196066802,-16083.77018951954,79.0,-1,-1,-1.0
12885,12885,19688.626192501102,32265.48491030901,60.0,-1,30,-1.0
12886,12886,-27585.7975667238,-10233.887960316926,488.0,-1,-1,-1.0
12887,12887,36464.10820965876,14890.902709135626,431.0,-1,28,-1.0
12888,12888,34026.31373104871,893.643052226791,332.0,-1,-1,-1.0
12889,12889,7192.896947583664,-35968.221921357814,5.0,-1,1,-1.0
12890,12890,4348.014580674426,-33504.71716443538,341.0,-1,1,-1.0
12891,12891,36405.06864440261,26579.87060074561,344.0,-1,10,-1.0
12892,12892,34244.134578780984,-39875.81616097711,353.0,-1,-1,-1.0
12893,12893,33254.6698832554,19195.566389834057,383.0,-1,-1,-1.0
12894,12894,-5582.663607792507,-21501.11069928478,132.0,-1,7,-1.0
12895,12895,34045.92290533705,36981.50094847064,483.0,-1,-1,-1.0
12896,12896,34810.73393851955,36371.428354200776,267.0,-1,11,-1.0
12897,12897,-14516.882256390476,-1418.542179125965,405.0,-1,-1,-1.0
12898,12898,36146.41133943206,-35252.48412929477,418.0,-1,21,-1.0
12899,12899,19606.53597815689,-12259.528394723757,292.0,-1,-1,-1.0
12900,12900,11730.804362683404,-4827.70306015083,213.0,-1,-1,-1.0
12901,12901,17533.908218942088,-26049.10996932428,245.0,-1,3,-1.0
12902,12902,-26769.795816676487,-37602.19858665978,142.0,-1,-1,-1.0
12903,12903,29163.493046352876,38981.53392104605,85.0,-1,-1,-1.0
12904,12904,-17169.21196141719,-30614.121823262543,346.0,-1,36,-1.0
12905,12905,19016.634774550315,30482.227548617928,353.0,-1,30,-1.0
12906,12906,39694.35443158394,26457.432588648822,262.0,-1,-1,-1.0
12907,12907,32061.809561663147,-22595.071109895245,327.0,-1,45,51.0
12908,12908,-6419.572848282878,38642.656777056734,290.0,-1,-1,-1.0
12909,12909,8111.889647258489,10449.955193882071,470.0,-1,-1,-1.0
12910,12910,16515.07062495919,-26660.619199773184,138.0,-1,-1,-1.0
12911,12911,-17669.338421764573,-8422.751975990854,365.0,-1,-1,-1.0
12912,12912,-10823.27468563114,21967.614948376708,272.0,-1,-1,-1.0
12913,12913,-24963.618914278748,-35755.03161567949,234.0,-1,-1,-1.0
12914,12914,-15366.068712991608,20647.760957926534,28.0,-1,-1,-1.0
12915,12915,-13009.37479278848,-6047.861463534333,361.0,-1,-1,-1.0
12916,12916,34884.615199083724,9261.4873511908,315.0,-1,28,-1.0
12917,12917,19490.37989559211,19744.644918140904,290.0,-1,18,-1.0
12918,12918,8319.460974347734,-34121.54206087244,151.0,-1,-1,-1.0
12919,12919,37583.65057667976,16854.887056645624,330.0,-1,-1,-1.0
12920,12920,18583.645900637683,18725.102882474057,212.0,-1,18,-1.0
12921,12921,-33336.79283164611,-56.84592388210877,305.0,-1,-1,-1.0
12922,12922,11442.924997580849,-38698.888911144335,315.0,-1,-1,-1.0
12923,12923,22886.328027147567,294.1185181899127,415.0,-1,-1,-1.0
12924,12924,-37202.575717136686,-25302.82639801133,380.0,-1,-1,-1.0
12925,12925,-8930.088147634815,12320.67671323412,58.0,-1,27,-1.0
12926,12926,-39836.27998360671,-38573.8775663466,220.0,-1,-1,-1.0
12927,12927,-32838.368855005465,38738.10088906132,34.0,-1,-1,-1.0
12928,12928,-30928.1668130495,-24246.858039876613,128.0,-1,-1,-1.0
12929,12929,-27228.61881922648,-21739.779976756014,441.0,-1,39,-1.0
12930,12930,-21194.454356545262,-14617.261082064062,13.0,-1,-1,-1.0
12931,12931,-35933.21381587395,9360.53355908784,258.0,-1,24,-1.0
12932,12932,38790.30200856882,-33711.67245455452,161.0,-1,-1,-1.0
12933,12933,25349.560115140503,25617.649655813628,429.0,-1,-1,-1.0
12934,12934,-19408.087946088974,-32990.99973688976,8.0,-1,-1,-1.0
12935,12935,-7041.7666463694695,29902.071476765545,337.0,-1,-1,-1.0
12936,12936,6947.815396251834,8020.606242195303,262.0,-1,-1,-1.0
12937,12937,23044.200772063028,-3740.444368208024,388.0,-1,44,-1.0
12938,12938,-4682.412637093075,39417.08291873973,265.0,-1,-1,-1.0
12939,12939,5869.170819329964,15841.708532748557,287.0,-1,8,-1.0
12940,12940,-20911.691471680784,-36998.83711902011,305.0,-1,-1,-1.0
12941,12941,-6823.004401046768,-8117.441357427975,174.0,-1,31,36.0
12942,12942,-8736.659345356089,8895.971526222158,442.0,-1,27,-1.0
12943,12943,-3833.577934236469,7864.631485876969,313.0,-1,-1,-1.0
12944,12944,-26695.467799013237,16712.84397949482,396.0,-1,40,-1.0
12945,12945,-16647.915812793606,2549.949257560256,230.0,-1,-1,-1.0
12946,12946,15688.63199609251,-24413.209564858065,16.0,-1,-1,-1.0
12947,12947,17332.09722510133,4402.982617299887,74.0,-1,-1,-1.0
12948,12948,-34778.39539430643,-7986.225178610854,415.0,-1,-1,-1.0
12949,12949,5447.9892368492,-9482.34776265072,64.0,-1,31,-1.0
12950,12950,-39395.17860672731,11519.768491463306,75.0,-1,-1,-1.0
12951,12951,28086.05189875668,15927.431429193406,91.0,-1,-1,-1.0
12952,12952,-38730.09103753502,-15284.430040129797,82.0,-1,-1,-1.0
12953,12953,8423.274881116638,-31735.21923652653,469.0,-1,-1,-1.0
12954,12954,-33264.91780937599,18279.66865222249,411.0,-1,-1,-1.0
12955,12955,-22023.438202076537,-19392.15627331224,129.0,-1,-1,-1.0
12956,12956,15097.622499208495,29833.314767837077,383.0,-1,-1,-1.0
12957,12957,-13335.628827107415,-3864.910085033691,36.0,-1,-1,-1.0
12958,12958,-4790.43075958205,9324.880129881094,287.0,-1,-1,-1.0
12959,12959,22546.303755181674,2002.264963139627,232.0,-1,-1,-1.0
12960,12960,-32361.39586772606,-31124.769065493118,295.0,-1,-1,-1.0
12961,12961,-12236.84331318248,3640.9398729437303,214.0,-1,26,-1.0
12962,12962,29710.472987347646,10006.572144864513,72.0,-1,-1,-1.0
12963,12963,35434.82601385465,-31904.162246393968,111.0,-1,-1,-1.0
12964,12964,27938.630374686167,-19547.142574917118,480.0,-1,45,-1.0
12965,12965,-23119.815371935947,26099.99801190816,66.0,-1,48,-1.0
12966,12966,-6460.371758221649,-37564.207331387865,315.0,-1,-1,-1.0
12967,12967,4292.497123752553,34489.83945422694,467.0,-1,-1,-1.0
12968,12968,8380.299300482133,-36819.64106938055,112.0,-1,1,-1.0
12969,12969,21119.607665408155,16957.643031869222,446.0,-1,18,-1.0
12970,12970,-35967.769622677486,16401.163530990918,30.0,-1,-1,-1.0
12971,12971,-10214.557956466771,-556.9486095491084,404.0,-1,-1,-1.0
12972,12972,-3654.423368772317,-9749.010333305916,471.0,-1,31,-1.0
12973,12973,-32495.483183899018,-25007.685643082263,435.0,-1,-1,-1.0
12974,12974,-2547.3038465682475,31373.744459025824,260.0,-1,-1,-1.0
12975,12975,15565.630484407826,21467.018208444504,496.0,-1,-1,-1.0
12976,12976,3978.3259816953287,-16149.619351185393,377.0,-1,31,-1.0
12977,12977,23431.380759301283,-35568.797715106244,341.0,-1,-1,-1.0
12978,12978,35950.17849064684,28279.19807543297,277.0,-1,10,-1.0
12979,12979,21708.96462219899,7474.753786510373,196.0,-1,-1,-1.0
12980,12980,-5370.074026436785,33418.24742191455,211.0,-1,-1,-1.0
12981,12981,17842.401431855644,-21453.23786727772,206.0,-1,-1,-1.0
12982,12982,-17386.963440536496,4872.770871113105,113.0,-1,-1,-1.0
12983,12983,-19938.53745456513,9644.568468406696,46.0,-1,-1,-1.0
12984,12984,-7922.57704910541,-1509.507997820183,5.0,-1,-1,-1.0
12985,12985,12772.867210032511,17434.697270992503,335.0,-1,-1,-1.0
12986,12986,-5433.665685859087,-1080.8715172761222,206.0,-1,-1,-1.0
12987,12987,-34428.43122120664,-3867.1015668074906,436.0,-1,-1,-1.0
12988,12988,35251.57432809865,-23759.536781926487,88.0,-1,-1,-1.0
12989,12989,20458.014193076306,-2259.582985661742,469.0,-1,-1,-1.0
12990,12990,19143.39561536364,392.7426502024391,499.0,-1,-1,-1.0
12991,12991,25231.830162670725,25148.98142336424,125.0,-1,18,-1.0
12992,12992,-17088.408204555224,-39633.2804503786,497.0,-1,-1,-1.0
12993,12993,-36335.86408032548,-4617.245197263997,172.0,-1,-1,-1.0
12994,12994,-6824.256815623252,-27223.670390515792,470.0,-1,25,-1.0
12995,12995,1752.2916300247743,-22258.980881923264,454.0,-1,31,-1.0
12996,12996,26554.488293021463,303.58180308691226,435.0,-1,-1,-1.0
12997,12997,-31728.746535333103,33948.35197685764,250.0,-1,-1,-1.0
12998,12998,-16305.169162751548,23287.299158522143,239.0,-1,-1,-1.0
12999,12999,15318.40485453423,-4442.411050601171,286.0,-1,13,-1.0
13000,13000,-1568.5851505610844,4672.220063497727,375.0,-1,27,-1.0
13001,13001,-19728.56262899045,36067.71214599679,132.0,-1,-1,-1.0
13002,13002,-25739.71636077537,7122.721249185379,224.0,-1,-1,-1.0
13003,13003,14087.86713809758,179.44189755374828,160.0,-1,-1,-1.0
13004,13004,36077.32134716162,25347.41297456027,248.0,-1,10,-1.0
13005,13005,27168.45756686901,12646.271722491763,201.0,-1,15,-1.0
13006,13006,-28233.0758007277,5856.920185496681,266.0,-1,-1,-1.0
13007,13007,7560.856275456419,-693.1965670417558,270.0,-1,-1,-1.0
13008,13008,-15805.124222143557,-32847.1974913339,183.0,-1,36,42.0
13009,13009,36428.24240972291,1603.6800464798362,490.0,-1,28,-1.0
13010,13010,22684.98108435116,24815.357916735084,156.0,-1,-1,-1.0
13011,13011,21545.235788190163,32993.15028197014,485.0,-1,-1,-1.0
13012,13012,-10368.70299758183,-39544.00434661193,254.0,-1,-1,-1.0
13013,13013,-27615.09967215293,6455.087191356077,73.0,-1,-1,-1.0
13014,13014,29313.228042149567,14686.31102987851,443.0,-1,-1,-1.0
13015,13015,-39170.217177221726,7033.226215015144,312.0,-1,-1,-1.0
13016,13016,34116.22486143824,27416.240684376466,199.0,-1,10,-1.0
13017,13017,-6840.461174416603,5941.676568077353,39.0,-1,27,-1.0
13018,13018,39297.35067164923,5829.2960666293,248.0,-1,-1,-1.0
13019,13019,-14388.5460649616,-8637.863063930603,216.0,-1,-1,-1.0
13020,13020,16670.46313747186,-38152.17688466239,106.0,-1,-1,-1.0
13021,13021,-31388.234329461546,-16718.71911921948,72.0,-1,-1,-1.0
13022,13022,32724.52336779183,-4746.173198725308,167.0,-1,33,-1.0
13023,13023,-1717.5474575279295,-14866.66999762342,333.0,-1,31,-1.0
13024,13024,29777.070844731803,20911.30862361669,432.0,-1,-1,-1.0
13025,13025,-17088.77098823855,39683.8015811808,342.0,-1,-1,-1.0
13026,13026,7244.270301706216,31694.72718548827,288.0,-1,-1,-1.0
13027,13027,-27913.41993596535,-30223.532212677677,389.0,-1,-1,-1.0
13028,13028,-33796.44080528517,11104.46132531202,447.0,-1,24,-1.0
13029,13029,39831.725758807486,-15260.602327671346,360.0,-1,-1,-1.0
13030,13030,26245.704317058426,34160.338542501384,96.0,-1,30,-1.0
13031,13031,265.86696358466725,38391.24421569363,371.0,-1,-1,-1.0
13032,13032,5474.818075505835,-3412.6550391447017,35.0,-1,-1,-1.0
13033,13033,37868.60684947303,12186.558797850565,308.0,-1,-1,-1.0
13034,13034,7442.029891391059,11148.759306995396,417.0,-1,8,-1.0
13035,13035,23656.504192910004,-28009.35797012067,426.0,-1,-1,-1.0
13036,13036,-31618.82914464925,3916.9825295776022,268.0,-1,29,-1.0
13037,13037,12428.748962721533,-34862.4399425773,89.0,-1,4,-1.0
13038,13038,-13082.404461919845,23986.909658367116,243.0,-1,48,-1.0
13039,13039,-12600.004414814608,18876.208898247263,106.0,-1,-1,-1.0
13040,13040,28197.55514084836,4458.05860685878,361.0,-1,-1,-1.0
13041,13041,36115.356103683065,-9953.281836142516,47.0,-1,-1,-1.0
13042,13042,23870.55419530318,-6841.793136079876,418.0,-1,-1,-1.0
13043,13043,-9977.01593745199,-13420.999930427708,0.0,-1,31,-1.0
13044,13044,-30052.16587226618,-17298.548007038396,122.0,-1,-1,-1.0
13045,13045,19338.76985386193,-9469.401156310858,269.0,-1,44,50.0
13046,13046,-4166.62333655751,10891.75853973796,353.0,-1,-1,-1.0
13047,13047,6133.947823435388,-27925.876340813436,109.0,-1,31,-1.0
13048,13048,15700.863957040026,-3417.834994501158,0.0,-1,-1,-1.0
13049,13049,-34598.235938287646,-20455.4588857643,131.0,-1,-1,-1.0
13050,13050,12279.31806642159,4084.6209143295055,366.0,-1,-1,-1.0
13051,13051,-25357.70170114559,24818.2046388338,9.0,-1,48,-1.0
13052,13052,16405.725285025554,-25793.42212405852,157.0,-1,3,-1.0
13053,13053,24758.940002760188,-15400.19677052422,102.0,-1,-1,-1.0
13054,13054,31166.89279688416,-31819.863191410408,258.0,-1,-1,-1.0
13055,13055,-2417.6391992443823,-15661.733657597271,170.0,-1,31,-1.0
13056,13056,3929.512065842362,14358.71218761881,1.0,-1,-1,-1.0
13057,13057,-30450.651720282414,336.9775617801424,147.0,-1,-1,-1.0
13058,13058,10738.50893868054,35340.98125900388,302.0,-1,-1,-1.0
13059,13059,16218.29474012088,5792.429028587358,293.0,-1,2,-1.0
13060,13060,26618.663769773528,-3597.1159953615643,40.0,-1,-1,-1.0
13061,13061,-11241.24712701776,-33031.0682326057,248.0,-1,-1,-1.0
13062,13062,-21254.3910021446,-32340.358393515977,270.0,-1,-1,-1.0
13063,13063,-10702.970638548812,-9173.315585735978,199.0,-1,-1,-1.0
13064,13064,4263.261564523418,-33910.13878990119,208.0,-1,1,-1.0
13065,13065,20937.220883214548,34602.185567673034,51.0,-1,30,-1.0
13066,13066,34388.80484491955,9072.98135166955,379.0,-1,28,-1.0
13067,13067,-37626.6914054544,-13671.467891085384,22.0,-1,-1,-1.0
13068,13068,-23042.77853119486,-7465.768922400846,315.0,-1,-1,-1.0
13069,13069,-18277.43195626021,-12335.69835200746,292.0,-1,42,-1.0
13070,13070,15057.050016287008,34833.31404161379,63.0,-1,-1,-1.0
13071,13071,-38500.12198781757,19332.916514837874,398.0,-1,-1,-1.0
13072,13072,26788.538388170724,7611.450183971181,346.0,-1,15,-1.0
13073,13073,-23262.189218587857,-19013.813687616388,429.0,-1,-1,-1.0
13074,13074,-32786.28033731383,21843.234982387992,469.0,-1,-1,-1.0
13075,13075,-7730.733941742648,34960.42108123955,321.0,-1,-1,-1.0
13076,13076,14038.625693605303,26393.11671627352,426.0,-1,-1,-1.0
13077,13077,25978.23686126653,-25261.07921815773,62.0,-1,45,-1.0
13078,13078,-36906.51636052088,19182.611481156127,111.0,-1,23,-1.0
13079,13079,-32035.58772085713,7877.575118525419,331.0,-1,-1,-1.0
13080,13080,2722.2161047779955,-10300.17179499806,121.0,-1,31,-1.0
13081,13081,26682.60872098949,22575.282086353905,19.0,-1,-1,-1.0
13082,13082,-5133.844523683663,34796.66558498259,338.0,-1,48,-1.0
13083,13083,37168.083210991055,18906.853770867907,201.0,-1,28,-1.0
13084,13084,1094.0501575647068,32983.96754521859,142.0,-1,-1,-1.0
13085,13085,-16400.08276108805,12915.61202776889,426.0,-1,-1,-1.0
13086,13086,-3572.2736104315627,39480.50381821091,70.0,-1,-1,-1.0
13087,13087,-23723.93466859161,-1195.91651003484,223.0,-1,-1,-1.0
13088,13088,6904.414234714619,12171.837016404788,296.0,-1,8,-1.0
13089,13089,-3681.696183889188,18184.28107197855,270.0,-1,46,-1.0
13090,13090,30080.83545103829,35135.33307655984,313.0,-1,-1,-1.0
13091,13091,6985.885025163523,21215.814909953537,79.0,-1,-1,-1.0
13092,13092,35792.4537143865,-8107.07369417126,330.0,-1,33,-1.0
13093,13093,23395.84776773071,15572.823520854974,283.0,-1,-1,-1.0
13094,13094,1410.4069965672898,-34722.36805969481,4.0,-1,-1,-1.0
13095,13095,-1540.1872681791428,-20961.4972718696,321.0,-1,-1,-1.0
13096,13096,4647.304794452699,23683.06644889389,55.0,-1,-1,-1.0
13097,13097,21684.49997529036,27043.83994215919,263.0,-1,-1,-1.0
13098,13098,-37469.77428346191,22036.462998861916,65.0,-1,-1,-1.0
13099,13099,17544.529914403218,15379.216964440704,474.0,-1,18,-1.0
13100,13100,-29837.88120934064,4747.847041741305,371.0,-1,-1,-1.0
13101,13101,35320.44250263534,-12466.318269250129,110.0,-1,-1,-1.0
13102,13102,6330.112883641661,32705.22237149517,448.0,-1,47,-1.0
13103,13103,29058.353816826784,-36306.737690071546,364.0,-1,-1,-1.0
13104,13104,-32794.00909251228,-19831.726694116394,462.0,-1,-1,-1.0
13105,13105,-9325.227333586998,-2072.621616310484,138.0,-1,-1,-1.0
13106,13106,39441.9079687279,31546.033043935317,398.0,-1,-1,-1.0
13107,13107,-31191.29517091969,-31055.148428263405,279.0,-1,34,-1.0
13108,13108,8874.305702032289,217.68171591062853,312.0,-1,-1,-1.0
13109,13109,39409.933126313,-18468.56229838652,245.0,-1,-1,-1.0
13110,13110,9715.035249486127,-11513.889057960478,34.0,-1,-1,-1.0
13111,13111,-25108.271041870285,-15060.348253962016,84.0,-1,-1,-1.0
13112,13112,1766.7589084922438,30359.926318370854,214.0,-1,-1,-1.0
13113,13113,-36915.677158333405,4123.211440634106,211.0,-1,-1,-1.0
13114,13114,11979.839515767895,-1780.7702848787012,364.0,-1,-1,-1.0
13115,13115,-28078.7749926376,-30894.471565000644,442.0,-1,-1,-1.0
13116,13116,-22100.812973535914,21060.861142882102,79.0,-1,37,-1.0
13117,13117,-1236.4081771334531,30719.15553589009,341.0,-1,48,57.0
13118,13118,10495.126648684294,-12105.360100331489,261.0,-1,13,-1.0
13119,13119,-28257.543152660277,33075.24282497284,404.0,-1,-1,-1.0
13120,13120,-30686.062340938883,-35700.154965284004,421.0,-1,-1,-1.0
13121,13121,-32479.69244632369,-32511.623329913127,337.0,-1,-1,-1.0
13122,13122,-16718.24115610513,-21664.72163757887,141.0,-1,-1,-1.0
13123,13123,22350.460701001142,-36191.67587893898,23.0,-1,-1,-1.0
13124,13124,-23956.837414728358,-14249.110227892608,283.0,-1,-1,-1.0
13125,13125,-11297.633069830405,36898.91898697379,118.0,-1,48,-1.0
13126,13126,-13386.119388320592,-438.0934821758856,379.0,-1,-1,-1.0
13127,13127,25540.789512618765,-20191.9522354686,289.0,-1,-1,-1.0
13128,13128,5859.547294469972,23693.849489595144,259.0,-1,-1,-1.0
13129,13129,22297.337780324186,22961.603104403832,497.0,-1,-1,-1.0
13130,13130,-24275.169582911185,20500.75506747656,298.0,-1,37,-1.0
13131,13131,-20512.90581830619,-27058.00329405568,131.0,-1,-1,-1.0
13132,13132,-8276.62548084687,12396.073782675005,24.0,-1,27,-1.0
13133,13133,-32392.802481338826,11976.551901890314,190.0,-1,-1,-1.0
13134,13134,-2747.5247565047102,-25272.849407577494,404.0,-1,25,-1.0
13135,13135,38713.76261447085,36562.24138743851,348.0,-1,-1,-1.0
13136,13136,-9169.35488891739,35546.01558017028,367.0,-1,48,60.0
13137,13137,10202.85226498596,23685.546599937,457.0,-1,48,56.0
13138,13138,-34036.91968644307,4319.329124590768,494.0,-1,-1,-1.0
13139,13139,22496.952397216395,38823.20262559266,103.0,-1,-1,-1.0
13140,13140,-9712.41562092767,-37333.58363891862,207.0,-1,-1,-1.0
13141,13141,-34989.909530677054,-10821.583039802968,270.0,-1,-1,-1.0
13142,13142,-19943.0433240618,6638.163636299127,10.0,-1,-1,-1.0
13143,13143,22956.922990277213,-31904.84741352911,417.0,-1,-1,-1.0
13144,13144,-6947.606068734,-31862.438179390894,464.0,-1,-1,-1.0
13145,13145,-9224.325282683276,-21237.50348458856,385.0,-1,-1,-1.0
13146,13146,4356.454845651657,-25005.4609754386,169.0,-1,31,-1.0
13147,13147,-28064.711541532783,5809.60332076707,334.0,-1,-1,-1.0
13148,13148,22812.282283683307,-8564.917495433234,175.0,-1,-1,-1.0
13149,13149,8896.497479742473,37770.36157585493,457.0,-1,-1,-1.0
13150,13150,-9644.65489499406,34424.362649388335,483.0,-1,-1,-1.0
13151,13151,-37724.214667533895,-22785.889331766262,395.0,-1,-1,-1.0
13152,13152,-39232.204857720055,-8247.240864444888,148.0,-1,-1,-1.0
13153,13153,23890.254254753032,36807.46446124847,120.0,-1,-1,-1.0
13154,13154,33648.31373351929,-23596.7628445656,484.0,-1,45,-1.0
13155,13155,-39020.61811806834,11335.379921563268,480.0,-1,-1,-1.0
13156,13156,1356.0379309738637,4095.6647069274695,250.0,-1,-1,-1.0
13157,13157,25884.67716232581,-29934.425779491816,149.0,-1,45,-1.0
13158,13158,-12094.87403647821,-37498.46074436186,293.0,-1,-1,-1.0
13159,13159,-2492.2549716121503,29825.84886758041,421.0,-1,-1,-1.0
13160,13160,38263.18834717135,4880.339551426361,209.0,-1,28,-1.0
13161,13161,19744.07286824177,24416.11904820896,420.0,-1,18,-1.0
13162,13162,13029.937100310788,-33714.468372798736,329.0,-1,4,-1.0
13163,13163,-22550.533899602877,-30273.449382724462,196.0,-1,-1,-1.0
13164,13164,-8093.615939669093,-30891.0746684741,73.0,-1,-1,-1.0
13165,13165,-12170.176953347152,-29370.77709060438,495.0,-1,-1,-1.0
13166,13166,36238.28252646612,2190.641063903829,441.0,-1,28,-1.0
13167,13167,38147.38561358588,-30551.66691513617,394.0,-1,-1,-1.0
13168,13168,-17264.339416594696,11449.33392558994,232.0,-1,-1,-1.0
13169,13169,-9807.714549636568,-7621.553110651814,412.0,-1,31,-1.0
13170,13170,-35317.569419840016,35534.5601206523,410.0,-1,5,-1.0
13171,13171,-22516.516557853534,39992.324235355656,412.0,-1,-1,-1.0
13172,13172,364.4787228549831,-10081.240542281736,314.0,-1,31,-1.0
13173,13173,1727.0804857921903,-680.1390054911972,492.0,-1,-1,-1.0
13174,13174,-13646.326192414765,15006.478800402132,57.0,-1,-1,-1.0
13175,13175,-3943.900814187262,10297.795159671834,317.0,-1,27,-1.0
13176,13176,21767.51583653286,-32668.166183174555,193.0,-1,-1,-1.0
13177,13177,-38755.42841223592,26601.143783736377,159.0,-1,-1,-1.0
13178,13178,-22149.13589394075,11147.816518702544,295.0,-1,40,-1.0
13179,13179,3174.0191499705543,17861.509201383327,356.0,-1,-1,-1.0
13180,13180,36309.34462768263,11738.166767035897,487.0,-1,28,-1.0
13181,13181,-31199.548081014105,-26447.213428763687,112.0,-1,-1,-1.0
13182,13182,24265.151158478984,-2213.3575472621237,423.0,-1,-1,-1.0
13183,13183,-1135.2229405654434,36627.66056505118,275.0,-1,48,57.0
13184,13184,37.66667713611969,29495.010365846523,378.0,-1,48,57.0
13185,13185,-39632.40251474378,-14023.74703538551,262.0,-1,-1,-1.0
13186,13186,-29939.28511770351,-12445.468948901573,199.0,-1,-1,-1.0
13187,13187,4264.504618637599,38730.52599150907,108.0,-1,-1,-1.0
13188,13188,-20333.6603659958,-27037.196452154763,118.0,-1,-1,-1.0
13189,13189,-5502.960601133069,4431.081872095485,190.0,-1,-1,-1.0
13190,13190,19469.515988480845,24437.186266440516,123.0,-1,18,-1.0
13191,13191,-21422.474319101835,38630.81114100239,421.0,-1,-1,-1.0
13192,13192,-36365.41882681631,20602.923646813502,476.0,-1,-1,-1.0
13193,13193,-30419.98103161749,30100.352594601005,493.0,-1,-1,-1.0
13194,13194,-8515.808946367702,1796.158678710417,31.0,-1,-1,-1.0
13195,13195,-324.41831283872307,6191.652401230625,109.0,-1,27,-1.0
13196,13196,11974.473580847574,-34227.4275655579,346.0,-1,4,-1.0
13197,13197,6499.012706723108,36933.33696573993,172.0,-1,-1,-1.0
13198,13198,-36609.13330794341,-19138.26595179373,426.0,-1,-1,-1.0
13199,13199,20540.58935936566,-9866.234890908265,69.0,-1,44,-1.0
13200,13200,15024.134256113975,7465.502627182373,264.0,-1,-1,-1.0
13201,13201,-37861.84970313499,-34680.86627774337,230.0,-1,-1,-1.0
13202,13202,11177.361317275638,-20628.84425918309,371.0,-1,-1,-1.0
13203,13203,-21018.084638930683,-34430.71958962309,374.0,-1,-1,-1.0
13204,13204,-33024.25657354929,4672.560496493577,363.0,-1,-1,-1.0
13205,13205,21597.278515047285,-35332.86840383374,312.0,-1,-1,-1.0
13206,13206,-34948.18528355618,33627.4841198565,374.0,-1,5,-1.0
13207,13207,33300.712376154566,-36575.44904021016,113.0,-1,-1,-1.0
13208,13208,24610.32789011179,-30818.06783833292,156.0,-1,-1,-1.0
13209,13209,9363.927147041366,32246.97500092513,142.0,-1,47,-1.0
13210,13210,29304.68515405356,30265.93381238985,422.0,-1,-1,-1.0
13211,13211,23071.460523777947,37070.2189855872,6.0,-1,30,-1.0
13212,13212,9448.360591851218,11714.581067779276,148.0,-1,-1,-1.0
13213,13213,-11562.886305111268,24733.88614975576,441.0,-1,-1,-1.0
13214,13214,-38367.26301490684,231.08840084248368,24.0,-1,-1,-1.0
13215,13215,10058.034389237177,-30033.34528786243,75.0,-1,-1,-1.0
13216,13216,23124.927457189653,7750.733078828205,183.0,-1,-1,-1.0
13217,13217,-12744.620462128583,6797.413318118553,210.0,-1,-1,-1.0
13218,13218,-34888.65928858829,24311.58417574409,173.0,-1,-1,-1.0
13219,13219,25471.660346493045,-34840.27877949902,146.0,-1,-1,-1.0
13220,13220,-13199.734523336345,35684.7843932228,484.0,-1,-1,-1.0
13221,13221,-30132.427750992,32156.8583832266,360.0,-1,6,-1.0
13222,13222,-17813.778066174324,33111.53010075839,440.0,-1,-1,-1.0
13223,13223,-1202.8482942434712,29349.785518583278,422.0,-1,-1,-1.0
13224,13224,34643.044222510114,28813.38757698782,66.0,-1,10,-1.0
13225,13225,2844.0879186678285,36301.06433220899,449.0,-1,48,-1.0
13226,13226,-38363.24393809823,-37909.24643754425,46.0,-1,19,-1.0
13227,13227,-33513.50040879731,25688.631520525945,492.0,-1,-1,-1.0
13228,13228,16631.098055242663,-19587.04864727099,293.0,-1,-1,-1.0
13229,13229,-33306.15405592629,-20513.54826897625,164.0,-1,-1,-1.0
13230,13230,9790.53571792569,-13385.654872806408,35.0,-1,-1,-1.0
13231,13231,15423.229742935471,6505.394182273863,68.0,-1,-1,-1.0
13232,13232,15332.879161128689,21211.133716786164,120.0,-1,-1,-1.0
13233,13233,-15937.67774918196,5471.922251362928,311.0,-1,26,-1.0
13234,13234,-8666.41088124859,3867.9712798990513,428.0,-1,-1,-1.0
13235,13235,21192.0107109619,24589.73353920456,427.0,-1,-1,-1.0
13236,13236,9637.070438432776,-20423.945714934365,144.0,-1,-1,-1.0
13237,13237,-16526.670074249036,-17101.44067620395,328.0,-1,31,-1.0
13238,13238,38041.046118779326,833.9135546676407,201.0,-1,28,-1.0
13239,13239,-11051.68575587558,37273.781542643526,1.0,-1,48,-1.0
13240,13240,-15917.992799315,13011.09359980579,362.0,-1,-1,-1.0
13241,13241,-38284.8277926616,17013.782604436354,375.0,-1,-1,-1.0
13242,13242,-11908.080460704608,29354.515523506387,50.0,-1,48,-1.0
13243,13243,-1146.346983172174,10291.159172608284,472.0,-1,-1,-1.0
13244,13244,19389.51374813644,-25512.7685493144,167.0,-1,-1,-1.0
13245,13245,35400.07347229459,-10702.73988069972,336.0,-1,-1,-1.0
13246,13246,2079.0729746141224,-24875.38460124962,413.0,-1,-1,-1.0
13247,13247,-4147.311615785104,-12857.617510109723,453.0,-1,31,35.0
13248,13248,13092.954214335645,16262.899640125075,301.0,-1,-1,-1.0
13249,13249,-9843.216094226284,-1909.782131930428,84.0,-1,-1,-1.0
13250,13250,6813.787328375423,-12723.156909319445,469.0,-1,-1,-1.0
13251,13251,6227.279375952807,-33849.28812581692,314.0,-1,1,-1.0
13252,13252,-34503.75149042764,-9308.290381331582,200.0,-1,-1,-1.0
13253,13253,38369.02356353559,-24712.04448244867,4.0,-1,-1,-1.0
13254,13254,-6041.078405483706,18194.60928161221,170.0,-1,-1,-1.0
13255,13255,27280.94245889221,-32819.65457288309,137.0,-1,-1,-1.0
13256,13256,34061.92757074768,-22043.190499302767,282.0,-1,-1,-1.0
13257,13257,38789.58014251693,21336.814344295395,423.0,-1,-1,-1.0
13258,13258,-20219.470724250783,10886.33646376455,257.0,-1,-1,-1.0
13259,13259,-34274.647699818626,6743.889194570831,42.0,-1,-1,-1.0
13260,13260,-37716.3642022431,25683.37598037564,70.0,-1,23,-1.0
13261,13261,14978.90952183579,-6897.2128536870005,158.0,-1,13,-1.0
13262,13262,-15022.056769861454,-33587.736308706946,223.0,-1,36,-1.0
13263,13263,4250.016331534695,27930.60704378544,415.0,-1,48,-1.0
13264,13264,20784.960509431898,-28912.262319942314,439.0,-1,-1,-1.0
13265,13265,10364.08014866231,-28052.18327522581,333.0,-1,-1,-1.0
13266,13266,22897.89083286253,15823.065242887402,139.0,-1,-1,-1.0
13267,13267,-23894.2019158208,-25979.78557450721,258.0,-1,-1,-1.0
13268,13268,-9328.297859903065,38529.87029564507,99.0,-1,48,57.0
13269,13269,-121.58887685812078,-21658.913963768668,40.0,-1,-1,-1.0
13270,13270,-33561.803225861426,-21237.027028271317,21.0,-1,-1,-1.0
13271,13271,-35043.79341419124,-2303.6407332305243,326.0,-1,-1,-1.0
13272,13272,-9499.15811715984,-22851.710299828457,25.0,-1,-1,-1.0
13273,13273,27145.253289575427,35961.454673309665,299.0,-1,-1,-1.0
13274,13274,-14018.881219170376,-35929.45763706939,48.0,-1,36,-1.0
13275,13275,5787.551949122964,4695.420211327866,275.0,-1,-1,-1.0
13276,13276,39798.60483836678,23605.95326793743,62.0,-1,-1,-1.0
13277,13277,-2709.29226753804,-14672.314244646022,245.0,-1,31,-1.0
13278,13278,-14364.12909128018,-33214.35642280111,311.0,-1,36,-1.0
13279,13279,-19718.99107113283,-27630.162652161624,434.0,-1,-1,-1.0
13280,13280,13336.092329129076,38921.4325175158,72.0,-1,-1,-1.0
13281,13281,34741.55630959061,-9950.172164530864,199.0,-1,33,-1.0
13282,13282,-1083.0605472775717,-36069.543085129095,355.0,-1,-1,-1.0
13283,13283,2983.079944878388,4908.993782418169,417.0,-1,14,-1.0
13284,13284,34059.14569474623,24314.05794993205,40.0,-1,-1,-1.0
13285,13285,17931.969118318804,-20155.51246514464,385.0,-1,-1,-1.0
13286,13286,-9161.465790492895,33862.39984230496,460.0,-1,-1,-1.0
13287,13287,-22151.44196555866,17508.84830291102,51.0,-1,-1,-1.0
13288,13288,-23539.635293584808,-36711.12275946792,286.0,-1,-1,-1.0
13289,13289,-20651.896406469343,-32039.44418744385,226.0,-1,-1,-1.0
13290,13290,-39264.025274730855,27252.09980861933,267.0,-1,-1,-1.0
13291,13291,-27357.1039770943,34835.01979890815,11.0,-1,-1,-1.0
13292,13292,23818.215624451903,-28288.81254320097,141.0,-1,-1,-1.0
13293,13293,11091.825906665055,-14321.124274005875,389.0,-1,13,-1.0
13294,13294,32670.737885280483,-15015.666513184911,381.0,-1,-1,-1.0
13295,13295,26552.212685793973,-16346.487620548774,301.0,-1,45,-1.0
13296,13296,34611.00251427684,-4767.559817163026,148.0,-1,-1,-1.0
13297,13297,-9182.187006931848,-15453.329773350992,230.0,-1,31,-1.0
13298,13298,29492.05311168992,-31763.59656571842,135.0,-1,-1,-1.0
13299,13299,11338.02300720795,-19271.11028159528,411.0,-1,-1,-1.0
13300,13300,-20084.94010966493,30382.81027317654,117.0,-1,48,-1.0
13301,13301,-39636.9824492957,32817.979868831215,429.0,-1,5,-1.0
13302,13302,5672.3093348954135,19361.02690403937,430.0,-1,-1,-1.0
13303,13303,19633.892276174516,32689.977549609,0.0,-1,-1,-1.0
13304,13304,-23202.523908536605,-17539.90216296093,414.0,-1,-1,-1.0
13305,13305,-9778.086623338051,-31560.129823672505,175.0,-1,-1,-1.0
13306,13306,-12062.52733205651,23531.684814744334,355.0,-1,-1,-1.0
13307,13307,-15156.505894350004,12019.500502735493,340.0,-1,-1,-1.0
13308,13308,-12230.990484244878,-18695.156145613146,123.0,-1,31,-1.0
13309,13309,3537.4280028029243,-37713.31541989198,20.0,-1,1,-1.0
13310,13310,-37136.19296987151,36037.842993553,267.0,-1,5,6.0
13311,13311,37581.353207125256,12042.27151209463,435.0,-1,-1,-1.0
13312,13312,-25263.15124848341,12003.228062063305,375.0,-1,-1,-1.0
13313,13313,-38791.84198776167,26394.270782926906,329.0,-1,-1,-1.0
13314,13314,2331.2626163998284,4166.235590332566,8.0,-1,-1,-1.0
13315,13315,-32045.13879885921,-31353.59281991369,9.0,-1,-1,-1.0
13316,13316,-37204.06186927505,-8664.634908516568,173.0,-1,32,38.0
13317,13317,-8037.040435788247,-3411.185221296626,393.0,-1,-1,-1.0
13318,13318,38712.11207096769,33112.760782242825,268.0,-1,10,-1.0
13319,13319,-39596.15406563415,35824.72036642161,253.0,-1,-1,-1.0
13320,13320,20701.80297263743,-31639.82266363593,27.0,-1,-1,-1.0
13321,13321,22033.0440717463,-33637.858116487245,188.0,-1,-1,-1.0
13322,13322,-10685.59125076715,9064.141908357473,468.0,-1,-1,-1.0
13323,13323,-6468.185108072947,7246.8768787829395,156.0,-1,-1,-1.0
13324,13324,-35621.10905084268,-23017.29257883256,270.0,-1,-1,-1.0
13325,13325,29976.7854549615,-23408.238553053736,392.0,-1,45,-1.0
13326,13326,18594.80076694673,8430.098717165354,1.0,-1,-1,-1.0
13327,13327,-16868.608272953923,-1248.98356010297,59.0,-1,43,-1.0
13328,13328,-11914.389139702564,-10481.86801517925,299.0,-1,-1,-1.0
13329,13329,33379.52293206578,20817.118974196324,421.0,-1,-1,-1.0
13330,13330,1245.474584035328,-27261.902331066307,77.0,-1,25,-1.0
13331,13331,-27593.163508561836,2869.1135881442606,403.0,-1,-1,-1.0
13332,13332,33170.995469736255,-21402.34719869992,350.0,-1,-1,-1.0
13333,13333,21335.990402282117,10926.860166888597,364.0,-1,16,-1.0
13334,13334,-29307.52377433178,-3375.2436962168867,433.0,-1,41,47.0
13335,13335,-34117.61023462326,27136.51154318628,167.0,-1,-1,-1.0
13336,13336,25054.12189293565,-4404.530013986863,183.0,-1,-1,-1.0
13337,13337,-11166.62988348998,29449.163344910063,116.0,-1,-1,-1.0
13338,13338,-31819.51823521971,11278.920303782295,30.0,-1,-1,-1.0
13339,13339,34697.89129786252,23085.84637524202,61.0,-1,-1,-1.0
13340,13340,10386.26593562329,4907.75002461586,394.0,-1,2,-1.0
13341,13341,10451.701787411976,-27355.7755712691,59.0,-1,-1,-1.0
13342,13342,-29928.11178102225,34093.32551424115,327.0,-1,6,-1.0
13343,13343,-29764.908174695396,-13215.379791943418,432.0,-1,-1,-1.0
13344,13344,-30272.644991250985,2856.9805278562126,460.0,-1,29,-1.0
13345,13345,-4312.9517206900855,-34583.300619728456,31.0,-1,35,-1.0
13346,13346,16549.815365301183,27827.329526461705,163.0,-1,9,-1.0
13347,13347,-3380.3803640933984,-24860.84902742397,458.0,-1,-1,-1.0
13348,13348,3835.7952547604,9645.839145927202,239.0,-1,27,-1.0
13349,13349,23227.77049025402,11655.012718962564,174.0,-1,-1,-1.0
13350,13350,25948.255006827934,-36607.05713432492,269.0,-1,-1,-1.0
13351,13351,24844.52094458709,13424.119514581798,48.0,-1,-1,-1.0
13352,13352,414.7206927326697,2931.4819839051343,407.0,-1,-1,-1.0
13353,13353,35432.80811655523,3034.52506892963,410.0,-1,28,32.0
13354,13354,35739.94211239155,-30661.42574917425,51.0,-1,-1,-1.0
13355,13355,22875.22668060841,-5738.532722224787,464.0,-1,-1,-1.0
13356,13356,27274.242045434425,27946.975980848423,244.0,-1,-1,-1.0
13357,13357,-11801.35541037018,3657.2538915131736,43.0,-1,26,-1.0
13358,13358,10240.753870065191,-6564.78058035759,210.0,-1,-1,-1.0
13359,13359,28558.623077994824,21646.64915153062,145.0,-1,28,-1.0
13360,13360,11810.11174926362,-20741.44926140015,110.0,-1,-1,-1.0
13361,13361,9043.984185680652,10827.421823237652,463.0,-1,-1,-1.0
13362,13362,-2805.9358107685985,8253.356265563736,324.0,-1,27,-1.0
13363,13363,6693.968056206715,-27770.557660978528,402.0,-1,31,-1.0
13364,13364,26282.20960950316,28830.40345249306,41.0,-1,-1,-1.0
13365,13365,27007.071353409177,-2886.580119768805,132.0,-1,-1,-1.0
13366,13366,16013.30341406857,-15350.612400473943,428.0,-1,-1,-1.0
13367,13367,19354.1441647815,-23530.297325998272,280.0,-1,-1,-1.0
13368,13368,25285.41008494457,20228.76604964494,187.0,-1,18,-1.0
13369,13369,-17449.432027080577,-12224.502738449815,162.0,-1,42,-1.0
13370,13370,12652.423221929195,-10161.730444082845,136.0,-1,-1,-1.0
13371,13371,-2109.5472683160915,31078.91658256357,89.0,-1,-1,-1.0
13372,13372,37551.92033568423,5743.309271868435,305.0,-1,28,-1.0
13373,13373,32034.58096253364,30044.05982348704,353.0,-1,-1,-1.0
13374,13374,2474.066184004332,24849.98059244965,275.0,-1,-1,-1.0
13375,13375,4112.210670170418,14669.33337269679,421.0,-1,8,-1.0
13376,13376,32344.474582695737,9336.622588155798,438.0,-1,-1,-1.0
13377,13377,12457.2213063256,455.8779499985321,197.0,-1,-1,-1.0
13378,13378,35370.41875284616,30181.451747981337,487.0,-1,-1,-1.0
13379,13379,3007.5253587379266,-1218.4197554209825,27.0,-1,-1,-1.0
13380,13380,-22144.471463033035,27532.255698535868,469.0,-1,-1,-1.0
13381,13381,7540.008257139423,10440.931111814978,65.0,-1,-1,-1.0
13382,13382,33770.08801854518,-5124.073986121861,452.0,-1,-1,-1.0
13383,13383,22252.71142257278,-26892.10482320229,258.0,-1,-1,-1.0
13384,13384,5016.59433874947,15490.505296976844,280.0,-1,8,-1.0
13385,13385,37326.10231980811,31618.241248303864,321.0,-1,-1,-1.0
13386,13386,-25375.558650474766,12534.948031201566,325.0,-1,-1,-1.0
13387,13387,4840.043191902849,-9087.188743705534,192.0,-1,-1,-1.0
13388,13388,-3769.987735529649,13718.62595510976,18.0,-1,-1,-1.0
13389,13389,1184.8472070501812,7941.01484152679,363.0,-1,-1,-1.0
13390,13390,36112.40374255707,-34651.39065901261,391.0,-1,-1,-1.0
13391,13391,34084.22805371712,35129.91856668053,269.0,-1,11,-1.0
13392,13392,-28519.02475292715,-2314.21573757819,176.0,-1,41,-1.0
13393,13393,38714.37748299567,36931.46363921005,215.0,-1,-1,-1.0
13394,13394,3094.6379920713807,27288.325052511427,340.0,-1,48,56.0
13395,13395,26159.934256840686,37141.80184030188,470.0,-1,30,-1.0
13396,13396,33005.31334289638,1205.949880174987,403.0,-1,-1,-1.0
13397,13397,564.9670618040764,24459.329080756037,367.0,-1,-1,-1.0
13398,13398,29334.758874557985,-19038.38533489889,350.0,-1,-1,-1.0
13399,13399,-9679.533829943834,4904.661312689408,111.0,-1,-1,-1.0
13400,13400,-31891.828945625268,-7626.819601768366,290.0,-1,41,-1.0
13401,13401,-15236.364815248317,9066.249172503403,38.0,-1,-1,-1.0
13402,13402,-27009.405640403515,-13059.437568913789,492.0,-1,-1,-1.0
13403,13403,35250.68230777078,-29291.94750971285,65.0,-1,-1,-1.0
13404,13404,-3237.999838338299,17982.9432342016,478.0,-1,46,-1.0
13405,13405,36125.54326834899,25095.905457718865,290.0,-1,-1,-1.0
13406,13406,-22494.856732981025,-35166.71388401695,333.0,-1,-1,-1.0
13407,13407,10769.200442882204,39402.32815090813,106.0,-1,-1,-1.0
13408,13408,31048.050820630942,-11091.347031745863,384.0,-1,-1,-1.0
13409,13409,31412.556554616604,19881.82581678695,22.0,-1,-1,-1.0
13410,13410,-18586.549771244037,-10185.411463566626,347.0,-1,-1,-1.0
13411,13411,-10400.114816707592,-37099.52249943914,318.0,-1,36,-1.0
13412,13412,-30035.90960672912,-8253.250494912212,428.0,-1,41,-1.0
13413,13413,-17880.88134478003,7261.507760079192,279.0,-1,26,-1.0
13414,13414,13057.40826064424,22043.623177325448,19.0,-1,-1,-1.0
13415,13415,-3320.5538018360967,-1906.5257300019148,244.0,-1,-1,-1.0
13416,13416,-30997.89377356986,-37404.872907771816,286.0,-1,-1,-1.0
13417,13417,30658.334604576827,4191.118706764253,83.0,-1,-1,-1.0
13418,13418,-958.4648071816628,30602.80524710758,205.0,-1,48,-1.0
13419,13419,-38064.29108755922,3080.849527174724,97.0,-1,-1,-1.0
13420,13420,26436.31788547209,-13507.27993229185,451.0,-1,45,-1.0
13421,13421,-9237.151560013835,21714.20205597165,372.0,-1,-1,-1.0
13422,13422,39923.331318589655,-686.255424220115,298.0,-1,-1,-1.0
13423,13423,-8453.095837264915,-3570.7250662425868,307.0,-1,-1,-1.0
13424,13424,30626.70142451371,29010.83367501553,425.0,-1,10,-1.0
13425,13425,27290.485806451965,-8599.201869964865,73.0,-1,-1,-1.0
13426,13426,-15582.979503431212,-23611.54077500286,34.0,-1,-1,-1.0
13427,13427,34411.8961352903,-17383.145551054124,281.0,-1,-1,-1.0
13428,13428,12316.93817624096,-28895.972025312905,293.0,-1,-1,-1.0
13429,13429,21632.485892034118,20183.000133483423,38.0,-1,-1,-1.0
13430,13430,-31561.576402788065,-30876.39286905297,206.0,-1,-1,-1.0
13431,13431,-25640.99973828256,3655.863294684743,337.0,-1,-1,-1.0
13432,13432,33026.69814386392,12753.02649216314,40.0,-1,28,-1.0
13433,13433,-16180.129032634775,27082.70048691264,16.0,-1,-1,-1.0
13434,13434,-15917.709698777962,-11363.38976043574,2.0,-1,-1,-1.0
13435,13435,-2814.757868288725,-2160.881985500404,390.0,-1,-1,-1.0
13436,13436,16862.890288640745,11900.00887540754,104.0,-1,-1,-1.0
13437,13437,-17717.640904382784,-17123.376946597837,238.0,-1,-1,-1.0
13438,13438,-1813.376674898078,22448.925385449824,480.0,-1,-1,-1.0
13439,13439,22516.182329461924,31957.48728853563,289.0,-1,-1,-1.0
13440,13440,13086.829018077891,28031.707639253396,376.0,-1,-1,-1.0
13441,13441,18422.138877239755,-7611.236836844924,341.0,-1,-1,-1.0
13442,13442,16981.54764193191,19105.431376103043,386.0,-1,-1,-1.0
13443,13443,-37236.901257078105,-21316.55781234524,77.0,-1,0,-1.0
13444,13444,-35284.407759633745,-27678.78764299538,128.0,-1,-1,-1.0
13445,13445,-12840.663447627048,38669.21626003101,435.0,-1,-1,-1.0
13446,13446,9709.79831832282,3199.82844410064,370.0,-1,-1,-1.0
13447,13447,-27855.22462124837,-16156.548490805704,447.0,-1,-1,-1.0
13448,13448,19411.97701323817,1884.5132640114243,194.0,-1,-1,-1.0
13449,13449,-31255.49179310733,30977.484439241787,141.0,-1,-1,-1.0
13450,13450,17678.79276373631,25585.735963923187,241.0,-1,-1,-1.0
13451,13451,22625.50601410694,-18129.754630960637,2.0,-1,-1,-1.0
13452,13452,-38462.44123107398,-23313.12995761919,321.0,-1,-1,-1.0
13453,13453,4821.045623319733,-26578.672078015283,337.0,-1,-1,-1.0
13454,13454,22479.89135558448,-160.68333814454672,111.0,-1,-1,-1.0
13455,13455,-34300.72521794517,14401.209311903352,466.0,-1,24,-1.0
13456,13456,38086.41662236484,27116.278677910115,311.0,-1,-1,-1.0
13457,13457,26107.953547073543,-25330.44169427637,489.0,-1,45,-1.0
13458,13458,3765.860277465275,-11023.625614661569,106.0,-1,-1,-1.0
13459,13459,-11214.199257868644,-16484.336777899636,259.0,-1,-1,-1.0
13460,13460,-36756.77965596515,-23235.37161173025,329.0,-1,-1,-1.0
13461,13461,29645.84862899344,-24448.0841113794,332.0,-1,45,-1.0
13462,13462,14943.378014129245,-7211.62110691057,87.0,-1,13,-1.0
13463,13463,37514.662745312206,-7830.883549359707,416.0,-1,-1,-1.0
13464,13464,-11315.07806808985,-27655.232429314696,11.0,-1,17,-1.0
13465,13465,-6600.197073564988,34768.53004111217,194.0,-1,-1,-1.0
13466,13466,18352.280606857843,14263.177175151832,192.0,-1,-1,-1.0
13467,13467,-2128.34021626498,-2897.151761614048,208.0,-1,22,-1.0
13468,13468,21557.214473914,-668.6113550375158,431.0,-1,-1,-1.0
13469,13469,-18137.83982696229,3341.7343624057976,383.0,-1,-1,-1.0
13470,13470,-24876.03603540705,34196.574882392626,264.0,-1,-1,-1.0
13471,13471,-562.5771833037579,-9036.42902681714,429.0,-1,31,35.0
13472,13472,-234.3016292195971,24996.52309868945,402.0,-1,-1,-1.0
13473,13473,-16944.143501602866,33282.440536614886,49.0,-1,-1,-1.0
13474,13474,-21164.16833702738,-9239.363836749384,436.0,-1,-1,-1.0
13475,13475,-15089.047274182903,-1418.5425822378602,413.0,-1,-1,-1.0
13476,13476,20594.44853342499,20582.42651377138,469.0,-1,18,-1.0
13477,13477,4635.635080490974,34549.04259632823,456.0,-1,-1,-1.0
13478,13478,19604.342409067976,10218.147836236778,145.0,-1,16,-1.0
13479,13479,36511.88743578116,-34811.949699319644,466.0,-1,-1,-1.0
13480,13480,-15026.08025652324,25104.55852097468,211.0,-1,48,-1.0
13481,13481,-37125.503878603326,27059.15201012256,57.0,-1,-1,-1.0
13482,13482,-22589.09933560268,20724.777580127837,236.0,-1,37,-1.0
13483,13483,9873.096511385782,24826.23292190972,18.0,-1,48,-1.0
13484,13484,10239.162644241029,26216.27071408472,127.0,-1,-1,-1.0
13485,13485,-34208.18776167621,-10689.311337504349,387.0,-1,-1,-1.0
13486,13486,-14545.318859025134,-16237.708008510624,427.0,-1,-1,-1.0
13487,13487,34514.39573240107,7683.510475302573,14.0,-1,-1,-1.0
13488,13488,11060.703514258856,-6843.334027174402,310.0,-1,-1,-1.0
13489,13489,33365.22019699632,27380.85755060172,149.0,-1,10,-1.0
13490,13490,-35462.04086513115,-7222.790616595266,48.0,-1,32,38.0
13491,13491,7007.171773847564,7600.99368721732,175.0,-1,-1,-1.0
13492,13492,17517.93974947936,-15957.37036247809,349.0,-1,45,52.0
13493,13493,-17235.97489661109,-11572.667387957532,45.0,-1,-1,-1.0
13494,13494,-19087.23989314573,16532.593077796875,302.0,-1,-1,-1.0
13495,13495,31787.58152341965,21981.440790090142,58.0,-1,-1,-1.0
13496,13496,5159.695217833396,-11031.05651992924,244.0,-1,31,-1.0
13497,13497,4261.897599377902,-22979.68726587695,72.0,-1,31,-1.0
13498,13498,26356.707005007527,-7766.260740749447,38.0,-1,-1,-1.0
13499,13499,-3949.32288984218,-2544.0140434308632,485.0,-1,-1,-1.0
13500,13500,-38380.911325994464,-32007.03256022473,34.0,-1,20,-1.0
13501,13501,-33910.91006134004,17046.77284093218,448.0,-1,24,-1.0
13502,13502,-20228.56379608723,35514.87441715294,130.0,-1,-1,-1.0
13503,13503,-10496.88111870614,-26763.50029915352,48.0,-1,17,-1.0
13504,13504,-5619.711116442944,18286.35320536532,442.0,-1,-1,-1.0
13505,13505,19519.987582052527,-9644.957934783324,7.0,-1,44,-1.0
13506,13506,25271.52105305269,-6262.951053060249,109.0,-1,-1,-1.0
13507,13507,9639.44394056507,-31944.489769158907,219.0,-1,-1,-1.0
13508,13508,-5877.06145530389,30148.08690843701,12.0,-1,-1,-1.0
13509,13509,30751.70483820484,-33459.35013134402,341.0,-1,-1,-1.0
13510,13510,14284.638584051369,13182.741988538131,279.0,-1,-1,-1.0
13511,13511,-35332.66123454908,2821.0621883392087,390.0,-1,-1,-1.0
13512,13512,-17698.989556930035,-3325.007296006479,104.0,-1,43,49.0
13513,13513,5313.879699325029,15875.16938722357,299.0,-1,8,-1.0
13514,13514,39587.31477758213,33251.94688299431,406.0,-1,10,-1.0
13515,13515,20076.67223313312,-10850.735042147451,244.0,-1,-1,-1.0
13516,13516,-30483.83407719077,-35023.47728444858,299.0,-1,-1,-1.0
13517,13517,-27521.546287673857,17156.52942005083,410.0,-1,-1,-1.0
13518,13518,-8488.40998668753,-17372.202714639418,287.0,-1,-1,-1.0
13519,13519,-17132.569025818913,16615.45232234057,321.0,-1,-1,-1.0
13520,13520,22297.97913488633,1862.663577516163,181.0,-1,-1,-1.0
13521,13521,-34402.28975411366,7071.949733171154,449.0,-1,-1,-1.0
13522,13522,-6875.277550856532,11883.712669420842,69.0,-1,27,-1.0
13523,13523,4756.052098268759,34169.617474120576,205.0,-1,-1,-1.0
13524,13524,-4954.52144264149,-34017.30879626278,14.0,-1,35,-1.0
13525,13525,183.91134479714677,21216.91235318806,62.0,-1,46,-1.0
13526,13526,-10273.960408240644,-3631.7237486649537,368.0,-1,-1,-1.0
13527,13527,15710.31846856037,11794.61473371995,480.0,-1,-1,-1.0
13528,13528,-24740.297770775174,-18472.594621992343,382.0,-1,-1,-1.0
13529,13529,13528.075032693509,-21733.326283823302,230.0,-1,-1,-1.0
13530,13530,452.0703189488995,26397.882896041207,459.0,-1,48,-1.0
13531,13531,-14626.173294633269,-21692.401813798155,412.0,-1,-1,-1.0
13532,13532,-36674.05423634157,-24048.443265342787,267.0,-1,-1,-1.0
13533,13533,-25401.619104523823,19833.466828569515,166.0,-1,-1,-1.0
13534,13534,22201.13141834177,22268.699741395874,323.0,-1,-1,-1.0
13535,13535,-34008.02404082619,-18865.642821890924,240.0,-1,-1,-1.0
13536,13536,5802.903355844741,-20661.587218532502,118.0,-1,-1,-1.0
13537,13537,-8408.983476562444,14195.864940945408,284.0,-1,-1,-1.0
13538,13538,15036.100704969176,-33257.710825350965,342.0,-1,-1,-1.0
13539,13539,27921.16119265341,-17112.5789696766,320.0,-1,-1,-1.0
13540,13540,-38123.72490408787,36893.442726860594,11.0,-1,-1,-1.0
13541,13541,33410.48936705646,-35160.949863620095,343.0,-1,-1,-1.0
13542,13542,24303.02140091317,13264.453405810367,45.0,-1,-1,-1.0
13543,13543,-19978.939867386387,-38882.02409051456,104.0,-1,-1,-1.0
13544,13544,-19876.086100478013,-471.1655323179875,110.0,-1,43,-1.0
13545,13545,28615.572569858166,-10396.770580539927,165.0,-1,-1,-1.0
13546,13546,836.681823157458,27160.288518328467,467.0,-1,48,-1.0
13547,13547,33259.32452198693,-25432.072416570358,427.0,-1,45,-1.0
13548,13548,-22862.10515689404,21223.985172203396,56.0,-1,37,-1.0
13549,13549,613.3162667524957,20697.16454519247,219.0,-1,46,-1.0
13550,13550,23884.07165101527,-25990.89113207316,342.0,-1,-1,-1.0
13551,13551,-18920.28587299308,-1291.1308697187196,388.0,-1,43,-1.0
13552,13552,32478.9184292334,12723.671799323747,226.0,-1,28,-1.0
13553,13553,-18889.046200518536,17960.635892834915,437.0,-1,-1,-1.0
13554,13554,10496.711047818804,16551.197604501023,42.0,-1,-1,-1.0
13555,13555,-6477.49793374299,-16385.15055821249,122.0,-1,-1,-1.0
13556,13556,-30905.887786504867,-6832.01096649043,120.0,-1,41,-1.0
13557,13557,-7147.512527312181,-35543.23800900468,106.0,-1,-1,-1.0
13558,13558,22680.19545596779,-14650.279551988722,245.0,-1,45,52.0
13559,13559,332.7139402808607,32404.935703435756,61.0,-1,-1,-1.0
13560,13560,-11849.803453930175,2265.8700338343187,416.0,-1,-1,-1.0
13561,13561,15706.131629765572,17644.30785188666,147.0,-1,-1,-1.0
13562,13562,29030.0988763958,-1841.475365201732,288.0,-1,-1,-1.0
13563,13563,-25856.65544763998,30508.77077588401,241.0,-1,-1,-1.0
13564,13564,-19634.844628577892,23137.000960622747,218.0,-1,-1,-1.0
13565,13565,-11815.050471620749,-14180.645664943955,266.0,-1,-1,-1.0
13566,13566,-20783.946835293224,17154.905489505232,319.0,-1,-1,-1.0
13567,13567,-18826.757102813142,3752.045953635541,53.0,-1,-1,-1.0
13568,13568,39186.22958729898,13233.894993768998,53.0,-1,-1,-1.0
13569,13569,-25561.64879339624,19428.928073108247,254.0,-1,-1,-1.0
13570,13570,-8331.770907800237,-12248.514736379935,95.0,-1,31,-1.0
13571,13571,-607.8564168594385,21964.794674928315,177.0,-1,-1,-1.0
13572,13572,-34574.63428679324,-38156.10839120663,156.0,-1,-1,-1.0
13573,13573,-35969.944935509106,-28967.68278084947,360.0,-1,20,-1.0
13574,13574,-38966.64166093537,19552.60978600816,469.0,-1,-1,-1.0
13575,13575,5025.684646432921,-36804.79357493132,178.0,-1,-1,-1.0
13576,13576,-22890.577399936952,5430.897422643298,21.0,-1,-1,-1.0
13577,13577,7568.097736513133,33761.543106434736,194.0,-1,47,-1.0
13578,13578,4913.328938619416,15125.68899181478,498.0,-1,8,-1.0
13579,13579,-1921.4681994521743,-26468.09267846149,57.0,-1,25,-1.0
13580,13580,-38824.27008421307,-29663.73214848466,286.0,-1,-1,-1.0
13581,13581,14008.323602117149,-34466.221242240674,385.0,-1,4,-1.0
13582,13582,-10941.78015514056,-2539.4520716924235,394.0,-1,-1,-1.0
13583,13583,11850.568119532303,-18327.95848636927,215.0,-1,-1,-1.0
13584,13584,20406.82561162621,-8664.40354211365,153.0,-1,44,-1.0
13585,13585,-31523.463407235067,-923.9114466181492,66.0,-1,-1,-1.0
13586,13586,4316.6921243795805,20040.88780556766,448.0,-1,-1,-1.0
13587,13587,24942.72272576071,9119.59032681553,348.0,-1,15,-1.0
13588,13588,9029.061410767448,15448.050099792366,188.0,-1,-1,-1.0
13589,13589,9027.982127370356,36117.42889573991,349.0,-1,-1,-1.0
13590,13590,-25913.33152819965,-2740.4456979524766,128.0,-1,-1,-1.0
13591,13591,-29883.277729439906,-24688.122220794427,454.0,-1,39,-1.0
13592,13592,-4912.683257745914,-6280.281410881958,142.0,-1,-1,-1.0
13593,13593,-10697.41997651464,-12477.722203984456,328.0,-1,-1,-1.0
13594,13594,18222.261898421573,-36250.52576807188,354.0,-1,-1,-1.0
13595,13595,37482.94293928717,-3202.285557597308,308.0,-1,-1,-1.0
13596,13596,-26470.019793396248,-11250.246019112576,90.0,-1,-1,-1.0
13597,13597,-16741.722261050436,15192.516957018976,63.0,-1,-1,-1.0
13598,13598,20885.3059985094,-9667.636039289318,171.0,-1,-1,-1.0
13599,13599,23798.280992912776,-23660.85357589964,94.0,-1,-1,-1.0
13600,13600,-39986.28034618197,-38383.86674570138,439.0,-1,-1,-1.0
13601,13601,20416.921889043457,-32174.39911697127,429.0,-1,-1,-1.0
13602,13602,-34819.365895402,39951.85654933463,37.0,-1,-1,-1.0
13603,13603,36046.72693941755,-25010.759342697693,89.0,-1,-1,-1.0
13604,13604,39250.65238599462,557.6264742625062,250.0,-1,-1,-1.0
13605,13605,-17154.242322445007,12378.851160098937,76.0,-1,-1,-1.0
13606,13606,21016.978507967287,-8383.805079525413,467.0,-1,44,-1.0
13607,13607,-13819.159358983776,8127.292590520556,354.0,-1,-1,-1.0
13608,13608,29161.550610062404,2511.395156547944,352.0,-1,-1,-1.0
13609,13609,-33242.82187910266,25963.78081903933,417.0,-1,-1,-1.0
13610,13610,3207.861245485379,5740.393401867143,485.0,-1,-1,-1.0
13611,13611,-10741.410431591696,14292.988899664791,231.0,-1,-1,-1.0
13612,13612,-39662.21009479322,-22016.40531294777,328.0,-1,-1,-1.0
13613,13613,-36217.925148909184,15601.517416585026,108.0,-1,24,-1.0
13614,13614,-21924.18838596417,-28654.97089935329,364.0,-1,-1,-1.0
13615,13615,29917.62415713868,-11007.82135835919,265.0,-1,-1,-1.0
13616,13616,10871.89445306694,26654.650276894463,347.0,-1,-1,-1.0
13617,13617,7367.750808630946,26411.73561966761,317.0,-1,-1,-1.0
13618,13618,36497.88256053848,-24303.15283804629,90.0,-1,-1,-1.0
13619,13619,37591.97299982738,33185.31902424191,143.0,-1,10,-1.0
13620,13620,-32736.701525530727,-8959.494503459719,15.0,-1,-1,-1.0
13621,13621,20890.284417566487,-8334.210528454645,455.0,-1,44,-1.0
13622,13622,-4904.865866599888,-33701.118920966626,33.0,-1,35,-1.0
13623,13623,11153.80971951608,38600.01133030899,278.0,-1,-1,-1.0
13624,13624,-29086.094003785314,24216.49645681282,406.0,-1,-1,-1.0
13625,13625,22584.66536970376,31597.96313997559,122.0,-1,-1,-1.0
13626,13626,-24845.046597609893,13266.371955870723,474.0,-1,40,-1.0
13627,13627,-28324.76756900361,30968.45076574522,4.0,-1,-1,-1.0
13628,13628,14556.578021580382,-37989.17121189941,48.0,-1,-1,-1.0
13629,13629,13877.69011272055,37182.19110444536,391.0,-1,-1,-1.0
13630,13630,-10252.5691855858,33534.08850379687,90.0,-1,-1,-1.0
13631,13631,-35058.04129779588,-38807.38735256151,35.0,-1,-1,-1.0
13632,13632,37471.97838978576,-15326.392120063849,87.0,-1,-1,-1.0
13633,13633,18750.155792000303,-31451.084038252404,232.0,-1,-1,-1.0
13634,13634,28093.2829830962,-35883.51988940553,419.0,-1,-1,-1.0
13635,13635,-35685.70380000627,16907.26811636593,430.0,-1,-1,-1.0
13636,13636,-14232.29450487706,-20902.60427433107,396.0,-1,-1,-1.0
13637,13637,34718.14504638981,1800.4978854033106,291.0,-1,28,-1.0
13638,13638,27033.937297246117,-4455.714782148687,414.0,-1,-1,-1.0
13639,13639,37769.02469132611,39731.89604496052,352.0,-1,-1,-1.0
13640,13640,18804.654410113973,-12334.522729492555,32.0,-1,44,-1.0
13641,13641,-10991.481982678994,-12198.104957971977,488.0,-1,-1,-1.0
13642,13642,-11469.14449899908,32246.06189543847,110.0,-1,48,-1.0
13643,13643,-6212.945068174835,17750.492883521714,38.0,-1,-1,-1.0
13644,13644,-12978.78503724176,38796.43702277541,163.0,-1,-1,-1.0
13645,13645,39202.71025142245,-21831.255315260874,133.0,-1,-1,-1.0
13646,13646,36367.67989699725,-1844.844766746035,405.0,-1,-1,-1.0
13647,13647,35898.12640048706,-5087.010513270638,60.0,-1,33,-1.0
13648,13648,-1237.6677141073596,-25633.46884469833,396.0,-1,25,-1.0
13649,13649,-24615.610698324548,-829.9923901618386,331.0,-1,-1,-1.0
13650,13650,30956.13255004401,4690.379883562549,308.0,-1,-1,-1.0
13651,13651,7152.749728957388,-19141.66601191324,14.0,-1,-1,-1.0
13652,13652,-1686.5095261778624,7539.086208647073,262.0,-1,27,-1.0
13653,13653,-8807.700149548997,-34707.06142273278,101.0,-1,35,-1.0
13654,13654,-29398.290577968917,5191.676569992676,125.0,-1,-1,-1.0
13655,13655,-35172.663803412026,-35960.457642275025,147.0,-1,19,-1.0
13656,13656,35245.34759300154,22470.00606361596,432.0,-1,-1,-1.0
13657,13657,8258.078484301877,-22580.109323902478,20.0,-1,-1,-1.0
13658,13658,-36179.5408846703,-11131.308945704248,431.0,-1,32,38.0
13659,13659,20263.20992846218,36078.12764091668,398.0,-1,30,-1.0
13660,13660,17094.078000189882,22771.71375248283,498.0,-1,-1,-1.0
13661,13661,-8081.56234719128,11990.348900650206,408.0,-1,-1,-1.0
13662,13662,6199.796844420052,-2896.8819350657504,239.0,-1,-1,-1.0
13663,13663,-5175.929643032672,28766.111032429093,225.0,-1,-1,-1.0
13664,13664,-21.30068033721909,34305.69105837608,123.0,-1,-1,-1.0
13665,13665,20239.15575349909,23583.33799031598,221.0,-1,18,-1.0
13666,13666,-21021.102863236443,16890.719259559577,267.0,-1,-1,-1.0
13667,13667,-23089.171668202376,38900.84040273714,360.0,-1,-1,-1.0
13668,13668,11856.589346193963,24544.446268211665,472.0,-1,-1,-1.0
13669,13669,-31806.86707486545,27805.25035305356,131.0,-1,-1,-1.0
13670,13670,-21562.59216370933,-4831.257663038559,494.0,-1,-1,-1.0
13671,13671,-16324.322081244052,32948.15779261266,333.0,-1,-1,-1.0
13672,13672,205.2143277837531,8065.732783289692,17.0,-1,27,-1.0
13673,13673,-9584.108483117883,-4707.1342146528405,411.0,-1,-1,-1.0
13674,13674,-37050.45020236763,29024.571777998062,295.0,-1,-1,-1.0
13675,13675,-182.7921674804165,2299.2339629072885,307.0,-1,22,-1.0
13676,13676,-37960.30384022671,34121.52954714683,331.0,-1,5,6.0
13677,13677,-10071.56203309301,-14697.036176825824,43.0,-1,31,-1.0
13678,13678,38225.73517661823,-25415.767628295365,472.0,-1,-1,-1.0
13679,13679,-159.87203261959075,-1391.1456078429474,454.0,-1,-1,-1.0
13680,13680,-178.67557542058785,37689.20689523769,450.0,-1,-1,-1.0
13681,13681,13412.47465626622,-26117.193854647445,293.0,-1,3,-1.0
13682,13682,-20915.76289680653,-25996.01879932717,109.0,-1,-1,-1.0
13683,13683,-27932.690742553237,-3170.738711740501,391.0,-1,41,47.0
13684,13684,22530.458616474105,29136.055726197505,39.0,-1,-1,-1.0
13685,13685,-39986.54160496011,26810.835160426344,358.0,-1,-1,-1.0
13686,13686,22006.08850990719,-23235.997183851272,132.0,-1,-1,-1.0
13687,13687,29585.188627186595,22116.42402905405,283.0,-1,28,-1.0
13688,13688,37755.7999937937,64.22679731048265,443.0,-1,28,-1.0
13689,13689,21124.062756076422,35491.80580672374,248.0,-1,30,-1.0
13690,13690,31664.56606559492,-31679.39411457211,461.0,-1,-1,-1.0
13691,13691,-17423.147344234203,7365.710648636108,410.0,-1,26,-1.0
13692,13692,14155.53441375179,-13516.009389835606,75.0,-1,-1,-1.0
13693,13693,17617.50153241612,-5566.356347976471,363.0,-1,13,-1.0
13694,13694,-36502.03206566234,-17988.760261791813,289.0,-1,0,-1.0
13695,13695,-25458.004701024904,19257.45623359545,386.0,-1,37,-1.0
13696,13696,-16137.972084053335,32197.464037475074,28.0,-1,-1,-1.0
13697,13697,-31958.861537391367,31630.54739706278,399.0,-1,6,-1.0
13698,13698,28399.889642123977,-2733.805235056534,197.0,-1,-1,-1.0
13699,13699,-33934.838043262374,-8973.881029655156,136.0,-1,-1,-1.0
13700,13700,-9461.576007594176,-10125.09948401096,469.0,-1,31,-1.0
13701,13701,6517.932644188011,30273.075189079245,360.0,-1,48,56.0
13702,13702,859.951357642276,25513.055597021597,389.0,-1,-1,-1.0
13703,13703,-4642.304601506185,10195.088682925549,449.0,-1,-1,-1.0
13704,13704,3627.394962792074,-26984.503983855742,49.0,-1,-1,-1.0
13705,13705,-27857.91368448198,23474.960149906285,8.0,-1,-1,-1.0
13706,13706,-6651.316097451083,7356.227034396172,214.0,-1,-1,-1.0
13707,13707,-9691.617989937651,-26732.08396754041,18.0,-1,-1,-1.0
13708,13708,-25910.863105095228,32874.520630266925,278.0,-1,-1,-1.0
13709,13709,28708.900025296403,-7010.9990724768,189.0,-1,-1,-1.0
13710,13710,38203.21804842696,31740.091362417646,498.0,-1,10,-1.0
13711,13711,-27346.081611768965,7492.487674317999,98.0,-1,-1,-1.0
13712,13712,4157.083278369617,-17430.868489298224,348.0,-1,31,-1.0
13713,13713,18161.98820220546,-17604.08387184583,201.0,-1,-1,-1.0
13714,13714,-2877.2069162887856,-11497.382579646568,9.0,-1,31,-1.0
13715,13715,31288.6781143524,5188.244578452555,172.0,-1,-1,-1.0
13716,13716,26233.720523012496,-29240.916074425724,439.0,-1,45,51.0
13717,13717,-32632.86186759728,2558.5041978455047,246.0,-1,-1,-1.0
13718,13718,35740.699914298486,-24456.08683755523,80.0,-1,-1,-1.0
13719,13719,2364.788768312923,-28176.32811910822,79.0,-1,-1,-1.0
13720,13720,-21564.40307284844,-7919.621692950925,319.0,-1,-1,-1.0
13721,13721,-38615.3441824465,-21212.781828172432,237.0,-1,0,-1.0
13722,13722,8969.411864123977,-9947.23725792488,482.0,-1,-1,-1.0
13723,13723,16830.07044175965,12037.51151866671,7.0,-1,-1,-1.0
13724,13724,-28904.99089526828,15466.144110686706,390.0,-1,-1,-1.0
13725,13725,-15424.331181674375,25845.08884413197,338.0,-1,-1,-1.0
13726,13726,-9695.940634467348,-8093.796936011106,69.0,-1,31,-1.0
13727,13727,-30174.73448614124,32351.18264263004,40.0,-1,6,-1.0
13728,13728,-6958.828423729821,-38250.02019553701,46.0,-1,-1,-1.0
13729,13729,24281.986248780908,-39654.13797119249,262.0,-1,-1,-1.0
13730,13730,39581.42898443279,-14400.77113360159,496.0,-1,-1,-1.0
13731,13731,-36005.00849353678,20695.34465606869,116.0,-1,-1,-1.0
13732,13732,-4429.884236132908,24999.82606276813,267.0,-1,-1,-1.0
13733,13733,-26321.457669349675,-11721.1098768108,483.0,-1,-1,-1.0
13734,13734,39785.13859722462,9972.578579988687,20.0,-1,-1,-1.0
13735,13735,-35637.37267385081,-35831.56544763137,421.0,-1,19,-1.0
13736,13736,-19412.99665133745,-25078.2545466285,433.0,-1,36,-1.0
13737,13737,2098.0873053753166,20091.27027656653,139.0,-1,46,-1.0
13738,13738,24441.814855220327,31164.34135549926,138.0,-1,-1,-1.0
13739,13739,-9217.368726460463,27168.07519670241,398.0,-1,48,-1.0
13740,13740,9510.136448351528,-2711.7659661797443,50.0,-1,-1,-1.0
13741,13741,-23866.283069589605,4145.715097950015,187.0,-1,-1,-1.0
13742,13742,33000.265184102886,15938.587774861391,108.0,-1,-1,-1.0
13743,13743,-10316.74691806584,-35967.56026307865,376.0,-1,-1,-1.0
13744,13744,9523.149067163087,-36412.9442715342,376.0,-1,1,-1.0
13745,13745,-20702.14463704701,-17471.048860260616,353.0,-1,42,-1.0
13746,13746,-38337.833045913125,-18889.849947549057,458.0,-1,0,-1.0
13747,13747,-3865.54404604304,2169.683972528648,81.0,-1,27,-1.0
13748,13748,3000.1496424254656,19699.67837861428,201.0,-1,-1,-1.0
13749,13749,-17916.131739351506,-18049.004483116794,486.0,-1,-1,-1.0
13750,13750,36728.18234860709,-25583.790675651628,102.0,-1,-1,-1.0
13751,13751,330.1952608370848,-24044.4898662349,341.0,-1,-1,-1.0
13752,13752,-29539.498313961456,5082.871081632453,114.0,-1,-1,-1.0
13753,13753,7790.578580543028,-24488.355499141995,494.0,-1,-1,-1.0
13754,13754,-7941.296224201658,12834.722000674608,145.0,-1,27,-1.0
13755,13755,-20210.431944152588,-21441.11927264248,82.0,-1,36,-1.0
13756,13756,-28603.8837095854,2738.638046632368,110.0,-1,-1,-1.0
13757,13757,-904.6253864404788,-5834.524408007535,381.0,-1,-1,-1.0
13758,13758,-18540.743188491186,8288.98902793206,31.0,-1,-1,-1.0
13759,13759,-28783.768210640053,-39894.36554994001,447.0,-1,-1,-1.0
13760,13760,29025.382267879293,36963.606212924846,142.0,-1,11,-1.0
13761,13761,26501.54277081693,39256.95824229729,497.0,-1,-1,-1.0
13762,13762,18043.811291058257,-8089.019212626401,294.0,-1,-1,-1.0
13763,13763,25237.85754284905,-4856.188727970541,42.0,-1,-1,-1.0
13764,13764,1322.249609705228,-23947.677347872203,356.0,-1,-1,-1.0
13765,13765,29186.38460474499,-25425.17717528973,287.0,-1,-1,-1.0
13766,13766,-11226.624413595571,-36451.05470473928,475.0,-1,36,-1.0
13767,13767,-31868.28636553469,-9368.015437941289,117.0,-1,-1,-1.0
13768,13768,-19215.40493879869,12450.98085306868,354.0,-1,-1,-1.0
13769,13769,-27734.94913553852,-21668.234565453367,320.0,-1,39,-1.0
13770,13770,12003.939453500498,-12293.914913355922,369.0,-1,-1,-1.0
13771,13771,715.3679784347987,-31909.000855468817,91.0,-1,-1,-1.0
13772,13772,-16648.189410347233,16052.282673366506,473.0,-1,-1,-1.0
13773,13773,-13605.307078881737,-15332.874385074494,105.0,-1,-1,-1.0
13774,13774,-4150.23344743652,39504.090236300486,31.0,-1,-1,-1.0
13775,13775,-31792.00650215864,-7173.267819001507,91.0,-1,41,-1.0
13776,13776,30530.788510541635,-27263.48840925577,124.0,17,-1,-1.0
13777,13777,30457.25197594493,-27176.96335564812,125.0,17,-1,-1.0
13778,13778,30523.937200019223,-27119.8597437468,128.0,17,-1,-1.0
13779,13779,30519.37571593801,-27048.66968186524,129.0,17,45,53.0
13780,13780,30599.979845818496,-27026.170463582857,129.0,17,45,53.0
13781,13781,30562.417416783,-26925.09883814492,130.0,17,45,53.0
13782,13782,30623.04635081192,-26993.45734506768,130.0,17,45,53.0
13783,13783,30497.22913273823,-26896.70097860226,131.0,17,45,53.0
13784,13784,30592.21627148025,-26848.16219033034,131.0,17,45,53.0
13785,13785,30563.876206819,-26837.74675951628,131.0,17,45,53.0
13786,13786,30645.665503850065,-26785.923038439152,132.0,17,45,53.0
13787,13787,30569.038018280044,-26682.8088005454,133.0,17,45,53.0
13788,13788,30529.80232489773,-26547.77250432562,134.0,17,45,53.0
13789,13789,30489.475577435347,-26486.60447760732,136.0,17,45,53.0
13790,13790,30468.766008827384,-26347.54270378856,137.0,17,45,53.0
13791,13791,30483.099231872773,-26250.721462842805,139.0,17,45,53.0
13792,13792,30431.979177792877,-26163.041462413737,142.0,17,45,53.0
13793,13793,30550.417974047028,-26111.74501776563,143.0,17,45,53.0
13794,13794,30648.177638086137,-26113.512966428887,146.0,17,45,53.0
13795,13795,30497.00674792804,-26008.91962960631,146.0,17,45,53.0
13796,13796,30627.82758019441,-25986.102398136703,150.0,17,45,53.0
13797,13797,30606.500581331697,-25986.091440963955,150.0,17,45,53.0
13798,13798,30602.28097853828,-25892.43573559404,153.0,17,45,53.0
13799,13799,30561.164588804688,-25894.63672035516,153.0,17,45,53.0
13800,13800,30588.87982090396,-25842.335521129105,154.0,17,45,53.0
13801,13801,30509.54432707928,-25844.942769327627,154.0,17,45,53.0
13802,13802,30454.50267415052,-25799.573314720976,154.0,17,45,53.0
13803,13803,30457.134401577867,-25873.4680578255,156.0,17,45,53.0
13804,13804,30485.624931362843,-25761.897689748475,158.0,17,45,53.0
13805,13805,30448.12101569003,-25662.14686614179,159.0,17,45,53.0
13806,13806,30442.827695869637,-25566.27602166615,162.0,17,45,53.0
13807,13807,30420.03925303851,-25450.433406425826,163.0,17,45,53.0
13808,13808,30407.045220188025,-25332.916797933834,164.0,17,45,53.0
13809,13809,30373.85050506972,-25386.9506215524,164.0,17,45,53.0
13810,13810,30426.344256803262,-25269.305660535905,166.0,17,45,53.0
13811,13811,30323.396443793357,-25280.97737388665,166.0,17,45,53.0
13812,13812,30416.70536072573,-25278.722067501018,166.0,17,45,53.0
13813,13813,30273.099707314603,-25232.313978207207,167.0,17,45,53.0
13814,13814,30268.525863271818,-25181.00604798204,168.0,17,45,53.0
13815,13815,30329.66037935185,-25113.927697668478,169.0,17,45,53.0
13816,13816,30290.721218390456,-25148.12556704761,169.0,17,45,53.0
13817,13817,30275.099281574705,-25016.84887609563,171.0,17,45,53.0
13818,13818,30373.240213695157,-25002.760006767137,171.0,17,45,53.0
13819,13819,30362.917533301283,-25053.880383074476,171.0,17,45,53.0
13820,13820,30251.82725735904,-24955.49885325841,173.0,17,45,53.0
13821,13821,30283.2495466752,-24933.71432872263,173.0,17,45,53.0
13822,13822,30170.74112785985,-24885.04731588126,174.0,17,45,53.0
13823,13823,30110.656435014105,-24814.554807336623,176.0,17,45,53.0
13824,13824,30227.64029546644,-24810.448061818894,176.0,17,45,53.0
13825,13825,30141.75622492339,-24828.188644661717,176.0,17,45,53.0
13826,13826,30194.023579492543,-24715.79414915018,181.0,17,45,53.0
13827,13827,30148.698919386345,-24737.46522018526,181.0,17,45,53.0
13828,13828,30078.247066127387,-24653.313664831,182.0,17,45,53.0
13829,13829,30111.65959676297,-24568.62531738893,184.0,17,45,53.0
13830,13830,30163.866523157976,-24615.57210404516,184.0,17,45,53.0
13831,13831,30096.44998663864,-24504.38263401508,185.0,17,45,53.0
13832,13832,30124.951603651123,-24430.96948122548,186.0,17,45,53.0
13833,13833,30148.181703769344,-24363.289450361877,191.0,17,45,53.0
13834,13834,30210.953913481288,-24339.159678813383,191.0,17,45,53.0
13835,13835,30120.584815638584,-24279.339845076574,191.0,17,45,53.0
13836,13836,30226.65954868559,-24275.040648062648,195.0,17,45,53.0
13837,13837,30316.068717667327,-24312.20393428116,196.0,17,45,53.0
13838,13838,30295.165277425847,-24205.321302275464,197.0,17,45,53.0
13839,13839,30353.797830129588,-24254.29935854992,197.0,17,45,53.0
13840,13840,30228.53508899497,-24158.967505053875,198.0,17,45,53.0
13841,13841,30280.18832892119,-24053.115609767825,199.0,17,45,53.0
13842,13842,30253.190141264804,-23964.965734124457,200.0,17,45,53.0
13843,13843,30177.651560853108,-23887.23301542953,201.0,17,45,53.0
13844,13844,30318.92965905462,-23866.81192279877,201.0,17,45,53.0
13845,13845,30270.333405342037,-23863.25689547873,201.0,17,45,53.0
13846,13846,30291.98961097824,-23913.560415592317,201.0,17,45,53.0
13847,13847,30139.16534045238,-23883.53147933863,202.0,17,45,53.0
13848,13848,30182.541089335045,-23864.586760494105,202.0,17,45,53.0
13849,13849,30085.987019965567,-23821.16032866177,203.0,17,45,53.0
13850,13850,30233.646723989452,-23821.809606726136,203.0,17,45,53.0
13851,13851,30104.357173833618,-23797.560300358407,203.0,17,45,53.0
13852,13852,30148.84196144235,-23690.1204294338,204.0,17,45,53.0
13853,13853,30142.38915844868,-23699.34030393862,204.0,17,45,53.0
13854,13854,30125.748862025797,-23777.11772142933,204.0,17,45,53.0
13855,13855,30170.549982447843,-23743.987731175297,204.0,17,45,53.0
13856,13856,30137.8426425571,-23610.570045742912,205.0,17,45,53.0
13857,13857,30145.58962776613,-23609.11379252527,205.0,17,45,53.0
13858,13858,30103.734682489496,-23540.452376374276,208.0,17,45,53.0
13859,13859,30168.920418591788,-23523.695638064404,208.0,17,45,53.0
13860,13860,30086.553628431924,-23416.099111708347,209.0,17,45,53.0
13861,13861,30066.24100786525,-23483.11856886756,209.0,17,45,53.0
13862,13862,30121.7031329968,-23437.93411094076,209.0,17,45,53.0
13863,13863,30167.384987966056,-23421.383712795385,212.0,17,45,53.0
13864,13864,30143.12079515836,-23343.25986232731,213.0,17,45,53.0
13865,13865,30078.03257303894,-23262.56072159032,214.0,17,45,53.0
13866,13866,30119.153188912136,-23250.177681721707,214.0,17,45,53.0
13867,13867,30165.309990448182,-23212.17358118206,217.0,17,45,53.0
13868,13868,30153.840874824866,-23204.52169551406,217.0,17,45,53.0
13869,13869,30067.76921668828,-23157.00563552573,218.0,17,45,53.0
13870,13870,30124.87450777365,-23133.864154856463,218.0,17,45,53.0
13871,13871,30004.35497738,-23060.72423569796,219.0,17,45,53.0
13872,13872,30117.82262465471,-23049.36979919144,220.0,17,45,53.0
13873,13873,29921.597984184205,-22948.58037747924,220.0,17,45,53.0
13874,13874,30005.48101883164,-22924.5945191022,220.0,17,45,53.0
13875,13875,29903.56547983521,-23031.062889299497,220.0,17,45,53.0
13876,13876,29939.619465448533,-22970.32333751585,221.0,17,45,53.0
13877,13877,30078.876321548265,-22931.78803881524,221.0,17,45,53.0
13878,13878,30009.871616230263,-22883.123935992546,223.0,17,45,53.0
13879,13879,30067.3453000382,-22999.966268427783,223.0,17,45,53.0
13880,13880,30013.06313368841,-22845.930414963743,224.0,17,45,53.0
13881,13881,29968.75858913671,-22779.90277947739,225.0,17,45,53.0
13882,13882,29912.377967014803,-22702.732291335647,228.0,17,45,53.0
13883,13883,29923.945754429795,-22634.222303441613,230.0,17,45,53.0
13884,13884,29887.17068159849,-22557.588172086536,231.0,17,45,53.0
13885,13885,2814.1851277712994,11738.810125515534,227.0,-1,-1,-1.0
13886,13886,2160.0709157175224,-15859.950792658628,127.0,-1,31,-1.0
13887,13887,-38250.95851518327,-29972.916272664574,25.0,-1,20,-1.0
13888,13888,-2263.469098417226,-12554.097409614167,207.0,-1,31,-1.0
13889,13889,17014.421980326137,-25037.20346453516,376.0,-1,-1,-1.0
13890,13890,30850.825173323625,19064.100536273218,56.0,-1,-1,-1.0
13891,13891,-29997.84788354073,-22378.72582529662,424.0,-1,39,-1.0
13892,13892,-21569.03421864629,8304.7753917093,257.0,-1,-1,-1.0
13893,13893,-14726.703695181095,10629.697583820229,413.0,-1,-1,-1.0
13894,13894,-17797.607138331867,-11073.356974856186,362.0,-1,-1,-1.0
13895,13895,37386.46213451587,24751.44219748505,406.0,-1,-1,-1.0
13896,13896,-24701.681299944936,12478.697914760414,230.0,-1,-1,-1.0
13897,13897,8399.393402482245,13200.134605495048,10.0,-1,-1,-1.0
13898,13898,-15280.162928574398,-9285.310369647705,343.0,-1,43,-1.0
13899,13899,-39782.58283067186,-32633.47052787031,137.0,-1,-1,-1.0
13900,13900,-33559.2443029091,27895.04940210574,456.0,-1,-1,-1.0
13901,13901,-39415.32310344234,-15425.38025432745,149.0,-1,-1,-1.0
13902,13902,35011.422004859545,-37850.2858624537,345.0,-1,-1,-1.0
13903,13903,4206.223505745926,11042.974828011182,47.0,-1,-1,-1.0
13904,13904,-16423.620047096694,-9433.945155601978,268.0,-1,43,-1.0
13905,13905,33287.41946209238,-4994.273010557525,87.0,-1,33,-1.0
13906,13906,10388.241725690728,38368.65381280829,277.0,-1,-1,-1.0
13907,13907,-37475.56787284765,16756.04836153381,429.0,-1,-1,-1.0
13908,13908,-18733.691517834384,-10390.27967462835,194.0,-1,-1,-1.0
13909,13909,-1448.6835222704758,-1424.4317136732425,454.0,-1,-1,-1.0
13910,13910,13593.63115957471,37112.178880914944,359.0,-1,-1,-1.0
13911,13911,-18245.39724059784,5452.69608991273,133.0,-1,-1,-1.0
13912,13912,39912.06400611278,9035.494395596746,129.0,-1,-1,-1.0
13913,13913,-19701.30196984518,-30236.26799730226,492.0,-1,-1,-1.0
13914,13914,24594.089969825876,23410.41780690161,50.0,-1,18,-1.0
13915,13915,-15292.519986917716,24079.694226974,74.0,-1,48,-1.0
13916,13916,-36096.0972200753,2234.7928706331586,267.0,-1,-1,-1.0
13917,13917,25225.1473599784,-35810.148249988546,425.0,-1,-1,-1.0
13918,13918,2989.1988236406323,33610.47143315074,497.0,-1,48,-1.0
13919,13919,-29527.862418590998,-34897.93648831977,316.0,-1,-1,-1.0
13920,13920,-25960.40496589041,-24881.010147009856,249.0,-1,38,-1.0
13921,13921,26532.03424727925,-6522.635055770668,449.0,-1,-1,-1.0
13922,13922,-22192.95652480782,-37210.30220276729,84.0,-1,12,-1.0
13923,13923,25026.7894582265,-15483.451374786688,71.0,-1,-1,-1.0
13924,13924,-33956.80317744739,-38556.92910079054,299.0,-1,-1,-1.0
13925,13925,14802.573472644348,38855.4230621194,493.0,-1,-1,-1.0
13926,13926,-23386.326768585048,-32936.095765509046,414.0,-1,-1,-1.0
13927,13927,3062.8715625645277,-22325.49076269533,471.0,-1,31,-1.0
13928,13928,-1823.2012926073005,-7857.645713858536,11.0,-1,31,-1.0
13929,13929,26080.30566247375,-14564.072483223852,359.0,-1,45,-1.0
13930,13930,8521.237553058214,-2398.9352985335427,445.0,-1,-1,-1.0
13931,13931,-20378.87131719504,3498.2481939414865,410.0,-1,-1,-1.0
13932,13932,-19878.92931824297,10950.58371585967,23.0,-1,-1,-1.0
13933,13933,33489.85698067481,36363.92622948861,237.0,-1,11,-1.0
13934,13934,18219.457824622063,-21922.1690275634,488.0,-1,-1,-1.0
13935,13935,1022.3169819909816,-8837.794058645362,205.0,-1,31,-1.0
13936,13936,-35457.19515477504,-22958.078360624982,290.0,-1,-1,-1.0
13937,13937,-12365.065647687148,-26155.51381262562,9.0,-1,17,-1.0
13938,13938,36674.400509862375,-39685.83646081311,440.0,-1,-1,-1.0
13939,13939,32072.53225846869,13667.65793872226,181.0,-1,28,-1.0
13940,13940,9434.05953649216,11753.70366957513,178.0,-1,-1,-1.0
13941,13941,-7184.837262451263,35747.52543019048,397.0,-1,48,-1.0
13942,13942,21329.73973079345,-5905.855043503681,254.0,-1,44,50.0
13943,13943,-13097.617022815368,-34944.71757654611,392.0,-1,36,-1.0
13944,13944,14910.904768422924,-6352.095207212187,268.0,-1,13,-1.0
13945,13945,-16490.287177713708,27434.15567092762,336.0,-1,48,-1.0
13946,13946,-35315.19251708804,-36952.77891309856,380.0,-1,19,-1.0
13947,13947,10016.750148505336,32315.361009545697,6.0,-1,47,-1.0
13948,13948,31706.363278569755,-18897.93851541416,385.0,-1,-1,-1.0
13949,13949,-22904.180434582475,-9076.167247764904,392.0,-1,-1,-1.0
13950,13950,36135.06576372309,26748.488082439435,159.0,-1,10,-1.0
13951,13951,19821.40702074888,19283.52456329585,154.0,-1,18,-1.0
13952,13952,19088.98434439479,-29610.98915292797,218.0,-1,-1,-1.0
13953,13953,39043.73697622981,-11570.773850342652,276.0,-1,-1,-1.0
13954,13954,-15965.536191878156,-7406.269250554949,225.0,-1,43,-1.0
13955,13955,33082.07255723013,-37023.45525004908,2.0,-1,-1,-1.0
13956,13956,12562.64892365021,32633.49294482832,348.0,-1,47,-1.0
13957,13957,-39337.14553289431,-4391.322074173535,250.0,-1,-1,-1.0
13958,13958,-25921.194513255345,32359.625348248024,97.0,-1,-1,-1.0
13959,13959,37298.4068500549,-21764.923958947023,424.0,-1,-1,-1.0
13960,13960,-9762.369513029484,12158.64875728388,484.0,-1,27,-1.0
13961,13961,535.8150329522177,-18082.280812220703,394.0,-1,31,-1.0
13962,13962,35988.40048235074,-37188.46830146571,368.0,-1,21,-1.0
13963,13963,24412.0030682286,11020.560512384953,487.0,-1,-1,-1.0
13964,13964,-14612.812766707835,20034.643275647657,109.0,-1,-1,-1.0
13965,13965,-23797.409289644635,-25055.63395491051,202.0,-1,-1,-1.0
13966,13966,24733.72701959832,27022.26057697153,451.0,-1,-1,-1.0
13967,13967,32744.33060915886,22507.773534782755,2.0,-1,-1,-1.0
13968,13968,31115.429437682164,2181.4692924064584,54.0,-1,-1,-1.0
13969,13969,-31665.6564478122,-34300.534135385344,372.0,-1,-1,-1.0
13970,13970,-11443.700891256398,27748.153466628093,293.0,-1,48,61.0
13971,13971,28411.657249722004,27098.713248338376,35.0,-1,-1,-1.0
13972,13972,-38675.93171708135,25326.22879948493,36.0,-1,-1,-1.0
13973,13973,24239.67948651268,-19296.738022277623,14.0,-1,-1,-1.0
13974,13974,-17967.05661758372,9680.25824400712,393.0,-1,-1,-1.0
13975,13975,36357.935425546966,-18295.541999317626,249.0,-1,-1,-1.0
13976,13976,-18962.24576588036,18221.51217934441,437.0,-1,-1,-1.0
13977,13977,-31499.80405629249,-18767.51700467624,266.0,-1,-1,-1.0
13978,13978,-12216.231367545057,-31614.05818497068,376.0,-1,-1,-1.0
13979,13979,482.6679140692286,4690.6011277078505,466.0,-1,-1,-1.0
13980,13980,18113.37180803012,38906.14281693091,384.0,-1,-1,-1.0
13981,13981,-33337.32812425566,25074.28925684972,166.0,-1,-1,-1.0
13982,13982,24859.64292813785,-1373.054087637203,218.0,-1,-1,-1.0
13983,13983,-13863.078085482528,13107.950691314894,243.0,-1,-1,-1.0
13984,13984,-2022.426509655961,13621.607689071512,194.0,-1,-1,-1.0
13985,13985,33630.67374746471,-1799.93839443053,380.0,-1,-1,-1.0
13986,13986,-9305.412091721531,3153.8778063869904,7.0,-1,-1,-1.0
13987,13987,-5543.548590601691,-35023.639034204345,215.0,-1,35,-1.0
13988,13988,25715.722349820226,34053.477755094355,182.0,-1,30,-1.0
13989,13989,26965.617002247174,2115.041296732612,50.0,-1,-1,-1.0
13990,13990,-750.8578546423014,-32932.36070940916,287.0,-1,-1,-1.0
13991,13991,-19232.30098403524,-25153.740958785536,114.0,-1,36,-1.0
13992,13992,34759.491004692216,-12411.774814467111,402.0,-1,-1,-1.0
13993,13993,26260.448077308392,4991.960078762168,442.0,-1,-1,-1.0
13994,13994,13331.178223088333,-27200.098494577735,238.0,-1,3,-1.0
13995,13995,34508.527183836224,35552.49624347413,185.0,-1,11,-1.0
13996,13996,-19198.06801604904,34696.921814682355,271.0,-1,-1,-1.0
13997,13997,8943.329396198598,-26653.956154892046,442.0,-1,31,-1.0
13998,13998,-20632.234043899178,-23692.499516934804,178.0,-1,36,-1.0
13999,13999,8998.796596185275,7613.17363207895,140.0,-1,-1,-1.0
14000,14000,21060.223187371117,9949.92525509128,413.0,-1,16,-1.0
14001,14001,11361.347058683845,31980.570424808397,341.0,-1,-1,-1.0
14002,14002,33654.70989544077,9882.805302433677,381.0,-1,-1,-1.0
14003,14003,-22230.56487727569,-18614.64612788226,6.0,-1,-1,-1.0
14004,14004,-30110.2753689216,-20601.301546245675,187.0,-1,39,-1.0
14005,14005,-21690.225670143485,-16728.08447986742,86.0,-1,-1,-1.0
14006,14006,-3623.580845472396,-14565.058304964085,278.0,-1,31,-1.0
14007,14007,39157.35677893966,-28758.43232742768,420.0,-1,-1,-1.0
14008,14008,26631.330347194,-26264.88598729608,376.0,-1,45,51.0
14009,14009,-144.06223178919026,38398.1141536888,315.0,-1,-1,-1.0
14010,14010,-4575.25743790398,23157.519427763604,144.0,-1,-1,-1.0
14011,14011,-10022.218702998533,17061.49929042691,60.0,-1,-1,-1.0
14012,14012,-21770.498985920072,39895.94929199717,327.0,-1,-1,-1.0
14013,14013,-16528.920082430504,-27897.15196223036,137.0,-1,36,42.0
14014,14014,-17556.779352594498,-17160.43269892223,104.0,-1,-1,-1.0
14015,14015,-16602.79936618399,349.88623839656793,76.0,-1,-1,-1.0
14016,14016,-10963.563528161052,-16574.42396697282,52.0,-1,31,-1.0
14017,14017,-10533.545112535963,38211.04250575218,307.0,-1,48,-1.0
14018,14018,-32690.3658473042,21107.298224502265,290.0,-1,40,-1.0
14019,14019,-22626.24580841875,920.606727847924,403.0,-1,-1,-1.0
14020,14020,-6288.988328140731,35152.06723338434,438.0,-1,48,-1.0
14021,14021,26721.79205477952,21627.73930176417,135.0,-1,-1,-1.0
14022,14022,10801.584711154348,24840.866462026563,34.0,-1,48,-1.0
14023,14023,-33908.50810478805,-12814.703635114394,414.0,-1,-1,-1.0
14024,14024,-30043.08868025973,26582.544204907823,174.0,-1,-1,-1.0
14025,14025,1196.8404033213735,32742.526463636124,25.0,-1,-1,-1.0
14026,14026,35506.28579367837,10683.30282105787,45.0,-1,28,-1.0
14027,14027,19926.85770975609,2494.1830911297657,63.0,-1,-1,-1.0
14028,14028,18917.23178902012,19292.080157313925,270.0,-1,18,-1.0
14029,14029,-24801.794508703115,-8888.537218370719,216.0,-1,-1,-1.0
14030,14030,4441.762887106153,27355.36439416198,380.0,-1,48,56.0
14031,14031,28841.9302967705,-33377.05888387869,65.0,-1,-1,-1.0
14032,14032,-17056.430951476705,32464.562575207485,189.0,-1,-1,-1.0
14033,14033,-21103.36733208456,-2510.9382422685667,243.0,-1,43,-1.0
14034,14034,-33541.1261067568,-7632.751882279837,126.0,-1,-1,-1.0
14035,14035,-24735.4720631492,-37972.95434335574,52.0,-1,-1,-1.0
14036,14036,-24743.277225556827,-32389.312151895567,272.0,-1,-1,-1.0
14037,14037,-32129.93490649993,-10879.224875490356,316.0,-1,-1,-1.0
14038,14038,19350.88217879506,-39819.31563658542,176.0,-1,-1,-1.0
14039,14039,5548.323110436904,23182.325378873204,456.0,-1,46,-1.0
14040,14040,25919.099166326123,25266.66488860405,461.0,-1,18,-1.0
14041,14041,-20354.08224116338,-35209.805428894564,451.0,-1,-1,-1.0
14042,14042,-4389.336757503916,-33815.634666693164,351.0,-1,35,-1.0
14043,14043,-3872.8374734250974,-20641.098446004937,354.0,-1,7,-1.0
14044,14044,22759.169487550997,9431.953074343211,499.0,-1,-1,-1.0
14045,14045,17735.978985700596,1050.5721246564644,250.0,-1,-1,-1.0
14046,14046,-34680.87545548085,-31478.65391670307,248.0,-1,-1,-1.0
14047,14047,17598.33065481377,-901.7469333712506,210.0,-1,-1,-1.0
14048,14048,-14966.933778701925,-26194.44147702253,178.0,-1,17,-1.0
14049,14049,-20083.599445261854,-9649.525233751345,112.0,-1,-1,-1.0
14050,14050,-23626.05625226981,815.0887016432243,183.0,-1,-1,-1.0
14051,14051,25104.0964449392,-21997.529197819516,24.0,-1,-1,-1.0
14052,14052,21503.407005580997,-7418.094579948403,474.0,-1,44,-1.0
14053,14053,-7403.608374287403,-7999.906125644633,363.0,-1,31,-1.0
14054,14054,-35043.186436041484,-22217.401005633452,330.0,-1,-1,-1.0
14055,14055,32372.46902646836,7654.324223022522,465.0,-1,-1,-1.0
14056,14056,33733.89478768066,16108.93654089683,196.0,-1,-1,-1.0
14057,14057,-337.82660611761094,8009.126724999573,479.0,-1,27,-1.0
14058,14058,35890.872327232704,9660.92772670825,118.0,-1,28,-1.0
14059,14059,-4805.641511127156,-3517.667603553164,76.0,-1,-1,-1.0
14060,14060,-19573.995004955814,-3336.700156245781,130.0,-1,43,-1.0
14061,14061,-29212.707356069805,-22778.081490589862,133.0,-1,39,-1.0
14062,14062,8751.463973071994,-22489.65547528705,309.0,-1,-1,-1.0
14063,14063,20423.796502845333,33325.33164901828,8.0,-1,-1,-1.0
14064,14064,-34669.91078276507,-31739.608667734825,426.0,-1,-1,-1.0
14065,14065,12950.44342120592,35940.023869127195,464.0,-1,-1,-1.0
14066,14066,-2337.144295951177,35600.646359788734,494.0,-1,48,-1.0
14067,14067,126.99462238192064,-8005.982701258363,299.0,-1,31,-1.0
14068,14068,18311.137992415373,-17586.852254004796,121.0,-1,-1,-1.0
14069,14069,34886.32553038733,14652.17749145002,391.0,-1,28,-1.0
14070,14070,28690.501231736867,-31927.686987552494,46.0,-1,-1,-1.0
14071,14071,-29524.347471985344,-22928.007471479665,250.0,-1,39,-1.0
14072,14072,8217.98391650751,-26979.19267841286,420.0,-1,31,-1.0
14073,14073,5659.254754926114,12862.38357777144,147.0,-1,-1,-1.0
14074,14074,-12118.520599087164,-37471.97484039153,73.0,-1,-1,-1.0
14075,14075,24833.870851575022,1459.7038625706627,253.0,-1,-1,-1.0
14076,14076,24761.68091247438,-26705.55767249836,256.0,-1,-1,-1.0
14077,14077,29165.92347529014,12524.55476746113,399.0,-1,-1,-1.0
14078,14078,-24773.64119566769,6822.362874067869,437.0,-1,-1,-1.0
14079,14079,6269.214061191087,-1092.6848119285642,164.0,-1,-1,-1.0
14080,14080,988.7682155308868,25223.232826841093,200.0,-1,-1,-1.0
14081,14081,-37010.443311104216,6751.300110331038,50.0,-1,-1,-1.0
14082,14082,-5286.674860775973,6476.931425449213,393.0,-1,-1,-1.0
14083,14083,30847.99486006076,-6813.574170425483,333.0,-1,-1,-1.0
14084,14084,-23935.74265216533,38822.96621068443,161.0,-1,-1,-1.0
14085,14085,19695.08698869972,15814.702797147993,17.0,-1,18,-1.0
14086,14086,12035.973554629578,16756.22270902153,184.0,-1,-1,-1.0
14087,14087,-1193.6210037420678,-28517.162925920285,148.0,-1,-1,-1.0
14088,14088,-20023.240743833987,-23750.37965700193,452.0,-1,-1,-1.0
14089,14089,-8263.354567481052,-32397.671139317023,291.0,-1,-1,-1.0
14090,14090,13324.461014810717,29010.19665194853,286.0,-1,-1,-1.0
14091,14091,5315.564770179437,20203.052142190165,145.0,-1,-1,-1.0
14092,14092,7810.970761124983,-29939.305908439965,130.0,-1,-1,-1.0
14093,14093,-6070.129160987344,332.8093238906513,57.0,-1,-1,-1.0
14094,14094,35043.14771248803,21429.80605087393,410.0,-1,28,-1.0
14095,14095,20349.86407655301,23956.90231953876,392.0,-1,18,-1.0
14096,14096,-37664.54815151741,-32927.97007284607,201.0,-1,20,-1.0
14097,14097,30781.612238807124,25663.08730105868,47.0,-1,-1,-1.0
14098,14098,325.4519395484458,-36612.4532807852,429.0,-1,-1,-1.0
14099,14099,11021.930362683415,-35228.935587114014,428.0,-1,4,-1.0
14100,14100,-27734.278340039265,11006.095786787577,45.0,-1,-1,-1.0
14101,14101,551.9640399221244,31790.81498385372,459.0,-1,-1,-1.0
14102,14102,21970.45027720456,39638.369556005375,299.0,-1,-1,-1.0
14103,14103,-31399.103398193944,-6061.802533159389,491.0,-1,-1,-1.0
14104,14104,38550.23378328503,22955.95653424776,73.0,-1,-1,-1.0
14105,14105,30328.2369992921,37169.95031147258,313.0,-1,11,-1.0
14106,14106,12387.4394651264,26423.839881992,411.0,-1,-1,-1.0
14107,14107,26227.70759362944,-39700.61527385337,448.0,-1,-1,-1.0
14108,14108,-7722.907158539867,-12480.345396830544,439.0,-1,-1,-1.0
14109,14109,-29533.19148523477,-25309.42291977367,193.0,-1,-1,-1.0
14110,14110,-33199.577847886576,-21224.66443574427,89.0,-1,-1,-1.0
14111,14111,23212.047128126906,26672.53280395367,162.0,-1,-1,-1.0
14112,14112,-34823.01665719673,-25606.855657502914,70.0,-1,-1,-1.0
14113,14113,-1982.0572238335808,-28236.26679766868,446.0,-1,-1,-1.0
14114,14114,-27732.044539677085,-5233.502902833017,437.0,-1,41,-1.0
14115,14115,-18000.391621654027,798.4548038108842,318.0,-1,-1,-1.0
14116,14116,-5112.084825784106,8945.382014412615,253.0,-1,-1,-1.0
14117,14117,13161.69706677724,13844.539412768136,293.0,-1,-1,-1.0
14118,14118,-34127.53027509986,18599.21622341835,402.0,-1,-1,-1.0
14119,14119,-33278.865860917926,14162.211272239496,459.0,-1,24,-1.0
14120,14120,-11903.639411329124,-38410.22234330628,53.0,-1,-1,-1.0
14121,14121,-14456.249023872482,-31356.688338415566,437.0,-1,-1,-1.0
14122,14122,7980.935743265967,17816.707120379113,23.0,-1,-1,-1.0
14123,14123,-5159.868646220813,10096.555148502785,177.0,-1,-1,-1.0
14124,14124,14557.359467314986,13707.101727482484,77.0,-1,-1,-1.0
14125,14125,-27582.303859133823,27521.4750397795,374.0,-1,-1,-1.0
14126,14126,-28740.572749134604,9598.13492893413,186.0,-1,-1,-1.0
14127,14127,-25041.22126464039,30679.86120406864,358.0,-1,-1,-1.0
14128,14128,-13633.9776785709,-33854.430039811305,390.0,-1,36,-1.0
14129,14129,921.2476033717176,-34241.339442611934,53.0,-1,-1,-1.0
14130,14130,24992.78117930504,8700.611937239548,59.0,-1,15,-1.0
14131,14131,5060.235168165258,16081.572461521508,87.0,-1,-1,-1.0
14132,14132,12716.7675722536,-7542.644053699954,30.0,-1,13,-1.0
14133,14133,-21963.720798950028,-16038.984190392708,416.0,-1,-1,-1.0
14134,14134,6739.421462089202,-38845.42361361221,458.0,-1,-1,-1.0
14135,14135,-13537.099009864643,-30378.42379169665,380.0,-1,-1,-1.0
14136,14136,-13798.21150367918,18485.83035727498,193.0,-1,-1,-1.0
14137,14137,36582.89026099064,6584.97754508099,395.0,-1,28,-1.0
14138,14138,-25223.26460158957,-24603.021082337844,200.0,-1,38,-1.0
14139,14139,-19706.64178434947,4851.458017144454,324.0,-1,-1,-1.0
14140,14140,-10058.886043719403,657.7702422328075,255.0,-1,-1,-1.0
14141,14141,-17613.492258912906,-13437.853211101832,214.0,-1,42,-1.0
14142,14142,-26215.92174226427,-16249.595592044489,354.0,-1,-1,-1.0
14143,14143,-23652.88142895741,25075.869014873773,430.0,-1,48,-1.0
14144,14144,35390.46482275335,-598.5785916963214,164.0,-1,-1,-1.0
14145,14145,25315.882309119806,-33107.9500603188,339.0,-1,-1,-1.0
14146,14146,36181.39587944801,14257.661227788733,111.0,-1,28,-1.0
14147,14147,-28947.45183429984,-3716.557602575922,249.0,-1,41,-1.0
14148,14148,-30250.9506173248,32111.19888424693,103.0,-1,6,-1.0
14149,14149,35015.11244724628,9296.081588080451,340.0,-1,28,-1.0
14150,14150,21694.69757139126,-35164.63157935892,409.0,-1,-1,-1.0
14151,14151,-19717.334653681595,31865.816036223117,33.0,-1,-1,-1.0
14152,14152,18865.969167858188,5097.072396530399,217.0,-1,-1,-1.0
14153,14153,-26498.97759447785,-25536.11127736796,386.0,-1,38,-1.0
14154,14154,-30016.188853916407,34065.153646944935,76.0,-1,6,-1.0
14155,14155,532.2747855990528,29802.806255044925,336.0,-1,48,-1.0
14156,14156,6199.382255941629,25128.198548719916,155.0,-1,48,-1.0
14157,14157,8821.599789516033,29025.07638899861,114.0,-1,48,58.0
14158,14158,36903.77432025064,-22290.38547828208,66.0,-1,-1,-1.0
14159,14159,-35642.198530876325,26591.12132649067,370.0,-1,-1,-1.0
14160,14160,-23644.881172224188,-19663.7489116831,211.0,-1,-1,-1.0
14161,14161,669.9641007434111,7341.81923297375,482.0,-1,27,-1.0
14162,14162,-18095.792822391744,19955.155413323,294.0,-1,-1,-1.0
14163,14163,13037.786855128252,33348.86192581247,216.0,-1,47,55.0
14164,14164,19609.629226564262,-13032.96696386666,164.0,-1,-1,-1.0
14165,14165,27382.33506164039,39118.72258527119,158.0,-1,-1,-1.0
14166,14166,12309.741264020116,1124.779495464718,193.0,-1,-1,-1.0
14167,14167,39035.03499706116,-29468.09365263261,105.0,-1,-1,-1.0
14168,14168,-23282.401404661065,-6827.518820776895,447.0,-1,-1,-1.0
14169,14169,-31888.898382220967,16686.270408122924,294.0,-1,-1,-1.0
14170,14170,1402.8759409045233,27317.495433062533,61.0,-1,48,-1.0
14171,14171,-3063.0522236433826,35766.32528690074,259.0,-1,48,57.0
14172,14172,-18465.7044359692,-32047.68277787914,455.0,-1,-1,-1.0
14173,14173,-21916.81680245203,-7634.104287870061,260.0,-1,-1,-1.0
14174,14174,28929.11833185838,22759.36443635904,121.0,-1,-1,-1.0
14175,14175,-37750.72161732472,7434.88192168485,416.0,-1,-1,-1.0
14176,14176,28367.69294099077,12731.82016305076,418.0,-1,-1,-1.0
14177,14177,1828.89202758787,5841.231650710412,215.0,-1,-1,-1.0
14178,14178,-14620.11660417409,16202.531014190012,439.0,-1,-1,-1.0
14179,14179,-36521.93544146634,33086.218955534394,337.0,-1,-1,-1.0
14180,14180,1038.2268839278477,25169.77440773749,104.0,-1,-1,-1.0
14181,14181,22329.54084998924,34530.3125564425,134.0,-1,30,-1.0
14182,14182,-34361.41509833151,38847.459359707485,7.0,-1,5,-1.0
14183,14183,11005.781765753483,-39023.64027296293,348.0,-1,-1,-1.0
14184,14184,26250.208961726326,25031.211172343945,194.0,-1,18,-1.0
14185,14185,-37707.57019296391,-29754.5634722316,45.0,-1,20,-1.0
14186,14186,37381.225665999125,-33456.12987439628,457.0,-1,-1,-1.0
14187,14187,33093.38661039226,26559.28591899236,168.0,-1,10,-1.0
14188,14188,34130.86247801453,-22966.2178160896,319.0,-1,-1,-1.0
14189,14189,13536.043024853672,26130.25369993673,303.0,-1,-1,-1.0
14190,14190,-28120.829939376275,-26785.016305817484,405.0,-1,-1,-1.0
14191,14191,-7991.07194607436,28077.824704226543,398.0,-1,-1,-1.0
14192,14192,34294.49409669696,-38775.52565236899,498.0,-1,-1,-1.0
14193,14193,-39825.11339870722,-12044.18623604437,50.0,-1,-1,-1.0
14194,14194,-8151.352837727314,32163.219379519025,443.0,-1,-1,-1.0
14195,14195,-6833.375817106273,-39477.59921457259,487.0,-1,-1,-1.0
14196,14196,-39745.39647014989,-10987.696436793763,61.0,-1,-1,-1.0
14197,14197,-24680.53121554463,-5490.184022210648,137.0,-1,-1,-1.0
14198,14198,-37577.87982737482,-37119.20876580878,406.0,-1,-1,-1.0
14199,14199,-24534.844381016585,9300.3564167863,379.0,-1,-1,-1.0
14200,14200,-25393.212350722053,-13700.332703472108,352.0,-1,-1,-1.0
14201,14201,26710.095150753372,-5211.208804293659,253.0,-1,-1,-1.0
14202,14202,-7150.113259840378,32550.13114107828,202.0,-1,-1,-1.0
14203,14203,5437.3304195771125,-15426.231422979796,274.0,-1,-1,-1.0
14204,14204,-13912.232352863266,36011.187866024324,354.0,-1,-1,-1.0
14205,14205,-28861.34126723455,-451.92581613026414,87.0,-1,-1,-1.0
14206,14206,-6127.320629101901,34805.74352870099,89.0,-1,48,-1.0
14207,14207,-33155.46877059379,-2687.860345891335,279.0,-1,-1,-1.0
14208,14208,27762.86208244656,33841.557589698336,42.0,-1,-1,-1.0
14209,14209,7567.404985829366,16592.94286844186,290.0,-1,-1,-1.0
14210,14210,-26164.9845134976,-25208.40349720257,390.0,-1,38,-1.0
14211,14211,4917.22720346984,-18612.04701197168,54.0,-1,-1,-1.0
14212,14212,38103.12937164751,-38921.6710438686,302.0,-1,-1,-1.0
14213,14213,-30645.354445252764,26459.327757035742,154.0,-1,-1,-1.0
14214,14214,2952.758894809791,12056.19103866668,216.0,-1,-1,-1.0
14215,14215,25317.57676094911,21404.0495894297,148.0,-1,-1,-1.0
14216,14216,-5365.041615894617,-31486.28668002698,285.0,-1,-1,-1.0
14217,14217,-11896.069456010537,11480.836121207229,31.0,-1,-1,-1.0
14218,14218,-6650.133520746691,-30270.16597780433,440.0,-1,-1,-1.0
14219,14219,-11260.52152801166,24338.300524648577,467.0,-1,-1,-1.0
14220,14220,19505.252963150077,-11006.199917770517,469.0,-1,44,-1.0
14221,14221,-24407.72442113566,32974.96670466528,99.0,-1,-1,-1.0
14222,14222,-17903.971748670225,29277.921936679355,40.0,-1,48,-1.0
14223,14223,39083.252583690366,-31485.71790037245,420.0,-1,-1,-1.0
14224,14224,-32836.408478590376,36651.92162727294,142.0,-1,-1,-1.0
14225,14225,-27112.318794408435,-11053.943110229064,25.0,-1,-1,-1.0
14226,14226,8985.177849019565,19158.229157437985,169.0,-1,-1,-1.0
14227,14227,-32670.53451152557,-26001.61094499266,295.0,-1,-1,-1.0
14228,14228,-2177.709705909816,14203.19414542982,164.0,-1,-1,-1.0
14229,14229,-18225.937811436197,21066.64145216897,439.0,-1,-1,-1.0
14230,14230,9031.239553453825,-35256.610360808016,292.0,-1,-1,-1.0
14231,14231,6957.954949281877,-37457.23526091288,422.0,-1,-1,-1.0
14232,14232,-15899.412109065575,-38305.00840491496,296.0,-1,-1,-1.0
14233,14233,-18200.17450350033,-13857.84222418871,384.0,-1,42,-1.0
14234,14234,-33035.77672630755,-12036.983883127254,385.0,-1,-1,-1.0
14235,14235,-28571.631672154886,-31606.747857382445,429.0,-1,-1,-1.0
14236,14236,-20358.682788069014,-35583.96583247203,189.0,-1,-1,-1.0
14237,14237,21804.69827685877,18965.316265902555,150.0,-1,-1,-1.0
14238,14238,-330.04304516685806,-11878.536648613248,7.0,-1,31,-1.0
14239,14239,32653.32851511353,28164.0224129196,414.0,-1,-1,-1.0
14240,14240,-23302.0037176968,34186.499862004755,177.0,-1,-1,-1.0
14241,14241,-28495.90597799872,19103.3610428275,307.0,-1,-1,-1.0
14242,14242,14017.718834112507,28566.037225044944,222.0,-1,-1,-1.0
14243,14243,13039.541841738872,-39470.23699955697,467.0,-1,-1,-1.0
14244,14244,-20814.718957570007,-23027.049825749087,321.0,-1,-1,-1.0
14245,14245,16748.062239288534,-25367.099162304472,217.0,-1,-1,-1.0
14246,14246,-17539.414139112352,-15313.96363560834,380.0,-1,-1,-1.0
14247,14247,36225.0652308248,-8056.06701365691,439.0,-1,-1,-1.0
14248,14248,-24361.07863943462,-35289.11693556127,218.0,-1,12,-1.0
14249,14249,-3396.189532309276,-740.295505263748,67.0,-1,-1,-1.0
14250,14250,-29886.545760368364,-22526.426087312208,449.0,-1,39,-1.0
14251,14251,-12989.647363394555,-657.1970962256091,93.0,-1,-1,-1.0
14252,14252,14102.661775538889,13524.538731663248,429.0,-1,-1,-1.0
14253,14253,-29234.50023337967,32599.011533124984,269.0,-1,-1,-1.0
14254,14254,-36448.10383515913,33610.01432648291,300.0,-1,-1,-1.0
14255,14255,-4227.479186505923,4870.271041126776,190.0,-1,27,-1.0
14256,14256,34151.81069615562,10845.116799438532,135.0,-1,28,-1.0
14257,14257,-3729.593509133309,20415.73650677909,248.0,-1,-1,-1.0
14258,14258,18476.61010520916,-29318.3706883869,56.0,-1,3,-1.0
14259,14259,18353.97477521249,22138.33025497589,30.0,-1,-1,-1.0
14260,14260,32527.52560839802,-35725.6157240893,293.0,-1,-1,-1.0
14261,14261,7261.543245692781,-28279.257467045616,236.0,-1,31,-1.0
14262,14262,-33229.66424525513,16510.502187225888,183.0,-1,24,-1.0
14263,14263,2965.592566341853,-28058.970893597383,337.0,-1,-1,-1.0
14264,14264,-29784.092851349,-10668.723045382569,212.0,-1,-1,-1.0
14265,14265,-7194.197694398266,-8484.767364251093,232.0,-1,31,36.0
14266,14266,-35453.838374388506,-30727.715381700007,362.0,-1,20,-1.0
14267,14267,36210.4511875825,30742.692814547816,86.0,-1,-1,-1.0
14268,14268,-3847.1676555355953,-28630.76333291646,395.0,-1,-1,-1.0
14269,14269,39667.73864262765,6805.340779515464,486.0,-1,-1,-1.0
14270,14270,-7304.824025556132,11385.872420081085,425.0,-1,27,-1.0
14271,14271,-22866.527619398217,-11630.817221715955,9.0,-1,-1,-1.0
14272,14272,-576.2438360803426,-22626.36675523533,57.0,-1,-1,-1.0
14273,14273,14310.596583483491,-24391.52643930183,480.0,-1,-1,-1.0
14274,14274,31322.175741294806,-29554.976608717094,298.0,-1,-1,-1.0
14275,14275,-26826.003968446486,6600.405472052305,194.0,-1,-1,-1.0
14276,14276,-37691.99324996877,-35639.34512768213,431.0,-1,-1,-1.0
14277,14277,-149.65067859191913,-36657.4738994158,263.0,-1,-1,-1.0
14278,14278,-39764.1877554458,-28161.71584907183,413.0,-1,-1,-1.0
14279,14279,33610.44183550673,-34629.424817930696,111.0,-1,21,-1.0
14280,14280,26003.5242552275,10753.316236478471,14.0,-1,15,-1.0
14281,14281,1573.0220051679062,-27128.8551420354,363.0,-1,25,-1.0
14282,14282,-20104.77952362782,-38162.79080226726,374.0,-1,-1,-1.0
14283,14283,-22969.655862874613,-18874.78743451222,206.0,-1,-1,-1.0
14284,14284,15321.55370512652,26660.928735663707,151.0,-1,9,-1.0
14285,14285,-18685.219028072177,28288.9976613684,37.0,-1,-1,-1.0
14286,14286,-9449.438209827851,-14502.656489317573,357.0,-1,31,-1.0
14287,14287,-12613.239947463306,-7228.177266398183,264.0,-1,-1,-1.0
14288,14288,-32324.566280559757,-17577.7566296025,198.0,-1,-1,-1.0
14289,14289,-33497.21510295392,-12737.092913900207,272.0,-1,-1,-1.0
14290,14290,-25614.450731832825,-19847.293987593497,113.0,-1,-1,-1.0
14291,14291,-31955.750533937902,23425.41568592617,186.0,-1,-1,-1.0
14292,14292,24009.694641929207,-13445.328225024725,26.0,-1,-1,-1.0
14293,14293,30416.236845343243,25573.431367758956,108.0,-1,-1,-1.0
14294,14294,37107.388008555805,-14930.633610945606,439.0,-1,-1,-1.0
14295,14295,12310.713149039068,5965.329011753704,94.0,-1,-1,-1.0
14296,14296,13323.793766570105,11964.021476598718,473.0,-1,-1,-1.0
14297,14297,20251.06860968677,-6553.490328927917,302.0,-1,44,-1.0
14298,14298,-34298.34146571297,1176.9474635805964,183.0,-1,29,-1.0
14299,14299,-19433.821885166508,39625.56356529504,31.0,-1,-1,-1.0
14300,14300,-20788.688603195693,-17574.52607730168,183.0,-1,42,-1.0
14301,14301,-2342.3333047478445,38613.98396677908,154.0,-1,48,-1.0
14302,14302,16223.332543533295,13579.946174745171,458.0,-1,-1,-1.0
14303,14303,-13063.243752848111,32269.020679939204,206.0,-1,48,-1.0
14304,14304,31737.288832917548,-29003.849701375817,152.0,-1,-1,-1.0
14305,14305,21862.520019708456,11102.44351735968,305.0,-1,16,-1.0
14306,14306,-12841.628897771625,-16661.89859150281,167.0,-1,-1,-1.0
14307,14307,-30336.61417198043,16677.15091623779,236.0,-1,-1,-1.0
14308,14308,-37396.10780383744,35499.76917335157,310.0,-1,5,6.0
14309,14309,-1993.5773370176105,-1838.6699552856007,204.0,-1,-1,-1.0
14310,14310,6817.55909233103,-38110.54038302238,0.0,-1,-1,-1.0
14311,14311,-29325.43694835136,21911.01584961947,315.0,-1,-1,-1.0
14312,14312,-2459.4608192037776,28248.508384329907,395.0,-1,-1,-1.0
14313,14313,-8522.876746873393,-3327.37058012854,212.0,-1,-1,-1.0
14314,14314,30920.960465507214,12976.888790522382,116.0,-1,-1,-1.0
14315,14315,36420.5279164954,-35500.43037931995,250.0,-1,21,-1.0
14316,14316,-908.215917922571,-12614.059628350851,90.0,-1,31,-1.0
14317,14317,-31267.4283407018,-3397.838567700536,131.0,-1,41,-1.0
14318,14318,31684.13894198842,38285.04477032897,221.0,-1,11,-1.0
14319,14319,-17518.34192709877,-4651.529697428123,182.0,-1,43,-1.0
14320,14320,-11982.865801328851,11241.716714813854,318.0,-1,-1,-1.0
14321,14321,472.7079000758313,-1416.179610186162,490.0,-1,-1,-1.0
14322,14322,21074.704541458435,-5261.411997029762,406.0,-1,44,-1.0
14323,14323,23133.734256705364,-22537.364700917336,167.0,-1,-1,-1.0
14324,14324,-19063.721266009423,11554.490603098631,78.0,-1,-1,-1.0
14325,14325,19095.88112279203,-17894.631377108104,118.0,-1,-1,-1.0
14326,14326,-36253.37807002346,39901.938836663714,85.0,-1,-1,-1.0
14327,14327,-4177.9125471272055,33316.51531229065,172.0,-1,48,-1.0
14328,14328,-15713.274672286265,-31312.06445811654,16.0,-1,36,-1.0
14329,14329,-29769.7501756276,21316.601321518618,456.0,-1,-1,-1.0
14330,14330,10051.503953795022,36883.86066730054,112.0,-1,-1,-1.0
14331,14331,3747.472240599265,7773.494480245245,47.0,-1,27,-1.0
14332,14332,-6582.574274831968,-2148.064586769571,185.0,-1,-1,-1.0
14333,14333,-6668.456758123095,26150.196941804417,462.0,-1,48,-1.0
14334,14334,31209.062817922662,2016.2965780225568,237.0,-1,-1,-1.0
14335,14335,-10673.100137105535,13349.276774928832,131.0,-1,27,-1.0
14336,14336,-9326.271907834034,-12836.437468277103,258.0,-1,31,-1.0
14337,14337,-12865.50947305539,21669.54887734139,93.0,-1,-1,-1.0
14338,14338,29523.004772690416,-9907.858638930014,68.0,-1,-1,-1.0
14339,14339,-32190.87650716503,26827.5694206194,498.0,-1,-1,-1.0
14340,14340,15698.727937703348,-32560.04964357194,19.0,-1,3,-1.0
14341,14341,-31076.84905562864,-7920.084440059414,357.0,-1,41,-1.0
14342,14342,25616.634863788557,-21641.879551791164,446.0,-1,45,-1.0
14343,14343,-36658.586756582015,38861.89563344502,401.0,-1,5,-1.0
14344,14344,12118.558051114249,-34932.67616746249,378.0,-1,4,-1.0
14345,14345,35376.811401446714,38164.34161423768,45.0,-1,-1,-1.0
14346,14346,29963.349577580448,-38054.72940187935,341.0,-1,-1,-1.0
14347,14347,34534.19036181987,8136.672274196375,335.0,-1,28,-1.0
14348,14348,9931.02064603944,-28210.836083871294,404.0,-1,-1,-1.0
14349,14349,-20670.533094683906,34062.836153037,283.0,-1,-1,-1.0
14350,14350,38586.322308997886,-31084.942753739982,51.0,-1,-1,-1.0
14351,14351,29974.075021022378,-23848.28061801608,247.0,-1,45,-1.0
14352,14352,-12232.131817805155,-27755.00256589515,271.0,-1,17,-1.0
14353,14353,2830.815655254526,6255.1315370992525,461.0,-1,-1,-1.0
14354,14354,9103.250380449594,-19865.9877279084,483.0,-1,-1,-1.0
14355,14355,-2239.506398816935,31877.098303695588,189.0,-1,48,-1.0
14356,14356,2572.2609716532897,-2138.8992127713427,402.0,-1,-1,-1.0
14357,14357,17829.340723986046,-16.652205087040784,39.0,-1,-1,-1.0
14358,14358,-14308.914170177304,-8168.622292804219,232.0,-1,-1,-1.0
14359,14359,-17400.967866143543,-13437.856830149012,154.0,-1,42,-1.0
14360,14360,-8778.573174965833,-3924.306998754269,26.0,-1,-1,-1.0
14361,14361,22134.376453852776,24845.67503680433,435.0,-1,-1,-1.0
14362,14362,-12087.771010976749,15001.398728079948,87.0,-1,-1,-1.0
14363,14363,-16737.680479301533,5327.441571788011,101.0,-1,-1,-1.0
14364,14364,23186.39758058799,24690.9882401469,139.0,-1,-1,-1.0
14365,14365,12952.863361576829,22875.71219277256,478.0,-1,-1,-1.0
14366,14366,5249.8128964338175,-19243.27902033826,285.0,-1,-1,-1.0
14367,14367,3629.395731024713,31267.778046346604,419.0,-1,48,-1.0
14368,14368,29570.05953025128,15554.47104313923,66.0,-1,-1,-1.0
14369,14369,17042.680467544204,3320.324790372142,248.0,-1,2,-1.0
14370,14370,29297.8860388418,-34273.42174998267,39.0,-1,-1,-1.0
14371,14371,-12562.13467550042,-21839.386194068,133.0,-1,-1,-1.0
14372,14372,5754.215415702631,12528.045134130152,408.0,-1,-1,-1.0
14373,14373,-4264.877654831551,17495.815372659017,218.0,-1,-1,-1.0
14374,14374,-13376.030041308572,34011.451080111365,97.0,-1,48,-1.0
14375,14375,-23321.662319234485,-16960.25018376802,299.0,-1,-1,-1.0
14376,14376,32334.97832585266,29575.527841310148,462.0,-1,-1,-1.0
14377,14377,6172.67061993463,9211.54983598263,319.0,-1,-1,-1.0
14378,14378,644.1347869191159,27792.22554503377,492.0,-1,-1,-1.0
14379,14379,-19470.71338229212,26367.00544880344,22.0,-1,48,-1.0
14380,14380,-537.6787403794733,-36006.24467948647,55.0,-1,-1,-1.0
14381,14381,-9757.91182838437,-33066.557231806364,158.0,-1,-1,-1.0
14382,14382,-31715.864468175256,28518.71406305541,135.0,-1,-1,-1.0
14383,14383,9973.848701546623,38402.11774116752,247.0,-1,-1,-1.0
14384,14384,11478.432510704792,-34278.93575823124,402.0,-1,-1,-1.0
14385,14385,28331.103706999857,1787.124273074238,394.0,-1,-1,-1.0
14386,14386,2629.6713753594886,24199.558529188784,376.0,-1,-1,-1.0
14387,14387,20030.9595322344,11652.81781429224,421.0,-1,-1,-1.0
14388,14388,32743.649831211587,38621.58819847868,118.0,-1,-1,-1.0
14389,14389,-714.4125591436969,-16151.867246430544,99.0,-1,31,-1.0
14390,14390,19286.00892010436,-19890.000576757724,13.0,-1,-1,-1.0
14391,14391,-13570.80815420617,-13428.47794150442,342.0,-1,-1,-1.0
14392,14392,-21926.3000574277,2702.877090435759,18.0,-1,-1,-1.0
14393,14393,-38519.9062051339,-32178.37439462075,136.0,-1,20,-1.0
14394,14394,-38750.65537783215,-19055.39162065565,75.0,-1,0,-1.0
14395,14395,-1842.9767447995544,18597.2318060767,233.0,-1,46,-1.0
14396,14396,17324.602027661247,27210.844952141808,191.0,-1,-1,-1.0
14397,14397,5638.295787440788,25053.21291741637,457.0,-1,48,56.0
14398,14398,-7304.777132732765,37878.25790396513,184.0,-1,-1,-1.0
14399,14399,8693.266934550506,7985.955028319608,242.0,-1,-1,-1.0
14400,14400,35150.219269391426,2267.09209613366,309.0,-1,28,-1.0
14401,14401,-34470.734560843644,18263.62534826211,439.0,-1,-1,-1.0
14402,14402,17145.254875146704,-10578.87759354748,361.0,-1,-1,-1.0
14403,14403,30890.8743285494,-34440.67369850936,99.0,-1,-1,-1.0
14404,14404,1849.9956582701925,-17954.27953974303,256.0,-1,31,35.0
14405,14405,28516.24251745989,33257.3148351797,140.0,-1,-1,-1.0
14406,14406,1249.2935196938924,-19213.651027122127,261.0,-1,31,35.0
14407,14407,34359.15749083467,688.8389792302914,29.0,-1,-1,-1.0
14408,14408,-32319.418253631837,-28722.49261888169,417.0,-1,34,-1.0
14409,14409,37979.33538926793,-2234.6685102684205,103.0,-1,-1,-1.0
14410,14410,36788.65317516487,-2154.512728595073,140.0,-1,-1,-1.0
14411,14411,4409.370046327058,35094.77867288714,122.0,-1,-1,-1.0
14412,14412,10704.02501713654,23996.94857968999,10.0,-1,48,-1.0
14413,14413,12856.292224425291,-19345.75382709585,346.0,-1,-1,-1.0
14414,14414,12796.180168827188,-17363.408716161633,38.0,-1,-1,-1.0
14415,14415,28857.83561284686,33853.53967535688,96.0,-1,-1,-1.0
14416,14416,6225.340032504711,-20715.575953806943,253.0,-1,-1,-1.0
14417,14417,7212.131243538701,-35874.45744936678,193.0,-1,1,-1.0
14418,14418,15947.980576067122,29640.735431612426,222.0,-1,-1,-1.0
14419,14419,-39957.09421385028,-5402.513973378256,286.0,-1,-1,-1.0
14420,14420,37362.71311462678,-22953.027301589187,240.0,-1,-1,-1.0
14421,14421,25402.62290738341,38260.11789890855,227.0,-1,30,-1.0
14422,14422,843.8516554288435,31113.646111462964,192.0,-1,-1,-1.0
14423,14423,13900.782455423643,-10567.533123836998,355.0,-1,-1,-1.0
14424,14424,29348.023811820327,-6777.76268377596,396.0,-1,-1,-1.0
14425,14425,-31207.21446548161,-12157.938384034607,116.0,-1,-1,-1.0
14426,14426,-12907.080601520836,-14695.031087193078,203.0,-1,-1,-1.0
14427,14427,-15000.64589359755,27467.70793202989,210.0,-1,48,-1.0
14428,14428,15230.33440408444,-24873.241163222658,200.0,-1,-1,-1.0
14429,14429,35279.33938647561,6533.468036380582,327.0,-1,28,-1.0
14430,14430,22168.622974799157,14041.0113447596,116.0,-1,-1,-1.0
14431,14431,2809.1801297852,2255.2091841183064,237.0,-1,-1,-1.0
14432,14432,-7507.556768027258,10856.619241480235,377.0,-1,27,-1.0
14433,14433,38692.81738163608,2252.1924570781703,313.0,-1,28,-1.0
14434,14434,-2443.561547412719,18828.94674322319,140.0,-1,46,-1.0
14435,14435,-16878.64780892527,-16543.689158544865,233.0,-1,-1,-1.0
14436,14436,37106.23305098771,-11048.577037537478,248.0,-1,-1,-1.0
14437,14437,-17914.791177354524,7926.144074411517,186.0,-1,-1,-1.0
14438,14438,-20692.66476774243,-11527.127286712664,57.0,-1,-1,-1.0
14439,14439,5380.736367056445,8561.035476742218,432.0,-1,27,-1.0
14440,14440,29779.40558150866,-34011.542997384095,477.0,-1,-1,-1.0
14441,14441,34503.52313866309,-32283.40311727208,170.0,-1,21,-1.0
14442,14442,18183.903228300864,24721.43179364779,389.0,-1,-1,-1.0
14443,14443,14982.817955366423,-15985.494076400188,472.0,-1,-1,-1.0
14444,14444,-13004.666098797685,38771.6428506724,238.0,-1,-1,-1.0
14445,14445,-30993.245103729725,3167.8717174091507,11.0,-1,29,-1.0
14446,14446,-25630.964238395525,-25660.22918388036,458.0,-1,38,-1.0
14447,14447,-8204.75767154984,6682.794825458353,225.0,-1,27,-1.0
14448,14448,-39458.851490275454,-26784.23128188377,108.0,-1,-1,-1.0
14449,14449,-6556.8690846154495,10596.141496008177,97.0,-1,-1,-1.0
14450,14450,27093.47605478828,14093.135996125238,289.0,-1,-1,-1.0
14451,14451,-9282.91880704193,-20380.203195917427,15.0,-1,-1,-1.0
14452,14452,-3673.151359827592,-18619.542864642488,225.0,-1,-1,-1.0
14453,14453,29852.11091972726,-11338.94659010063,310.0,-1,-1,-1.0
14454,14454,22007.53385336583,-2077.060439433866,228.0,-1,-1,-1.0
14455,14455,-19220.74559646868,-37085.37257153425,434.0,-1,-1,-1.0
14456,14456,-24075.095117307297,10064.727923395214,414.0,-1,-1,-1.0
14457,14457,26452.574066449044,28240.790105996784,330.0,-1,-1,-1.0
14458,14458,36795.148823004114,24257.76202678721,417.0,-1,-1,-1.0
14459,14459,-4562.280948293686,30466.30638467224,242.0,-1,-1,-1.0
14460,14460,12627.438509488517,-24872.27235280656,62.0,-1,-1,-1.0
14461,14461,32196.69125217937,19336.418980905182,8.0,-1,28,-1.0
14462,14462,-32211.69586633752,-2748.5671870492006,151.0,-1,-1,-1.0
14463,14463,-33379.15847874518,491.6310449284792,10.0,-1,-1,-1.0
14464,14464,-39803.22040336682,14008.463333192269,186.0,-1,-1,-1.0
14465,14465,-27418.15637084321,-15262.739468010674,83.0,-1,-1,-1.0
14466,14466,-33150.643825545354,-30509.715484140623,457.0,-1,34,-1.0
14467,14467,-3637.610959984835,-16484.668203618843,212.0,-1,31,-1.0
14468,14468,28149.9715894564,-11322.41566232741,229.0,-1,-1,-1.0
14469,14469,-37223.2149385794,2890.897855980773,64.0,-1,-1,-1.0
14470,14470,-17964.46262097617,18544.8180927835,75.0,-1,-1,-1.0
14471,14471,16498.66500709118,-2654.839717671268,19.0,-1,-1,-1.0
14472,14472,19876.76012035788,1982.695613947042,42.0,-1,-1,-1.0
14473,14473,-35018.81661148613,-35494.219692349,357.0,-1,19,-1.0
14474,14474,26943.54022306409,15446.940573132151,406.0,-1,-1,-1.0
14475,14475,23675.127445252896,-34032.07419106216,499.0,-1,-1,-1.0
14476,14476,-26978.110561607355,5658.779212347967,102.0,-1,-1,-1.0
14477,14477,-3621.071160181295,15651.256186901606,153.0,-1,-1,-1.0
14478,14478,17421.811117524587,-26023.12670640604,102.0,-1,3,-1.0
14479,14479,30063.43401095955,-37865.85288271279,378.0,-1,-1,-1.0
14480,14480,-27209.318548523137,-33024.00380542439,316.0,-1,-1,-1.0
14481,14481,-27252.540204371795,-6393.066730673723,190.0,-1,-1,-1.0
14482,14482,-7788.349151125509,38995.33544562523,88.0,-1,-1,-1.0
14483,14483,32780.06393253544,33292.20710414171,188.0,-1,-1,-1.0
14484,14484,-34126.30458867927,-26697.85317119353,439.0,-1,-1,-1.0
14485,14485,-30584.499776619392,-437.413544216266,33.0,-1,29,-1.0
14486,14486,-20686.46294821857,4464.250131013949,122.0,-1,-1,-1.0
14487,14487,3478.105619007809,12950.57063743117,325.0,-1,-1,-1.0
14488,14488,7544.008659758256,-35600.05706909513,40.0,-1,1,-1.0
14489,14489,-9397.882297280146,2240.267930261929,371.0,-1,-1,-1.0
14490,14490,28995.576289410325,-2179.955489460779,498.0,-1,33,-1.0
14491,14491,-4089.2456604001927,34621.180921459745,412.0,-1,48,-1.0
14492,14492,-33637.53279217966,10877.422442122428,168.0,-1,-1,-1.0
14493,14493,-34749.007350757245,-32902.57217434495,434.0,-1,-1,-1.0
14494,14494,39203.987236633504,-30693.96656541681,404.0,-1,-1,-1.0
14495,14495,26846.41305706084,34727.755238147685,284.0,-1,30,-1.0
14496,14496,33349.5496284406,-31637.394274622955,101.0,-1,-1,-1.0
14497,14497,2412.714517362656,14151.850806900611,272.0,-1,8,-1.0
14498,14498,-14042.037724819147,-26705.23450537499,54.0,-1,17,-1.0
14499,14499,-20631.77663132004,-16410.83403545725,177.0,-1,42,-1.0
14500,14500,10027.0975398714,-19641.07518118672,433.0,-1,-1,-1.0
14501,14501,-7202.177188897767,19160.36798117805,346.0,-1,-1,-1.0
14502,14502,24554.8462580654,-3050.828105769193,346.0,-1,-1,-1.0
14503,14503,-39775.88983073109,14463.43396149599,232.0,-1,-1,-1.0
14504,14504,-27927.00620645058,11315.75694526454,194.0,-1,-1,-1.0
14505,14505,10130.217213618977,-14090.154428814534,420.0,-1,-1,-1.0
14506,14506,-38624.7232509405,9844.651139937974,204.0,-1,-1,-1.0
14507,14507,349.4425575178102,-6140.030390210508,493.0,-1,-1,-1.0
14508,14508,-36144.436177735,-14461.278874328656,158.0,-1,-1,-1.0
14509,14509,4032.259270646762,29668.373940105856,152.0,-1,-1,-1.0
14510,14510,12776.579462565,-23658.10005006705,477.0,-1,-1,-1.0
14511,14511,2403.608863368383,30260.67838821921,463.0,-1,-1,-1.0
14512,14512,-27361.742125999743,-22001.33074685424,219.0,-1,39,-1.0
14513,14513,-39779.68344600019,22964.807100408863,87.0,-1,-1,-1.0
14514,14514,1400.349284926946,9890.58813340735,427.0,-1,27,-1.0
14515,14515,6995.791932008942,1183.4542087808222,360.0,-1,-1,-1.0
14516,14516,33735.41591997037,-23777.907028400583,430.0,-1,45,-1.0
14517,14517,-37064.92642348742,-22545.311556456592,224.0,-1,0,-1.0
14518,14518,-25695.00243188957,10121.163196870735,182.0,-1,-1,-1.0
14519,14519,12259.705124544444,-19802.27837421463,462.0,-1,-1,-1.0
14520,14520,-32183.903983633223,13784.696717834682,413.0,-1,-1,-1.0
14521,14521,-32343.51163702792,-8123.730062695075,354.0,-1,41,-1.0
14522,14522,16148.648952281466,1052.4630833541232,3.0,-1,-1,-1.0
14523,14523,27458.002893872515,3590.716047227106,268.0,-1,-1,-1.0
14524,14524,27245.856518032306,-34850.14680055574,136.0,-1,-1,-1.0
14525,14525,31301.55794059753,-30283.50616951897,35.0,-1,-1,-1.0
14526,14526,-28117.204826983376,32641.089093153787,488.0,-1,-1,-1.0
14527,14527,5704.005662254021,-7171.288521819239,33.0,-1,-1,-1.0
14528,14528,20752.918542263276,-2289.663949908965,152.0,-1,-1,-1.0
14529,14529,11907.832756245982,-24070.505495229656,498.0,-1,3,-1.0
14530,14530,-6627.992101082455,7558.168941347481,427.0,-1,-1,-1.0
14531,14531,-11408.549721332629,-24421.675591210627,183.0,-1,17,-1.0
14532,14532,37202.52539630512,-36363.61803273375,475.0,-1,21,-1.0
14533,14533,-1739.6767493820007,-17005.296978603194,136.0,-1,31,-1.0
14534,14534,20372.630233416246,-39545.08752994209,340.0,-1,-1,-1.0
14535,14535,16086.512472739196,-32024.015117468945,419.0,-1,-1,-1.0
14536,14536,-20327.763948137286,-17235.99877208442,323.0,-1,42,-1.0
14537,14537,37364.14756552965,5197.28026995236,415.0,-1,28,32.0
14538,14538,-23739.492667605664,-2207.040923866087,219.0,-1,41,-1.0
14539,14539,1199.9699371705065,-26907.372435130965,393.0,-1,25,-1.0
14540,14540,-24731.29565467288,-2630.4611519972023,387.0,-1,41,-1.0
14541,14541,-17786.705279033362,-5674.835908897185,126.0,-1,43,-1.0
14542,14542,31165.24900992388,-23209.5428419011,30.0,-1,45,-1.0
14543,14543,-8326.753647261907,5382.339420301942,79.0,-1,27,-1.0
14544,14544,-26250.45264922675,-7068.160623755626,183.0,-1,-1,-1.0
14545,14545,-19233.238635583235,29932.02638807273,209.0,-1,48,-1.0
14546,14546,-30342.630664857665,-27286.062953097527,313.0,-1,-1,-1.0
14547,14547,-26313.77186248386,10659.684167034451,23.0,-1,-1,-1.0
14548,14548,35426.4933374853,-25852.019056087025,267.0,-1,45,-1.0
14549,14549,25676.27878725996,-16832.939627099153,89.0,-1,-1,-1.0
14550,14550,-2481.0543810560994,-24001.090519781217,173.0,-1,-1,-1.0
14551,14551,-19087.569086221454,-30006.09857814693,222.0,-1,-1,-1.0
14552,14552,32847.189048924454,-33842.185214374884,31.0,-1,-1,-1.0
14553,14553,-24016.30458394321,27304.78797382416,204.0,-1,-1,-1.0
14554,14554,20492.487925809168,-13191.664726401155,203.0,-1,-1,-1.0
14555,14555,23660.035120920416,-3117.2971779487925,392.0,-1,-1,-1.0
14556,14556,27732.55375715953,-12086.487476136946,390.0,-1,45,-1.0
14557,14557,-38214.2742570079,-1593.9835080820922,310.0,-1,-1,-1.0
14558,14558,11854.123923179051,-10444.067486553597,393.0,-1,13,-1.0
14559,14559,-4508.909753648157,24176.736848663382,331.0,-1,-1,-1.0
14560,14560,-20812.245723779663,-14893.154439676808,9.0,-1,-1,-1.0
14561,14561,-19875.514048210774,-23717.72782915402,472.0,-1,-1,-1.0
14562,14562,18330.80220461793,32784.84202752879,103.0,-1,-1,-1.0
14563,14563,943.4225628569984,5661.309504795288,283.0,-1,-1,-1.0
14564,14564,-15627.121371435627,-7432.854566748778,498.0,-1,43,-1.0
14565,14565,-19447.56813193429,-9265.973910994291,130.0,-1,-1,-1.0
14566,14566,8435.513141947631,-2748.9360269733224,421.0,-1,-1,-1.0
14567,14567,12422.119646772211,-39377.431053879365,434.0,-1,-1,-1.0
14568,14568,-20461.641028705548,-27962.644362650757,413.0,-1,-1,-1.0
14569,14569,14811.54562241472,34364.95022392455,111.0,-1,-1,-1.0
14570,14570,29860.96575432732,39702.48956693812,132.0,-1,-1,-1.0
14571,14571,-34653.84549469278,-17711.742394867746,15.0,-1,-1,-1.0
14572,14572,3106.4060385148696,-10674.143485530232,171.0,-1,-1,-1.0
14573,14573,2158.611081311436,-30957.569857464885,48.0,-1,-1,-1.0
14574,14574,19485.84323169028,3115.6235730695407,454.0,-1,-1,-1.0
14575,14575,-32718.526720346057,-35591.97187437149,426.0,-1,-1,-1.0
14576,14576,3920.1406418036568,39577.36297900762,32.0,-1,-1,-1.0
14577,14577,-31837.460754270516,3980.6085968638954,19.0,-1,29,-1.0
14578,14578,-19998.695498354264,4333.546348767108,114.0,-1,-1,-1.0
14579,14579,-3454.1071134947706,-29822.87751342062,9.0,-1,-1,-1.0
14580,14580,14775.165626224036,33797.650331803,442.0,-1,47,-1.0
14581,14581,-19717.340384493145,29889.478207000066,276.0,-1,48,-1.0
14582,14582,-35609.002581971305,-762.6339859135842,239.0,-1,29,-1.0
14583,14583,35535.09783463499,19951.069426158407,484.0,-1,28,-1.0
14584,14584,-2665.346759430162,33236.41445232203,36.0,-1,48,-1.0
14585,14585,19601.604722792727,24891.85836693328,17.0,-1,18,-1.0
14586,14586,20206.110243127427,35669.374345985794,102.0,-1,30,-1.0
14587,14587,21806.838181892133,6869.20193022232,29.0,-1,-1,-1.0
14588,14588,-8238.403446140961,-23352.80112915809,399.0,-1,7,-1.0
14589,14589,-5083.467155924845,25330.602743796822,79.0,-1,-1,-1.0
14590,14590,-14393.923912934046,-18897.30508174377,407.0,-1,-1,-1.0
14591,14591,-13295.486113593215,1948.3127894984573,344.0,-1,-1,-1.0
14592,14592,-10366.800917735223,-4595.094791996693,169.0,-1,-1,-1.0
14593,14593,-524.5220623836576,4795.366095627607,453.0,-1,-1,-1.0
14594,14594,37798.86275239501,-19603.377564070142,146.0,-1,-1,-1.0
14595,14595,-35866.02258226409,34686.449523716714,341.0,-1,5,-1.0
14596,14596,-36149.133378941646,-32968.87044385563,254.0,-1,20,-1.0
14597,14597,26596.720879719094,-29107.14738160512,151.0,-1,45,-1.0
14598,14598,26943.51269033739,-18856.882164122613,93.0,-1,45,-1.0
14599,14599,24209.30167994052,-7587.24643592495,56.0,-1,-1,-1.0
14600,14600,-29971.95761137428,-9587.308506092291,167.0,-1,-1,-1.0
14601,14601,-24035.212399337837,-32432.088634212803,296.0,-1,-1,-1.0
14602,14602,16247.369573858296,31971.932418731987,444.0,-1,-1,-1.0
14603,14603,31964.56002404868,34059.38680530849,255.0,-1,-1,-1.0
14604,14604,-35120.44410007579,9178.112348435112,92.0,-1,24,-1.0
14605,14605,16538.91886347154,-18312.285528152373,185.0,-1,-1,-1.0
14606,14606,-24389.945090808265,34052.87885676055,195.0,-1,-1,-1.0
14607,14607,-25005.05739243336,-34051.08710954587,468.0,-1,12,-1.0
14608,14608,-33680.01862364856,146.21886086183804,19.0,-1,29,-1.0
14609,14609,24447.802997088773,-17619.19205722778,485.0,-1,-1,-1.0
14610,14610,7807.291783951616,-19429.17991093971,138.0,-1,-1,-1.0
14611,14611,12779.40507163675,24574.49977065072,349.0,-1,-1,-1.0
14612,14612,-18766.84273541759,-25578.780804881957,95.0,-1,36,-1.0
14613,14613,17685.907121692253,20751.30076868702,444.0,-1,18,-1.0
14614,14614,-9071.576791052785,22341.604366047533,151.0,-1,-1,-1.0
14615,14615,-38280.54522922716,31564.772286633877,300.0,-1,-1,-1.0
14616,14616,-22423.409890581912,-14758.6618103421,438.0,-1,-1,-1.0
14617,14617,37182.16955285051,37848.51537906926,322.0,-1,-1,-1.0
14618,14618,-15757.684500178108,-33956.82504822769,24.0,-1,36,-1.0
14619,14619,-24208.9840312323,-19366.598205257644,348.0,-1,-1,-1.0
14620,14620,-38486.38456423951,-35831.63070324977,332.0,-1,-1,-1.0
14621,14621,-3301.719830495298,-37012.54563296981,18.0,-1,-1,-1.0
14622,14622,-42.66841112162365,37662.6230210487,316.0,-1,-1,-1.0
14623,14623,28222.65575128121,3640.005485952308,414.0,-1,-1,-1.0
14624,14624,33564.04202913625,-29064.36165011205,432.0,-1,-1,-1.0
14625,14625,30890.084561404303,29991.980634731008,187.0,-1,-1,-1.0
14626,14626,-2503.888048740402,1200.5081235623584,124.0,-1,22,-1.0
14627,14627,-26086.90105133209,36481.182700373305,416.0,-1,-1,-1.0
14628,14628,-39254.70023806604,-3618.7979516429696,274.0,-1,-1,-1.0
14629,14629,-37797.03755629078,11400.670166824091,362.0,-1,-1,-1.0
14630,14630,-22433.45606250777,-3768.398864250157,242.0,-1,-1,-1.0
14631,14631,-23474.5014555278,14533.770305770588,243.0,-1,-1,-1.0
14632,14632,38630.55666427812,37123.23267407941,97.0,-1,-1,-1.0
14633,14633,16138.390384697144,5900.555218680915,141.0,-1,2,-1.0
14634,14634,-4522.9955901609865,-37480.35820659356,377.0,-1,-1,-1.0
14635,14635,3558.200178441257,-33669.22094732012,327.0,-1,1,-1.0
14636,14636,-25534.412759177147,39615.540110426446,281.0,-1,-1,-1.0
14637,14637,-13243.218569848992,25948.737147117223,173.0,-1,-1,-1.0
14638,14638,-22889.807021524568,12387.140759309732,444.0,-1,-1,-1.0
14639,14639,34207.281144167384,30740.782987468207,418.0,-1,10,-1.0
14640,14640,5227.636484424751,-39176.67228401175,164.0,-1,-1,-1.0
14641,14641,27431.564960001284,16715.444228132357,225.0,-1,-1,-1.0
14642,14642,5301.723647530678,33656.052141831286,256.0,-1,47,-1.0
14643,14643,-29503.491593864856,-32617.244136822228,68.0,-1,-1,-1.0
14644,14644,11472.654557710091,-22873.55869285001,447.0,-1,-1,-1.0
14645,14645,-36553.84332705842,-20366.868207114665,347.0,-1,0,-1.0
14646,14646,-32080.50907468613,-30213.60543487621,298.0,-1,34,-1.0
14647,14647,39524.72454402397,32844.54356473965,460.0,-1,10,-1.0
14648,14648,-30096.536940521983,-20636.409383741768,173.0,-1,39,-1.0
14649,14649,-85.13802882299933,-31809.03307465642,41.0,-1,-1,-1.0
14650,14650,-33218.75743088872,-20736.590417519124,337.0,-1,-1,-1.0
14651,14651,15839.007990588929,-1103.604800407753,159.0,-1,-1,-1.0
14652,14652,-22838.90533494099,188.88754894168235,272.0,-1,-1,-1.0
14653,14653,-16795.361072092226,-31280.52443906838,27.0,-1,36,-1.0
14654,14654,-35441.42461746631,-20551.621079661956,77.0,-1,-1,-1.0
14655,14655,-8649.776965125744,-10929.08527283816,177.0,-1,31,-1.0
14656,14656,3258.1729997828297,-33456.89336621078,238.0,-1,1,-1.0
14657,14657,-10926.83345312552,1107.783325389857,227.0,-1,-1,-1.0
14658,14658,-2863.395827857181,31717.024721973343,160.0,-1,-1,-1.0
14659,14659,37921.110187536586,-32671.53306054068,159.0,-1,-1,-1.0
14660,14660,-9366.73767681259,21599.45895042096,248.0,-1,-1,-1.0
14661,14661,-205.8390378218028,4462.852728943522,492.0,-1,-1,-1.0
14662,14662,3867.1224845736215,-21315.83420197482,324.0,-1,-1,-1.0
14663,14663,-3484.024927838509,-26788.83560921641,314.0,-1,-1,-1.0
14664,14664,-29307.47562288769,-8301.181324181747,80.0,-1,41,47.0
14665,14665,-13709.6307532729,18161.691268884424,240.0,-1,-1,-1.0
14666,14666,-9247.050787405566,3115.2788210012586,36.0,-1,27,-1.0
14667,14667,-34666.20729650242,30366.06758879659,129.0,-1,-1,-1.0
14668,14668,-31212.21778937774,-21877.973050628774,31.0,-1,39,45.0
14669,14669,5602.756613523656,-9837.234347228035,197.0,-1,31,-1.0
14670,14670,35410.49312493151,12374.32582044699,106.0,-1,28,-1.0
14671,14671,-1413.1564787928946,31952.955258430942,183.0,-1,48,-1.0
14672,14672,35576.839895932164,2797.087185233031,150.0,-1,28,-1.0
14673,14673,-30621.05109197071,2130.6886420236115,187.0,-1,29,-1.0
14674,14674,6001.969883315098,30301.705974287484,382.0,-1,48,56.0
14675,14675,-18873.62648309712,-16501.363739326207,168.0,-1,42,-1.0
14676,14676,1839.926796596752,36947.152485496,29.0,-1,48,-1.0
14677,14677,5733.40229873114,29391.155285788293,422.0,-1,48,56.0
14678,14678,2544.215587907267,22674.192755696957,26.0,-1,-1,-1.0
14679,14679,-6180.306827153225,18791.118509921725,83.0,-1,-1,-1.0
14680,14680,-2714.943764870739,6687.034034202516,268.0,-1,27,-1.0
14681,14681,12740.42847743784,-36449.6155444284,440.0,-1,4,-1.0
14682,14682,16805.61722867605,33525.206326073385,139.0,-1,-1,-1.0
14683,14683,-180.0074994668248,-17767.504546877804,336.0,-1,31,35.0
14684,14684,1593.9502012563607,14265.78940915045,260.0,-1,8,-1.0
14685,14685,24312.480233301947,-4117.294595024876,59.0,-1,-1,-1.0
14686,14686,9238.877973050578,3709.319566303391,363.0,-1,-1,-1.0
14687,14687,20270.67202014423,-31263.692070555386,30.0,-1,-1,-1.0
14688,14688,-4697.877586390685,-7880.7923542956705,245.0,-1,31,-1.0
14689,14689,22154.99087689233,-31303.35951893981,286.0,-1,-1,-1.0
14690,14690,-4601.736900163938,-6331.42995818935,43.0,-1,31,-1.0
14691,14691,12749.729787098411,19567.67965828288,156.0,-1,-1,-1.0
14692,14692,-1886.7262828118328,-519.3122067027143,328.0,-1,22,-1.0
14693,14693,15748.332757299955,20591.29938644045,221.0,-1,-1,-1.0
14694,14694,-28398.2273135173,35382.35629116038,369.0,-1,6,-1.0
14695,14695,27929.63832476118,8663.612469016814,161.0,-1,-1,-1.0
14696,14696,-9453.581607127602,31966.27110836831,203.0,-1,-1,-1.0
14697,14697,12310.507368060076,30078.500053256157,265.0,-1,-1,-1.0
14698,14698,-19517.830208998923,-12432.234247284956,402.0,-1,-1,-1.0
14699,14699,25369.236734675047,32950.82446826005,178.0,-1,-1,-1.0
14700,14700,29279.88297036878,28317.39148874939,404.0,-1,10,-1.0
14701,14701,1838.276392068081,-21268.71402722437,490.0,-1,31,-1.0
14702,14702,38175.36035457178,13824.40146956248,182.0,-1,28,-1.0
14703,14703,-2549.8735728150714,35452.98564557386,479.0,-1,48,-1.0
14704,14704,-15288.063833286978,10538.62339953435,106.0,-1,-1,-1.0
14705,14705,-16647.824434030448,22654.56077002111,489.0,-1,-1,-1.0
14706,14706,-17730.55425239254,33580.782756364075,467.0,-1,-1,-1.0
14707,14707,28895.19789423734,3146.243310927137,363.0,-1,-1,-1.0
14708,14708,-34714.666925964826,38392.27930795829,183.0,-1,5,6.0
14709,14709,19875.301865721514,14401.601730132556,289.0,-1,-1,-1.0
14710,14710,-31531.34576479596,480.7654967170529,431.0,-1,29,-1.0
14711,14711,34113.632509488496,-10023.638227448402,314.0,-1,-1,-1.0
14712,14712,10600.259052618749,39516.7837838643,93.0,-1,-1,-1.0
14713,14713,16650.710631336682,2052.726885618038,285.0,-1,-1,-1.0
14714,14714,13908.907835940816,8901.429402856971,56.0,-1,-1,-1.0
14715,14715,-11348.206084290134,35310.040896613034,318.0,-1,48,-1.0
14716,14716,541.8953423542334,159.41649546739063,402.0,-1,22,-1.0
14717,14717,37283.55627039111,33527.28871542342,162.0,-1,10,-1.0
14718,14718,-37009.11896250665,16273.750696150972,442.0,-1,-1,-1.0
14719,14719,20302.8004103076,-3668.014431160562,33.0,-1,-1,-1.0
14720,14720,-6081.398951964249,-29188.279307207336,333.0,-1,-1,-1.0
14721,14721,25792.247576255424,24104.50440962297,408.0,-1,18,-1.0
14722,14722,-7783.905577504083,-33602.591608664145,57.0,-1,35,-1.0
14723,14723,-13762.80435204734,-21814.57708988222,258.0,-1,-1,-1.0
14724,14724,-3530.1654432758223,-22274.666706818192,478.0,-1,-1,-1.0
14725,14725,-17975.92645186312,16501.486999280467,299.0,-1,-1,-1.0
14726,14726,-30049.334857331927,-14611.53171408064,171.0,-1,-1,-1.0
14727,14727,9439.019985969288,8982.994121572643,237.0,-1,-1,-1.0
14728,14728,-21432.12615670878,13594.681986872723,97.0,-1,-1,-1.0
14729,14729,28260.705734787058,6286.785892152126,67.0,-1,-1,-1.0
14730,14730,-27674.35565644921,-23845.13034239534,165.0,-1,-1,-1.0
14731,14731,2374.103427836526,-5766.998702156066,488.0,-1,-1,-1.0
14732,14732,-3133.742420913113,-39421.42578552439,15.0,-1,-1,-1.0
14733,14733,-20391.726584627108,787.0865817546292,122.0,-1,-1,-1.0
14734,14734,-2168.314880200087,125.00503410560486,469.0,-1,22,-1.0
14735,14735,25550.5253902759,30642.178655252326,124.0,-1,-1,-1.0
14736,14736,-22435.53569158201,-9693.599151682156,474.0,-1,-1,-1.0
14737,14737,5703.943771005033,27579.451134092214,37.0,-1,-1,-1.0
14738,14738,37862.3583254546,-7817.121193714156,90.0,-1,-1,-1.0
14739,14739,29467.6627078812,5977.747470206879,215.0,-1,-1,-1.0
14740,14740,21966.66250214242,-28477.60810462435,422.0,-1,-1,-1.0
14741,14741,-18715.87718929715,16226.559693199097,131.0,-1,-1,-1.0
14742,14742,-19488.30244861176,35260.11317612672,496.0,-1,-1,-1.0
14743,14743,-13080.35608018746,-3937.779936442006,391.0,-1,-1,-1.0
14744,14744,-17941.314148926216,19770.130732096422,337.0,-1,-1,-1.0
14745,14745,7186.569102486275,-36471.26098551294,322.0,-1,1,-1.0
14746,14746,-9880.831435686632,-23335.633771703146,383.0,-1,-1,-1.0
14747,14747,30588.40718451001,-12172.02028017124,53.0,-1,-1,-1.0
14748,14748,17040.89204429608,-9450.127294879316,229.0,-1,-1,-1.0
14749,14749,34819.75958481278,25961.312693620755,346.0,-1,-1,-1.0
14750,14750,-4679.629655518438,18206.474783438425,454.0,-1,-1,-1.0
14751,14751,1721.9449188716608,-12257.898772611115,333.0,-1,31,-1.0
14752,14752,-30524.015457759582,24207.75996328319,357.0,-1,-1,-1.0
14753,14753,-23965.83609310853,-30558.665825802684,487.0,-1,-1,-1.0
14754,14754,-35086.86189460215,21018.55691608139,452.0,-1,-1,-1.0
14755,14755,9849.168893946626,-25325.605076638876,439.0,-1,-1,-1.0
14756,14756,-9212.514837950766,9850.147266665015,465.0,-1,-1,-1.0
14757,14757,-12902.895398839308,-36084.31216069591,328.0,-1,36,-1.0
14758,14758,37654.7162714867,-3287.991254048786,267.0,-1,-1,-1.0
14759,14759,35443.35925497199,-10478.50679552038,177.0,-1,-1,-1.0
14760,14760,-11765.254027312223,18785.675610424463,471.0,-1,-1,-1.0
14761,14761,-31337.953003746417,2721.694613240019,415.0,-1,29,-1.0
14762,14762,-20149.62207737064,12500.96191691522,352.0,-1,-1,-1.0
14763,14763,-36837.687565084976,15706.813873317238,179.0,-1,-1,-1.0
14764,14764,-20737.50620211384,-10747.021382254046,117.0,-1,-1,-1.0
14765,14765,-33487.04818512223,27091.199819373927,316.0,-1,-1,-1.0
14766,14766,6109.602495028696,5685.512867724974,351.0,-1,-1,-1.0
14767,14767,21449.65516829565,-4918.083745355303,195.0,-1,44,50.0
14768,14768,-4188.48774140708,-10640.720545557106,120.0,-1,31,-1.0
14769,14769,-27323.217346249952,-16022.589289821231,231.0,-1,-1,-1.0
14770,14770,-19682.38201731552,-4444.546074393562,90.0,-1,-1,-1.0
14771,14771,-26689.897991900863,-35214.70810534816,317.0,-1,-1,-1.0
14772,14772,-24717.2221800086,-32303.833367803894,387.0,-1,-1,-1.0
14773,14773,-6309.150875690415,-31124.2365229306,194.0,-1,-1,-1.0
14774,14774,-18885.31673900944,-4205.306666341661,42.0,-1,-1,-1.0
14775,14775,39408.25688570648,-4236.189981555486,160.0,-1,-1,-1.0
14776,14776,-25061.6633559818,-16532.521501805782,454.0,-1,-1,-1.0
14777,14777,-28438.83963604121,16777.268166870686,447.0,-1,40,-1.0
14778,14778,26569.95246223254,13314.686576384673,166.0,-1,15,-1.0
14779,14779,2310.9213058961614,39890.19455872239,72.0,-1,-1,-1.0
14780,14780,16445.633739403245,-3656.939479884997,219.0,-1,13,-1.0
14781,14781,6180.18324688846,23650.715937460314,409.0,-1,-1,-1.0
14782,14782,-19214.10611351823,-16452.914667741956,404.0,-1,42,-1.0
14783,14783,-38174.1476388701,12305.11327817868,292.0,-1,-1,-1.0
14784,14784,28246.578972239324,17856.55042755943,42.0,-1,-1,-1.0
14785,14785,25354.654385088805,2366.7338170484363,152.0,-1,-1,-1.0
14786,14786,21957.737833568863,-28048.482929706828,280.0,-1,-1,-1.0
14787,14787,10907.759992988118,-18756.016935448613,418.0,-1,-1,-1.0
14788,14788,-4175.2648292632,2874.8735782579533,475.0,-1,27,-1.0
14789,14789,30010.435502273947,777.3123465930767,396.0,-1,-1,-1.0
14790,14790,11504.387653964746,14530.11142864928,487.0,-1,-1,-1.0
14791,14791,7062.287147444222,-35662.343860198125,91.0,-1,1,-1.0
14792,14792,-18084.235279468583,30588.90481029192,21.0,-1,-1,-1.0
14793,14793,-38541.27164933127,-15723.56380753047,119.0,-1,-1,-1.0
14794,14794,20144.481547339023,14447.996628926136,301.0,-1,-1,-1.0
14795,14795,10659.876418497595,-633.6821011996362,336.0,-1,-1,-1.0
14796,14796,-5524.473335418501,-11556.408430831943,228.0,-1,31,-1.0
14797,14797,-27790.385709671114,-39615.484417519736,171.0,-1,-1,-1.0
14798,14798,-11976.419238927934,15112.131096237732,450.0,-1,-1,-1.0
14799,14799,19873.283978877,35372.6133532096,264.0,-1,-1,-1.0
14800,14800,32876.32799588503,37028.721036202114,228.0,-1,11,-1.0
14801,14801,-10833.136554312548,-27711.22774969816,375.0,-1,17,-1.0
14802,14802,-13968.87995481661,30727.3926191494,447.0,-1,-1,-1.0
14803,14803,-22063.35634760987,30263.08356663461,294.0,-1,-1,-1.0
14804,14804,29238.83413763816,36390.91446211109,167.0,-1,11,-1.0
14805,14805,39475.68689334902,37102.9270600754,496.0,-1,-1,-1.0
14806,14806,31724.53972758162,-5495.117227705297,183.0,-1,-1,-1.0
14807,14807,22867.1333192839,-29464.695002788783,82.0,-1,-1,-1.0
14808,14808,23944.12751729489,-3117.2302042876327,343.0,-1,-1,-1.0
14809,14809,-12425.614395456749,36240.91898203519,166.0,-1,48,-1.0
14810,14810,-14177.69865219025,28784.68256024148,371.0,-1,-1,-1.0
14811,14811,-7110.239586470496,-30099.184193405017,272.0,-1,-1,-1.0
14812,14812,-1639.4495554432433,-29974.80302924361,227.0,-1,-1,-1.0
14813,14813,2484.761388650149,28203.32356828908,422.0,-1,48,-1.0
14814,14814,-34821.82080895964,-25620.44387786352,59.0,-1,-1,-1.0
14815,14815,14824.150279181493,-5666.574548044802,58.0,-1,13,-1.0
14816,14816,-20043.929139516506,-17967.859941486076,458.0,-1,42,-1.0
14817,14817,-24959.24086868269,1988.1628640182023,495.0,-1,-1,-1.0
14818,14818,-12715.64888614673,-26046.04630070879,143.0,-1,17,-1.0
14819,14819,26845.39892698427,-24020.33978387496,214.0,-1,45,-1.0
14820,14820,22932.452608455977,-24262.828096653007,76.0,-1,-1,-1.0
14821,14821,-6067.206102089731,-2609.767110315777,93.0,-1,-1,-1.0
14822,14822,25348.73016756378,-25058.435360544965,487.0,-1,-1,-1.0
14823,14823,-24232.0495370294,38412.70564498949,363.0,-1,-1,-1.0
14824,14824,19145.09952549013,-28590.566437439866,434.0,-1,-1,-1.0
14825,14825,-25785.035934638687,-24036.96314275698,175.0,-1,-1,-1.0
14826,14826,-33035.724577240515,30577.45735573706,161.0,-1,6,-1.0
14827,14827,10651.980072212107,-19364.80541099776,8.0,-1,-1,-1.0
14828,14828,-16968.836877674836,-537.9615438111141,489.0,-1,43,-1.0
14829,14829,-22560.501568428823,34352.467730201955,494.0,-1,-1,-1.0
14830,14830,6611.1245437385805,-5647.228330591715,35.0,-1,-1,-1.0
14831,14831,39043.26628760593,14849.153964907506,65.0,-1,-1,-1.0
14832,14832,-35863.91628351251,25345.87531440547,310.0,-1,-1,-1.0
14833,14833,-30630.575037104027,8884.979401933422,234.0,-1,-1,-1.0
14834,14834,3787.094470010481,-5564.196855104019,133.0,-1,-1,-1.0
14835,14835,28069.93018663874,-28286.28038191307,436.0,-1,-1,-1.0
14836,14836,-15599.549881460824,32337.316520617693,63.0,-1,-1,-1.0
14837,14837,30393.439635406077,-23162.38434099757,344.0,-1,45,51.0
14838,14838,35031.3315521765,-27302.185957925085,362.0,-1,45,-1.0
14839,14839,551.3743113183446,-2581.7346070567,110.0,-1,-1,-1.0
14840,14840,-27346.44898011416,16750.174013397307,386.0,-1,-1,-1.0
14841,14841,-1686.6810284014282,-16941.27186992924,477.0,-1,31,-1.0
14842,14842,-13423.74872799656,-17428.220404502223,307.0,-1,-1,-1.0
14843,14843,34352.87556263663,-7036.11037517948,331.0,-1,33,-1.0
14844,14844,35870.57276785516,24937.281174326046,353.0,-1,-1,-1.0
14845,14845,11524.817340502006,-25935.96438584741,124.0,-1,-1,-1.0
14846,14846,38610.82905645322,1655.8808341825206,160.0,-1,28,-1.0
14847,14847,-8403.9706120378,37868.4735170263,316.0,-1,48,-1.0
14848,14848,21472.371590747756,34775.137176748816,416.0,-1,-1,-1.0
14849,14849,-20040.672900636044,4137.231464977027,47.0,-1,-1,-1.0
14850,14850,-36127.79985649702,-7.884258566416975,303.0,-1,-1,-1.0
14851,14851,21449.88095928728,-4521.619744392468,294.0,-1,44,-1.0
14852,14852,3247.9812124562377,-15800.506762506386,127.0,-1,31,-1.0
14853,14853,39118.81362501411,20466.06681927409,498.0,-1,28,-1.0
14854,14854,21637.933783483342,16012.47338921434,25.0,-1,18,-1.0
14855,14855,-28540.02204875184,-38512.11571700931,474.0,-1,-1,-1.0
14856,14856,-33810.18471839709,-30414.26572131541,60.0,-1,-1,-1.0
14857,14857,-7525.799049089477,32947.427617523805,54.0,-1,-1,-1.0
14858,14858,-32713.748000551568,-38885.14778259474,451.0,-1,-1,-1.0
14859,14859,-31473.8957104407,-17430.952901276298,299.0,-1,-1,-1.0
14860,14860,7652.703117870478,-24927.020007722225,391.0,-1,-1,-1.0
14861,14861,-23723.58133039237,-9725.23280178752,375.0,-1,-1,-1.0
14862,14862,11644.357898301416,-31601.814516826,395.0,-1,-1,-1.0
14863,14863,-16964.586521631056,10093.935074328823,62.0,-1,-1,-1.0
14864,14864,-38928.55176769465,-20893.742921039702,414.0,-1,0,-1.0
14865,14865,-20302.200384874443,-25173.06069995629,459.0,-1,36,-1.0
14866,14866,-9705.735863834154,34745.11418737807,20.0,-1,-1,-1.0
14867,14867,19213.57368530444,-29507.88318836863,28.0,-1,-1,-1.0
14868,14868,-3052.641511067217,316.84381688255235,35.0,-1,-1,-1.0
14869,14869,-34069.82579637303,10281.221281479173,193.0,-1,-1,-1.0
14870,14870,-4634.574851022073,24558.51824629926,208.0,-1,-1,-1.0
14871,14871,20784.50162096557,17000.809853507104,420.0,-1,18,-1.0
14872,14872,18038.47389825868,-2057.4849906557797,443.0,-1,-1,-1.0
14873,14873,31594.130019550008,17014.945766105353,204.0,-1,-1,-1.0
14874,14874,36146.3630839237,-15842.440262127468,182.0,-1,-1,-1.0
14875,14875,8996.54890288366,-18805.5709201848,35.0,-1,-1,-1.0
14876,14876,-32489.783681545072,5415.303187577687,347.0,-1,-1,-1.0
14877,14877,-13870.428217001589,-7428.222336459952,376.0,-1,-1,-1.0
14878,14878,-35928.591775361376,-39214.65006988685,218.0,-1,-1,-1.0
14879,14879,-34258.70540111235,26811.07030838141,92.0,-1,-1,-1.0
14880,14880,36919.20878321017,-26793.41877922151,40.0,-1,-1,-1.0
14881,14881,-35341.805888077855,11353.977288192596,194.0,-1,24,-1.0
14882,14882,-14484.890351118664,18646.227306683657,114.0,-1,-1,-1.0
14883,14883,-13587.270431502104,27455.834795107512,297.0,-1,48,61.0
14884,14884,-16599.729737750124,-38011.220191238994,499.0,-1,-1,-1.0
14885,14885,-7146.201515824047,-4285.923730958537,232.0,-1,-1,-1.0
14886,14886,-2570.9671518525647,23742.199596299997,212.0,-1,-1,-1.0
14887,14887,39032.04923096948,-23719.84091073173,300.0,-1,-1,-1.0
14888,14888,1779.118090486416,-15755.470258160898,210.0,-1,31,-1.0
14889,14889,-37088.22934565989,-30737.96769576823,258.0,-1,20,23.0
14890,14890,-16299.71275719158,-35097.29889247712,258.0,-1,-1,-1.0
14891,14891,31484.680123100217,-28987.297312919367,98.0,-1,-1,-1.0
14892,14892,-21978.907462380823,12842.356706736864,320.0,-1,40,-1.0
14893,14893,-23690.535783585197,-5418.104407636005,95.0,-1,-1,-1.0
14894,14894,25900.823639296155,35094.85915634196,480.0,-1,30,-1.0
14895,14895,-28056.81116437664,-16908.23498122932,53.0,-1,-1,-1.0
14896,14896,15531.448347318546,36245.64242922224,32.0,-1,-1,-1.0
14897,14897,-9602.419979389811,23983.761936900104,275.0,-1,-1,-1.0
14898,14898,-12502.616289326554,-19971.62897391659,363.0,-1,-1,-1.0
14899,14899,5073.214730903877,19257.039603902333,216.0,-1,-1,-1.0
14900,14900,-34637.48418824714,32819.12652253035,249.0,-1,-1,-1.0
14901,14901,31679.16666783592,13511.730525416664,19.0,-1,-1,-1.0
14902,14902,32081.27955377534,15598.883716061668,12.0,-1,-1,-1.0
14903,14903,31837.46972162968,-19057.45708532041,405.0,-1,-1,-1.0
14904,14904,28289.692482079263,-29561.09872788413,142.0,-1,-1,-1.0
14905,14905,34988.28920512891,22579.245406907547,202.0,-1,-1,-1.0
14906,14906,7066.80830202777,27782.401091160413,82.0,-1,-1,-1.0
14907,14907,-15807.341234376898,-33162.76597932729,269.0,-1,36,-1.0
14908,14908,36163.80364669596,-23827.04933616564,455.0,-1,-1,-1.0
14909,14909,-29688.981003992936,16900.665677683137,126.0,-1,-1,-1.0
14910,14910,-110.16783009213395,-10813.126074615102,139.0,-1,31,-1.0
14911,14911,13791.75124443767,-36128.01413093341,274.0,-1,4,-1.0
14912,14912,12512.576138303804,12972.56307677528,99.0,-1,-1,-1.0
14913,14913,31625.81746293044,-38970.641914766464,349.0,-1,-1,-1.0
14914,14914,-24812.09655381103,10666.72395438816,292.0,-1,-1,-1.0
14915,14915,29417.081086339924,33978.03535833571,412.0,-1,-1,-1.0
14916,14916,-15569.457699796283,13317.370962641704,133.0,-1,-1,-1.0
14917,14917,23804.18422977628,7881.314135356821,20.0,-1,-1,-1.0
14918,14918,1108.6751535588191,-89.32492318686127,226.0,-1,-1,-1.0
14919,14919,-39850.420293974894,-2141.227021506049,241.0,-1,-1,-1.0
14920,14920,-8035.874285668073,2448.367252315744,403.0,-1,-1,-1.0
14921,14921,-18699.2589188072,32417.49747926393,263.0,-1,-1,-1.0
14922,14922,39837.04351456999,-6935.291772174787,20.0,-1,-1,-1.0
14923,14923,-20017.890604668355,3273.304829962653,404.0,-1,-1,-1.0
14924,14924,-27500.734717957675,21400.08929004084,30.0,-1,-1,-1.0
14925,14925,27028.00259167404,25622.086277100447,162.0,-1,-1,-1.0
14926,14926,-284.2175413489458,26584.62893525445,424.0,-1,48,-1.0
14927,14927,10919.92631598017,-426.1401817739534,420.0,-1,-1,-1.0
14928,14928,-39004.30652414567,-18632.892985444272,152.0,-1,0,-1.0
14929,14929,31391.934840574555,-29446.2287708698,457.0,-1,-1,-1.0
14930,14930,11204.570965150342,5831.891938348381,436.0,-1,2,-1.0
14931,14931,-1407.669783094214,-18434.73101058241,323.0,-1,31,-1.0
14932,14932,9894.429015218928,10608.726730834327,196.0,-1,-1,-1.0
14933,14933,-21567.23819882245,-27989.0219012073,124.0,-1,-1,-1.0
14934,14934,24193.810914367317,-28707.10584006746,69.0,-1,-1,-1.0
14935,14935,26152.680109545458,24524.47409025529,466.0,-1,18,-1.0
14936,14936,25349.8651323452,14509.657958757583,121.0,-1,-1,-1.0
14937,14937,-30030.68934127917,2090.3970933336605,339.0,-1,-1,-1.0
14938,14938,1447.4588110960176,13752.88775106032,204.0,-1,-1,-1.0
14939,14939,-34034.156207084074,33316.68678705352,125.0,-1,-1,-1.0
14940,14940,-38432.502286348754,-32836.91483475183,158.0,-1,20,-1.0
14941,14941,-21840.356301780783,17865.31268614852,385.0,-1,-1,-1.0
14942,14942,-14197.226865537375,-33969.399824334425,234.0,-1,36,-1.0
14943,14943,31857.96718861592,-23060.09297626372,120.0,-1,45,-1.0
14944,14944,666.1284205364354,-28185.00033410093,453.0,-1,25,-1.0
14945,14945,-39286.58780331431,8150.430739242751,268.0,-1,-1,-1.0
14946,14946,18007.820195471104,-8791.219438071475,43.0,-1,-1,-1.0
14947,14947,29337.497784859035,21575.628732688117,207.0,-1,28,-1.0
14948,14948,27583.66788498599,39962.87377550607,357.0,-1,-1,-1.0
14949,14949,-16587.92677150382,-12079.185969764669,473.0,-1,-1,-1.0
14950,14950,7153.219433735234,-2741.2716769982944,470.0,-1,-1,-1.0
14951,14951,-21555.905377220137,26500.45315757013,6.0,-1,48,-1.0
14952,14952,38499.88813086237,-5636.516741625594,163.0,-1,-1,-1.0
14953,14953,-11248.103416214984,-36300.976647641815,456.0,-1,36,-1.0
14954,14954,32359.15334655522,-28739.6644735232,24.0,-1,-1,-1.0
14955,14955,11572.680648214337,6502.507892071255,423.0,-1,2,-1.0
14956,14956,-25915.988904182523,-8134.730489908463,120.0,-1,-1,-1.0
14957,14957,-18629.47723779664,13213.205997572592,338.0,-1,-1,-1.0
14958,14958,-7709.324479924817,33935.14601398852,70.0,-1,-1,-1.0
14959,14959,19670.790882009525,-34220.606074440824,479.0,-1,-1,-1.0
14960,14960,-26956.613887739048,-10168.409148916757,121.0,-1,-1,-1.0
14961,14961,14511.16779652964,-28177.127181548665,322.0,-1,3,-1.0
14962,14962,4796.342389401529,25988.88067443836,190.0,-1,48,-1.0
14963,14963,-2014.029513363399,-30997.65826672438,35.0,-1,-1,-1.0
14964,14964,-9707.47022269844,21453.53289096702,402.0,-1,-1,-1.0
14965,14965,6279.990399463852,-13187.480742505852,433.0,-1,-1,-1.0
14966,14966,-33057.81724951592,17937.933084103264,419.0,-1,-1,-1.0
14967,14967,-17905.845954887045,3299.4007096493297,262.0,-1,-1,-1.0
14968,14968,28424.9420806812,5965.006701661507,168.0,-1,-1,-1.0
14969,14969,-10512.373856491176,37364.12635710258,14.0,-1,-1,-1.0
14970,14970,15648.431008184743,-23615.32640577524,348.0,-1,-1,-1.0
14971,14971,8879.710552179706,-22995.990925318005,191.0,-1,-1,-1.0
14972,14972,7043.847219499505,-21605.36901381404,355.0,-1,-1,-1.0
14973,14973,4192.256069449766,12137.885291754254,411.0,-1,-1,-1.0
14974,14974,-26219.940468877365,-11923.923819122703,168.0,-1,-1,-1.0
14975,14975,21811.166596792857,6433.163823891569,54.0,-1,-1,-1.0
14976,14976,30653.8240796225,1975.14158160572,111.0,-1,-1,-1.0
14977,14977,-29598.42397390264,-25725.125528120232,409.0,-1,-1,-1.0
14978,14978,23635.592721616216,15952.27585617482,120.0,-1,-1,-1.0
14979,14979,-39829.14543843018,-27750.32104492421,399.0,-1,-1,-1.0
14980,14980,34582.43975505479,29461.924557838545,244.0,-1,-1,-1.0
14981,14981,20014.551066293767,13806.359997565249,154.0,-1,-1,-1.0
14982,14982,-34457.34470937459,-26531.799108068262,365.0,-1,-1,-1.0
14983,14983,-31119.487650013874,-5253.87581770312,129.0,-1,-1,-1.0
14984,14984,24546.287030655832,30387.75295835403,476.0,-1,-1,-1.0
14985,14985,-7989.819358387358,-33032.61067360807,398.0,-1,35,-1.0
14986,14986,30631.692320823397,26854.762244756654,443.0,-1,-1,-1.0
14987,14987,-12439.323347181882,28197.94067808569,420.0,-1,48,-1.0
14988,14988,16752.478470069356,-9718.61950320582,10.0,-1,-1,-1.0
14989,14989,23672.716944432723,14420.439198417364,386.0,-1,-1,-1.0
14990,14990,-9008.722581264125,26790.024465946877,84.0,-1,48,-1.0
14991,14991,-9314.648001615966,7714.718331761869,322.0,-1,27,-1.0
14992,14992,19487.03767936024,21861.01157153755,337.0,-1,18,-1.0
14993,14993,-22038.631288848726,7508.379441311794,442.0,-1,-1,-1.0
14994,14994,8670.421288438578,-768.379382652718,213.0,-1,-1,-1.0
14995,14995,12262.890450583094,-34576.14059107274,3.0,-1,4,-1.0
14996,14996,-24190.831025576797,-27103.65162657312,119.0,-1,38,-1.0
14997,14997,-13028.377370403854,-1270.9840566069906,317.0,-1,-1,-1.0
14998,14998,9422.467129041652,35877.60391483632,175.0,-1,-1,-1.0
14999,14999,-23531.40351459037,9808.767945232825,192.0,-1,-1,-1.0
15000,15000,21080.33006639909,10418.274645145568,204.0,-1,16,-1.0
15001,15001,17065.900300222842,-29058.12834594392,311.0,-1,3,-1.0
15002,15002,7655.058503333363,33217.1524548929,263.0,-1,47,-1.0
15003,15003,-28823.480717613795,9633.2063457639,335.0,-1,-1,-1.0
15004,15004,31884.5052496516,-22387.14278849033,495.0,-1,45,-1.0
15005,15005,-11695.33776885751,4878.309283843366,247.0,-1,26,-1.0
15006,15006,-5945.027550716128,13903.256727641048,486.0,-1,-1,-1.0
15007,15007,-31086.55506444058,20357.23737696945,273.0,-1,40,-1.0
15008,15008,37849.33393526396,1078.485018570631,243.0,-1,28,-1.0
15009,15009,3813.326477791976,-15865.065548777242,10.0,-1,31,-1.0
15010,15010,1278.730174474389,13920.878712541453,130.0,-1,-1,-1.0
15011,15011,-1954.0301174181805,-13853.62036989374,399.0,-1,31,-1.0
15012,15012,3252.5492781898065,25770.59548571569,45.0,-1,48,-1.0
15013,15013,-9852.385794846814,-36588.1932289528,459.0,-1,36,-1.0
15014,15014,14525.265929872963,12366.24077178794,229.0,-1,-1,-1.0
15015,15015,-24614.27678263493,-30056.495583079457,280.0,-1,-1,-1.0
15016,15016,-37842.47900811832,31909.243051716112,211.0,-1,-1,-1.0
15017,15017,-18248.490059953947,35523.34702052674,411.0,-1,-1,-1.0
15018,15018,28657.48352064365,6264.521287449192,237.0,-1,-1,-1.0
15019,15019,933.5568091429814,-12683.6273743805,188.0,-1,31,-1.0
15020,15020,1966.40362582729,4935.70538726516,106.0,-1,-1,-1.0
15021,15021,14283.025304592142,-20958.11507065707,465.0,-1,-1,-1.0
15022,15022,39351.054439430605,13304.268528801746,167.0,-1,-1,-1.0
15023,15023,14230.837752427236,33061.95692210751,298.0,-1,47,-1.0
15024,15024,33600.195817115164,29713.35279980501,352.0,-1,10,-1.0
15025,15025,-18398.207695521363,9157.955202870233,364.0,-1,-1,-1.0
15026,15026,17827.24691698508,22249.95854684891,299.0,-1,-1,-1.0
15027,15027,-35447.63379603448,-15813.917626813243,73.0,-1,-1,-1.0
15028,15028,39255.021974198215,-38849.00354476284,345.0,-1,-1,-1.0
15029,15029,12075.235646743497,20379.221200121763,232.0,-1,-1,-1.0
15030,15030,5393.43131466848,-36477.47378288717,372.0,-1,-1,-1.0
15031,15031,-35158.45303704216,27462.61409355911,328.0,-1,-1,-1.0
15032,15032,37541.535490483424,-36214.49798782418,231.0,-1,21,-1.0
15033,15033,8104.481930093942,-14525.595210877857,441.0,-1,31,-1.0
15034,15034,27453.04254326932,22691.47754811149,316.0,-1,-1,-1.0
15035,15035,661.4956506023227,28311.456920469136,85.0,-1,-1,-1.0
15036,15036,568.1346927741106,-27373.646798695707,291.0,-1,25,-1.0
15037,15037,-10648.697588636383,-29294.53349297312,461.0,-1,-1,-1.0
15038,15038,3969.971830344948,-33856.48677238917,294.0,-1,1,-1.0
15039,15039,-38244.60933127707,15001.426892278983,211.0,-1,-1,-1.0
15040,15040,9498.997475643131,-6941.557665626904,449.0,-1,-1,-1.0
15041,15041,-27646.96191063578,-22482.826242173596,178.0,-1,-1,-1.0
15042,15042,13907.120655913575,-35418.76291906887,265.0,-1,4,-1.0
15043,15043,5771.204471691417,-27709.95994505126,381.0,-1,31,-1.0
15044,15044,-9322.19055498347,37109.79504402376,288.0,-1,48,-1.0
15045,15045,-19917.85140912772,-29293.162262119364,160.0,-1,-1,-1.0
15046,15046,-29615.41975089869,-8191.685291335063,93.0,-1,41,47.0
15047,15047,-36522.994869016205,-30631.70695513179,322.0,-1,20,-1.0
15048,15048,37422.00175760753,-1840.9915424958235,409.0,-1,28,-1.0
15049,15049,6670.634912372101,37883.28389886375,387.0,-1,-1,-1.0
15050,15050,25035.018862033045,21005.33405494223,170.0,-1,-1,-1.0
15051,15051,20203.272748537034,19511.143221282407,77.0,-1,18,-1.0
15052,15052,11705.314480762172,-21244.95707188244,168.0,-1,-1,-1.0
15053,15053,39787.2670127009,-9554.551096209085,124.0,-1,-1,-1.0
15054,15054,22452.091987208893,-39485.031994288736,8.0,-1,-1,-1.0
15055,15055,-35650.848936952025,-8857.268404000395,470.0,-1,32,38.0
15056,15056,10697.092014078837,-4737.78125170077,171.0,-1,-1,-1.0
15057,15057,15108.161099922894,-25172.267251509544,144.0,-1,3,-1.0
15058,15058,39094.395106905766,17622.3184160472,59.0,-1,-1,-1.0
15059,15059,-25529.15797592186,23920.292275843327,144.0,-1,-1,-1.0
15060,15060,-12316.941767075474,-38796.78695140447,211.0,-1,-1,-1.0
15061,15061,-22412.537247576303,-9325.912167579125,435.0,-1,-1,-1.0
15062,15062,13615.526365039885,-16934.877336146517,347.0,-1,-1,-1.0
15063,15063,-13198.423662309597,21594.5895626935,118.0,-1,-1,-1.0
15064,15064,-19809.30754573244,-1933.485919899584,339.0,-1,43,-1.0
15065,15065,38861.32755694655,-6593.376822178543,121.0,-1,-1,-1.0
15066,15066,24585.38500300989,37488.73852540279,36.0,-1,-1,-1.0
15067,15067,-10550.677209290909,8191.338555378963,336.0,-1,-1,-1.0
15068,15068,12277.823955262764,-14465.743551970878,120.0,-1,-1,-1.0
15069,15069,-28570.73279715178,-23795.7693967803,51.0,-1,-1,-1.0
15070,15070,-29400.707774181552,8071.946117936495,247.0,-1,-1,-1.0
15071,15071,-36409.49918955044,-10981.804811864688,462.0,-1,32,38.0
15072,15072,-36621.15295045908,8418.872926161355,287.0,-1,24,-1.0
15073,15073,5809.442346031836,-4891.896610659009,232.0,-1,-1,-1.0
15074,15074,-5008.25500226787,-28511.233481246614,182.0,-1,25,-1.0
15075,15075,20443.254352505784,31699.436990172384,193.0,-1,30,-1.0
15076,15076,38631.79401982004,3890.638640475503,132.0,-1,28,-1.0
15077,15077,7750.649431362232,11118.154441814862,47.0,-1,8,-1.0
15078,15078,22049.46886996333,25173.812145328982,472.0,-1,-1,-1.0
15079,15079,-16110.042545057182,12135.066116064489,483.0,-1,-1,-1.0
15080,15080,4534.72913200879,-6936.312946228558,206.0,-1,-1,-1.0
15081,15081,-33082.214846508985,17741.18895173823,114.0,-1,-1,-1.0
15082,15082,1436.5404755009513,-20456.69307734724,102.0,-1,31,-1.0
15083,15083,15895.110480331576,13547.964447811197,399.0,-1,-1,-1.0
15084,15084,-36585.45659198216,19373.59326555948,135.0,-1,23,-1.0
15085,15085,-35388.80251369731,9214.351642639172,40.0,-1,24,-1.0
15086,15086,-24699.737404455835,-21099.66738730057,427.0,-1,-1,-1.0
15087,15087,-33628.624833385395,-21143.236625525176,335.0,-1,-1,-1.0
15088,15088,25473.98664464849,8820.551366492284,183.0,-1,15,-1.0
15089,15089,8823.73589295856,-28816.527029381912,315.0,-1,-1,-1.0
15090,15090,14193.960170621038,8510.88562714339,219.0,-1,2,-1.0
15091,15091,25744.46319711287,9650.405164532116,40.0,-1,15,-1.0
15092,15092,-3711.805839116612,-23389.72541604129,125.0,-1,25,-1.0
15093,15093,9348.552203877676,-27164.11863220416,418.0,-1,31,-1.0
15094,15094,11589.50905874386,34214.18286275916,96.0,-1,-1,-1.0
15095,15095,-31268.24710941624,10821.350834048164,187.0,-1,-1,-1.0
15096,15096,19467.102004585227,11687.914097964946,410.0,-1,-1,-1.0
15097,15097,7871.944615421453,14806.02125878491,121.0,-1,-1,-1.0
15098,15098,-13270.945592986329,1610.2875613258511,188.0,-1,-1,-1.0
15099,15099,-36897.54962934837,-22367.86396466352,9.0,-1,0,-1.0
15100,15100,4400.669240486852,-38472.92898618729,19.0,-1,1,-1.0
15101,15101,-23918.67866962444,17767.098105959187,327.0,-1,-1,-1.0
15102,15102,-29009.705483317597,5059.660061425893,74.0,-1,-1,-1.0
15103,15103,-4839.159674246883,23875.2514928487,424.0,-1,-1,-1.0
15104,15104,4942.695694343223,-37022.74577741867,292.0,-1,-1,-1.0
15105,15105,23820.822939328573,-14042.150873383212,405.0,-1,45,-1.0
15106,15106,-7159.632182623667,-11718.516877605012,394.0,-1,31,-1.0
15107,15107,-39010.92983062962,39683.82463037688,127.0,-1,-1,-1.0
15108,15108,-25644.96652166926,-7637.461809713946,195.0,-1,-1,-1.0
15109,15109,20762.84493033577,18086.436356342543,417.0,-1,18,-1.0
15110,15110,-32437.399768203053,-13513.588392893398,8.0,-1,-1,-1.0
15111,15111,12496.940977331113,-7453.446952094207,368.0,-1,13,-1.0
15112,15112,-12233.210316224064,-36260.71024660379,183.0,-1,36,-1.0
15113,15113,-38893.04704405848,3205.0264333409286,85.0,-1,-1,-1.0
15114,15114,28262.716443126366,-11111.429254227049,63.0,-1,-1,-1.0
15115,15115,-29701.72318965416,14111.778566994486,143.0,-1,-1,-1.0
15116,15116,3890.753017414521,32823.231273170546,268.0,-1,48,58.0
15117,15117,-18215.639429554285,-11968.20615542565,432.0,-1,-1,-1.0
15118,15118,-31802.183841355534,13271.511287533642,462.0,-1,-1,-1.0
15119,15119,-30984.987191062857,25714.7233783204,450.0,-1,-1,-1.0
15120,15120,7182.368085686328,21957.54897117067,83.0,-1,-1,-1.0
15121,15121,-27111.947183654444,-17745.340500892413,442.0,-1,-1,-1.0
15122,15122,5488.138327750632,-15462.330433430438,237.0,-1,-1,-1.0
15123,15123,-15914.41255641983,-30139.995181876984,418.0,-1,36,-1.0
15124,15124,7410.7483875572,12455.983641015977,305.0,-1,8,-1.0
15125,15125,23219.785531895694,-19907.204460544483,103.0,-1,-1,-1.0
15126,15126,-38997.95069891524,-19809.71633986996,156.0,-1,0,-1.0
15127,15127,-23729.67513749088,-7913.611625775153,458.0,-1,-1,-1.0
15128,15128,-28108.11294008979,15125.188095298488,498.0,-1,-1,-1.0
15129,15129,4404.958015446915,-17836.908657110558,6.0,-1,-1,-1.0
15130,15130,6893.6462357277705,-10811.218906085449,217.0,-1,31,-1.0
15131,15131,-27514.288418630465,-12112.619676725824,476.0,-1,-1,-1.0
15132,15132,-20250.144281969096,16701.61013030292,72.0,-1,-1,-1.0
15133,15133,10995.58467036351,-8624.979912285708,187.0,-1,-1,-1.0
15134,15134,25689.452337372088,-31086.20123339243,389.0,-1,-1,-1.0
15135,15135,-38747.73065096734,-23792.28870477744,125.0,-1,-1,-1.0
15136,15136,24415.803761312185,-35309.075796154444,144.0,-1,-1,-1.0
15137,15137,-32826.47641060546,19933.00486251253,93.0,-1,-1,-1.0
15138,15138,35429.12450165974,27671.91708622979,98.0,-1,10,-1.0
15139,15139,-24635.33370645991,-39555.36715000978,153.0,-1,-1,-1.0
15140,15140,-15881.481261572591,-22853.412698020216,499.0,-1,-1,-1.0
15141,15141,14167.703735271483,21664.28649967684,128.0,-1,-1,-1.0
15142,15142,-11530.346193964222,6225.454020335943,18.0,-1,-1,-1.0
15143,15143,27976.39005911672,-37454.5612032804,465.0,-1,-1,-1.0
15144,15144,-20812.966519159985,-31128.254991654976,428.0,-1,-1,-1.0
15145,15145,-13057.089366620698,19567.525212448803,41.0,-1,-1,-1.0
15146,15146,-23133.990252661373,-16819.325545796477,241.0,-1,-1,-1.0
15147,15147,-20206.70563304564,27708.808906228907,470.0,-1,48,-1.0
15148,15148,13871.391575587431,16834.11682668444,202.0,-1,-1,-1.0
15149,15149,11162.221540848892,30014.99552829411,116.0,-1,-1,-1.0
15150,15150,-12111.268306500297,17180.40839702895,69.0,-1,-1,-1.0
15151,15151,17588.744388227176,-9248.579213623005,413.0,-1,-1,-1.0
15152,15152,-24238.53104014955,-28514.20552246382,183.0,-1,38,-1.0
15153,15153,-21360.28719874181,34610.0854535985,278.0,-1,-1,-1.0
15154,15154,24624.339773454296,-3974.608792115985,488.0,-1,-1,-1.0
15155,15155,36012.0370094978,-29237.0022381708,362.0,-1,-1,-1.0
15156,15156,9677.0664486265,33786.32712556224,134.0,-1,47,-1.0
15157,15157,-15222.606735595416,-35950.692017828515,356.0,-1,-1,-1.0
15158,15158,-36747.04197526917,25800.482641507057,421.0,-1,-1,-1.0
15159,15159,-20096.5377423859,-27633.577570630518,438.0,-1,-1,-1.0
15160,15160,-10031.234320224805,-14761.22049682333,330.0,-1,31,-1.0
15161,15161,32086.08558975249,13400.726902385131,268.0,-1,28,-1.0
15162,15162,-31201.59958615715,33997.68450399666,370.0,-1,-1,-1.0
15163,15163,33933.10908147582,-29278.311946168003,153.0,-1,-1,-1.0
15164,15164,12821.923690030206,-19520.127952835235,208.0,-1,-1,-1.0
15165,15165,13957.129565922238,25706.085152731303,7.0,-1,-1,-1.0
15166,15166,-13590.694073413266,-17270.60481946391,238.0,-1,31,-1.0
15167,15167,17751.49540262261,-28413.239840337745,45.0,-1,3,-1.0
15168,15168,4444.071827969507,-17988.106124326365,122.0,-1,-1,-1.0
15169,15169,39416.88872754313,-15068.903754629162,234.0,-1,-1,-1.0
15170,15170,-34801.235479484145,25627.250337350157,131.0,-1,-1,-1.0
15171,15171,-5138.497898292597,-38372.47307924621,235.0,-1,-1,-1.0
15172,15172,-20908.959110474832,32877.85884134867,441.0,-1,-1,-1.0
15173,15173,-789.4753554126655,-5875.924377116549,456.0,-1,-1,-1.0
15174,15174,-6748.174494377454,-13232.121005810768,480.0,-1,31,-1.0
15175,15175,12759.11030370555,-36543.61069251189,394.0,-1,4,-1.0
15176,15176,31032.317983481717,-16135.905307072786,454.0,-1,-1,-1.0
15177,15177,34684.67731161458,-31632.043211554937,76.0,-1,-1,-1.0
15178,15178,-11280.053132620267,-1284.6750230879334,30.0,-1,-1,-1.0
15179,15179,4746.334237827534,8847.684318706823,242.0,-1,27,-1.0
15180,15180,-34272.82882868407,5427.327605016202,398.0,-1,-1,-1.0
15181,15181,14379.157781395365,39019.50968401477,462.0,-1,-1,-1.0
15182,15182,30373.99212692225,39247.66795540847,392.0,-1,-1,-1.0
15183,15183,-12672.427456824556,29884.70629385191,253.0,-1,48,60.0
15184,15184,-39514.98244531054,-35872.904219962824,456.0,-1,-1,-1.0
15185,15185,28036.029100458454,22814.28933997181,37.0,-1,-1,-1.0
15186,15186,-27519.740084444413,31286.167813597887,498.0,-1,-1,-1.0
15187,15187,31540.655549777977,32556.72163902955,424.0,-1,-1,-1.0
15188,15188,17750.10118852764,38397.76597382728,357.0,-1,-1,-1.0
15189,15189,-35168.38341519419,25228.03081139301,269.0,-1,-1,-1.0
15190,15190,-38158.86516374899,31013.84963588661,134.0,-1,-1,-1.0
15191,15191,8680.3215012316,1392.147415500469,27.0,-1,-1,-1.0
15192,15192,-30393.95597914504,16753.90612457294,473.0,-1,-1,-1.0
15193,15193,-37443.20482373728,-7761.327815140761,456.0,-1,32,38.0
15194,15194,32620.27789848532,-18996.741565056327,53.0,-1,-1,-1.0
15195,15195,-39478.19416479208,-32409.57021453408,137.0,-1,-1,-1.0
15196,15196,21887.066957501094,-7703.093227182417,101.0,-1,-1,-1.0
15197,15197,9049.44066784191,-26645.674617468125,92.0,-1,31,-1.0
15198,15198,-18438.97876526588,-16772.567801142362,106.0,-1,42,-1.0
15199,15199,11261.05744213496,-13634.187122469975,449.0,-1,13,-1.0
15200,15200,29298.360975589778,26074.43236441606,316.0,-1,-1,-1.0
15201,15201,21854.8540201924,37610.21022489658,316.0,-1,30,-1.0
15202,15202,-12451.357612986423,9907.57288729676,487.0,-1,-1,-1.0
15203,15203,-20117.487014254064,9718.436911258956,128.0,-1,-1,-1.0
15204,15204,718.2388284953777,34625.86737012198,434.0,-1,-1,-1.0
15205,15205,21129.82735306745,27096.25946980357,368.0,-1,-1,-1.0
15206,15206,34622.25492211411,-4015.7248038912367,84.0,-1,-1,-1.0
15207,15207,35586.64383829903,-37110.5103494065,340.0,-1,-1,-1.0
15208,15208,24541.03832336157,31208.75857940101,456.0,-1,-1,-1.0
15209,15209,11467.01678489452,9180.945878820174,173.0,-1,-1,-1.0
15210,15210,4418.065106785987,28471.852841006068,149.0,-1,48,-1.0
15211,15211,5547.575405777236,28972.702403718053,37.0,-1,48,-1.0
15212,15212,31635.02652850185,4089.545618462857,2.0,-1,-1,-1.0
15213,15213,-19295.81664565817,-21803.515004731828,109.0,-1,36,-1.0
15214,15214,6023.974248825594,35703.842323461664,233.0,-1,-1,-1.0
15215,15215,25615.385532276618,24315.1998996665,343.0,-1,18,-1.0
15216,15216,-21601.74428934172,-24577.8770970268,312.0,-1,-1,-1.0
15217,15217,12791.800849841122,-30220.055632344614,410.0,-1,-1,-1.0
15218,15218,-9428.86625709531,30761.62019105944,241.0,-1,-1,-1.0
15219,15219,30835.482350519716,3525.0613910388565,201.0,-1,-1,-1.0
15220,15220,-32538.55658880716,13701.222488379186,479.0,-1,-1,-1.0
15221,15221,14761.089386782996,-30069.12875547361,417.0,-1,3,-1.0
15222,15222,32183.33382119407,27926.19220486669,210.0,-1,-1,-1.0
15223,15223,-8315.21913898391,27922.07297153528,484.0,-1,-1,-1.0
15224,15224,11080.63418068122,16857.110385750566,203.0,-1,-1,-1.0
15225,15225,-13739.977111951855,30608.45780191825,292.0,-1,-1,-1.0
15226,15226,12109.837181495088,-11613.25397338886,306.0,-1,-1,-1.0
15227,15227,19742.470946854497,-4614.343766817001,410.0,-1,-1,-1.0
15228,15228,25405.34442522055,-26250.09276908505,140.0,-1,45,-1.0
15229,15229,-37746.23205407228,30469.222572542854,354.0,-1,-1,-1.0
15230,15230,-3520.047479130269,-29330.27106030303,495.0,-1,-1,-1.0
15231,15231,24484.25982547609,12312.527142092911,368.0,-1,-1,-1.0
15232,15232,30201.34033503523,16995.272758791267,185.0,-1,-1,-1.0
15233,15233,-30822.842699905505,-33274.73555467446,478.0,-1,34,-1.0
15234,15234,23618.018446567265,-39601.334532846944,464.0,-1,-1,-1.0
15235,15235,17599.960751016646,-13866.686494753074,189.0,-1,44,-1.0
15236,15236,33875.89352071824,-37267.97089157542,264.0,-1,21,-1.0
15237,15237,30057.8660903678,24849.205466928997,350.0,-1,-1,-1.0
15238,15238,15485.64298732092,32142.414493588687,495.0,-1,-1,-1.0
15239,15239,-27348.71949715732,-6638.969072900916,383.0,-1,-1,-1.0
15240,15240,-6372.9388637444645,-34796.948202011445,208.0,-1,35,-1.0
15241,15241,-39594.48859327908,33011.29978165649,308.0,-1,5,6.0
15242,15242,39482.24892780732,-13155.500769902552,115.0,-1,-1,-1.0
15243,15243,-22083.4184120862,-5115.354326803528,38.0,-1,-1,-1.0
15244,15244,-13511.035867908802,3671.203917759194,40.0,-1,26,-1.0
15245,15245,18686.76205656764,-35962.455868460915,304.0,-1,-1,-1.0
15246,15246,-18062.962665194933,-18074.41705996217,393.0,-1,-1,-1.0
15247,15247,-6562.002314561563,24209.296221259523,460.0,-1,-1,-1.0
15248,15248,-32374.45560454425,7329.319078080356,334.0,-1,24,-1.0
15249,15249,30323.30351072234,3743.022132475453,315.0,-1,-1,-1.0
15250,15250,-17156.426432692868,18236.089559124197,264.0,-1,-1,-1.0
15251,15251,27170.035173194454,26315.472466659678,37.0,-1,-1,-1.0
15252,15252,-8583.28463563127,-13814.343659131624,362.0,-1,-1,-1.0
15253,15253,3419.70640476112,-37198.30018013893,49.0,-1,1,-1.0
15254,15254,19740.058526168592,12434.475776408295,7.0,-1,-1,-1.0
15255,15255,-15573.986684868783,20568.36741423945,362.0,-1,-1,-1.0
15256,15256,18642.441280690076,-18675.6316765885,185.0,-1,-1,-1.0
15257,15257,-22096.474666471982,-11826.837715642934,476.0,-1,-1,-1.0
15258,15258,-35588.91506269781,8822.382254592805,350.0,-1,24,-1.0
15259,15259,-447.4477790875826,29939.82564444194,398.0,-1,48,57.0
15260,15260,-3751.8071315799607,-18154.421150904287,445.0,-1,-1,-1.0
15261,15261,-6994.014267310369,28642.554773419997,53.0,-1,48,56.0
15262,15262,-1601.6712029382616,-30227.392626565656,277.0,-1,-1,-1.0
15263,15263,-39772.58755265556,-33477.996822905174,138.0,-1,-1,-1.0
15264,15264,30847.189280014383,9298.22924179292,50.0,-1,-1,-1.0
15265,15265,36221.83145354189,14453.915354524754,220.0,-1,28,32.0
15266,15266,-31452.103125824036,-4787.36377788234,479.0,-1,-1,-1.0
15267,15267,-15595.720753351248,31292.718747189385,444.0,-1,-1,-1.0
15268,15268,-20639.94960595988,34405.15925563863,156.0,-1,-1,-1.0
15269,15269,36074.55755662188,-2186.605792150134,437.0,-1,-1,-1.0
15270,15270,23813.03568833266,-31807.507875793483,41.0,-1,-1,-1.0
15271,15271,-3936.1723840528575,35768.96761969279,275.0,-1,48,57.0
15272,15272,1400.978534598158,34604.35533419177,185.0,-1,-1,-1.0
15273,15273,34853.438007892124,15493.679734132078,110.0,18,28,32.0
15274,15274,34858.7992806234,15402.687895943738,111.0,18,28,32.0
15275,15275,34843.695223253766,15307.110518670685,112.0,18,28,32.0
15276,15276,34804.72745627349,15243.935738277132,114.0,18,28,32.0
15277,15277,34894.743262028285,15180.008667842829,115.0,18,28,32.0
15278,15278,34908.911097053206,15083.1108141167,116.0,18,28,32.0
15279,15279,34929.61550004244,15072.041172236595,117.0,18,28,32.0
15280,15280,35006.982728282084,15041.163525775804,118.0,18,28,32.0
15281,15281,35024.32595860272,14983.789532101357,120.0,18,28,32.0
15282,15282,35006.7017044066,14935.054079096064,120.0,18,28,32.0
15283,15283,34968.19340736112,14854.562628752448,122.0,18,28,32.0
15284,15284,34963.504905174545,14764.05110673943,123.0,18,28,32.0
15285,15285,35019.460204167546,14695.069741175288,124.0,18,28,32.0
15286,15286,35073.79174061714,14708.517483040929,124.0,18,28,32.0
15287,15287,35012.00776312813,14646.862553747513,126.0,18,28,32.0
15288,15288,35121.42384205674,14586.223689694194,126.0,18,28,32.0
15289,15289,35124.50175911743,14542.260368683264,128.0,18,28,32.0
15290,15290,35081.2316367475,14525.158681161303,128.0,18,28,32.0
15291,15291,35228.49138640316,14584.495982110975,129.0,18,28,32.0
15292,15292,35289.182704070976,14546.470219614152,130.0,18,28,32.0
15293,15293,35261.41583876847,14492.230672684094,130.0,18,28,32.0
15294,15294,35297.37327610067,14437.89753522425,132.0,18,28,32.0
15295,15295,35333.80169385336,14358.901776235902,135.0,18,28,32.0
15296,15296,35398.579459913395,14371.188703113825,135.0,18,28,32.0
15297,15297,35391.977693349545,14378.0215230324,135.0,18,28,32.0
15298,15298,35319.54047576644,14288.703612626092,137.0,18,28,32.0
15299,15299,35385.27485489769,14200.972532421049,138.0,18,28,32.0
15300,15300,35328.0862131336,14190.846292232103,138.0,18,28,32.0
15301,15301,35414.07689943508,14204.358890677087,138.0,18,28,32.0
15302,15302,35402.5689427334,14096.323043821856,140.0,18,28,32.0
15303,15303,35413.29638595522,13965.9977048297,141.0,18,28,32.0
15304,15304,35328.85340677553,13919.603783943336,142.0,18,28,32.0
15305,15305,35455.230318348906,13899.286057990614,142.0,18,28,32.0
15306,15306,35338.726867974176,13778.275704390417,143.0,18,28,32.0
15307,15307,35371.6678873314,13666.759431328506,144.0,18,28,32.0
15308,15308,35332.933233608164,13559.876631495354,145.0,18,28,32.0
15309,15309,35330.502366935725,13567.057449550492,145.0,18,28,32.0
15310,15310,35208.72631325811,13514.186152903392,146.0,18,28,32.0
15311,15311,35191.09975264036,13430.863360130066,147.0,18,28,32.0
15312,15312,35212.33783550929,13429.301233372327,147.0,18,28,32.0
15313,15313,35214.882612862544,13362.2009482038,148.0,18,28,32.0
15314,15314,35239.18739409402,13316.257229976409,148.0,18,28,32.0
15315,15315,35264.14361685961,13330.979699570478,148.0,18,28,32.0
15316,15316,35237.89532530446,13224.822741787457,149.0,18,28,32.0
15317,15317,35330.868234110705,13183.605587171416,151.0,18,28,32.0
15318,15318,35354.34800235344,13240.20972657684,151.0,18,28,32.0
15319,15319,35436.49884411259,13203.822723667903,152.0,18,28,32.0
15320,15320,35506.53932833493,13177.967151897998,153.0,18,28,32.0
15321,15321,35396.50301715341,13101.580456518288,153.0,18,28,32.0
15322,15322,35383.60003327748,13082.521769969911,155.0,18,28,32.0
15323,15323,35437.4992227399,13025.251858438023,155.0,18,28,32.0
15324,15324,35441.50764610955,12965.426152328511,157.0,18,28,32.0
15325,15325,35344.53178121155,12891.124086215355,158.0,18,28,32.0
15326,15326,35358.17945481588,12784.696363021794,160.0,18,28,32.0
15327,15327,35245.59472012162,12831.498828574391,160.0,18,28,32.0
15328,15328,35344.40508420567,12755.668156533096,161.0,18,28,32.0
15329,15329,35364.99366419815,12724.007725101405,161.0,18,28,32.0
15330,15330,35459.21044407203,12706.587701861015,163.0,18,28,32.0
15331,15331,35559.01968455424,12618.527419323524,164.0,18,28,32.0
15332,15332,35528.3621782234,12532.862009796248,165.0,18,28,32.0
15333,15333,35611.4587960141,12491.370232395368,165.0,18,28,32.0
15334,15334,35577.71489476629,12420.74156122856,166.0,18,28,32.0
15335,15335,35592.59229269811,12321.078502600896,167.0,18,28,32.0
15336,15336,35536.52782436928,12228.98532248708,169.0,18,28,32.0
15337,15337,35564.50085802933,12254.021831084974,169.0,18,28,32.0
15338,15338,35672.581858899175,12196.685706638607,171.0,18,28,32.0
15339,15339,35728.669120056395,12104.94925957501,172.0,18,28,32.0
15340,15340,35616.258451254536,12122.646793817376,172.0,18,28,32.0
15341,15341,35604.08596137784,12059.31417382394,177.0,18,28,32.0
15342,15342,35574.956948671555,11944.86075201343,179.0,18,28,32.0
15343,15343,35592.51153431932,11958.689522606372,179.0,18,28,32.0
15344,15344,35541.13501927066,11874.953729224526,180.0,18,28,32.0
15345,15345,35653.68638991148,11890.653235963357,180.0,18,28,32.0
15346,15346,35621.1985849816,11786.888692325583,183.0,18,28,32.0
15347,15347,35540.65255384501,11820.607735452671,183.0,18,28,32.0
15348,15348,35624.595987422064,11791.512247269067,183.0,18,28,32.0
15349,15349,35703.21411194626,11850.236345632931,184.0,18,28,32.0
15350,15350,35671.78446243979,11726.30742280599,185.0,18,28,32.0
15351,15351,35809.568710889915,11859.088544495677,185.0,18,28,32.0
15352,15352,35837.67427452853,11756.057726394953,186.0,18,28,32.0
15353,15353,35662.17430142286,11710.236854001329,186.0,18,28,32.0
15354,15354,35683.26356889846,11694.351898674437,188.0,18,28,32.0
15355,15355,35670.86113935902,11665.813476719264,188.0,18,28,32.0
15356,15356,35791.335448512844,11652.81247007537,188.0,18,28,32.0
15357,15357,35697.25374994469,11594.326624655796,190.0,18,28,32.0
15358,15358,35777.84543016892,11644.078799898512,190.0,18,28,32.0
15359,15359,35827.840115507046,11578.727909227942,191.0,18,28,32.0
15360,15360,35743.57507368841,11521.360438444386,192.0,18,28,32.0
15361,15361,35847.48007837106,11484.770621157724,192.0,18,28,32.0
15362,15362,35798.08588758698,11506.663757728034,192.0,18,28,32.0
15363,15363,35876.1531049733,11450.941162986395,193.0,18,28,32.0
15364,15364,35880.51763766651,11455.715440033477,193.0,18,28,32.0
15365,15365,35783.992286439294,11384.547100472024,194.0,18,28,32.0
15366,15366,35888.17001958614,11323.605602841042,194.0,18,28,32.0
15367,15367,35852.70297883647,11391.491200764303,194.0,18,28,32.0
15368,15368,35875.82016421357,11304.914688100114,195.0,18,28,32.0
15369,15369,35862.81035766975,11289.823802837933,195.0,18,28,32.0
15370,15370,35765.00422883833,11284.488236755584,195.0,18,28,32.0
15371,15371,35840.41353985512,11186.48233771606,196.0,18,28,32.0
15372,15372,35759.774659381736,11200.56405381252,196.0,18,28,32.0
15373,15373,35802.66115104568,11223.5381565539,196.0,18,28,32.0
15374,15374,35818.89768500409,11188.916751589368,196.0,18,28,32.0
15375,15375,35811.7518858109,11189.83852162517,196.0,18,28,32.0
15376,15376,35811.800666838164,11107.86641681415,199.0,18,28,32.0
15377,15377,35820.44200240048,11122.34625587033,199.0,18,28,32.0
15378,15378,35806.176179824106,11074.1070586837,199.0,18,28,32.0
15379,15379,35887.91453987001,11023.651005617863,200.0,18,28,32.0
15380,15380,35979.12824747073,11039.693136812182,202.0,18,28,32.0
15381,15381,35982.28971170484,10921.124838787577,203.0,18,28,32.0
15382,15382,35921.69818802614,10981.26066995119,203.0,18,28,32.0
15383,15383,36036.49580229924,10890.028923387168,204.0,18,28,32.0
15384,15384,36008.889797682554,10787.162877484285,205.0,18,28,32.0
15385,15385,36028.82834144159,10654.320150962583,206.0,18,28,32.0
15386,15386,36056.87607111995,10593.021499123715,207.0,18,28,32.0
15387,15387,36003.97902722064,10567.577486177908,207.0,18,28,32.0
15388,15388,36085.29165855728,10466.022626594971,208.0,18,28,32.0
15389,15389,36068.31194758605,10476.466986607747,208.0,18,28,32.0
15390,15390,36200.916801135296,10467.414937482814,210.0,18,28,32.0
15391,15391,36194.794227211,10482.58404219827,210.0,18,28,32.0
15392,15392,35960.32132671071,10428.520614265932,210.0,18,28,32.0
15393,15393,36154.93533861062,10399.26272595264,211.0,18,28,32.0
15394,15394,36217.85851180571,10326.980082297194,213.0,18,28,32.0
15395,15395,36089.50556928176,10331.662645665689,213.0,18,28,32.0
15396,15396,36140.58590955735,10292.872898700603,213.0,18,28,32.0
15397,15397,36191.34380093666,10227.249394581875,214.0,18,28,32.0
15398,15398,36158.19745262953,10197.762517336609,214.0,18,28,32.0
15399,15399,36277.304971181205,10178.41286933508,220.0,18,28,32.0
15400,15400,36257.62548679387,10255.769094215664,220.0,18,28,32.0
15401,15401,36388.71364829909,10182.746440897745,222.0,18,28,32.0
15402,15402,36275.4618909334,10119.922505171704,222.0,18,28,32.0
15403,15403,36418.12321920645,10149.168134425649,223.0,18,28,32.0
15404,15404,36287.5475201202,10060.54009305445,223.0,18,28,32.0
15405,15405,36361.85315095336,9971.666408799476,224.0,18,28,32.0
15406,15406,36370.22500372498,9876.435270845492,225.0,18,28,32.0
15407,15407,36380.92559836451,9885.61022587215,225.0,18,28,32.0
15408,15408,36382.48525425512,9803.26295240135,226.0,18,28,32.0
15409,15409,36354.442931900834,9670.04806916183,228.0,18,28,32.0
15410,15410,36440.17556951221,9703.91330180003,228.0,18,28,32.0
15411,15411,36474.46912995308,9653.444154985957,229.0,18,28,32.0
15412,15412,36356.64333739512,9601.198230210724,229.0,18,28,32.0
15413,15413,36301.03780299597,9640.780661113362,229.0,18,28,32.0
15414,15414,36343.09140171273,9520.772167584875,230.0,18,28,32.0
15415,15415,36374.29519457116,9440.775308218872,235.0,18,28,32.0
15416,15416,36320.30395234271,9386.663138091904,235.0,18,28,32.0
15417,15417,36289.61520806485,9425.925262669474,235.0,18,28,32.0
15418,15418,36286.5416326546,9436.5900254997,235.0,18,28,32.0
15419,15419,36407.34513225774,9426.30242109088,235.0,18,28,32.0
15420,15420,36231.98572062883,9418.817399085923,237.0,18,28,32.0
15421,15421,36350.905090496366,9322.514885126444,237.0,18,28,32.0
15422,15422,36274.48436550676,9301.242388186523,239.0,18,28,32.0
15423,15423,36140.75665574565,9283.71327378392,240.0,18,28,32.0
15424,15424,36232.78776999926,9231.808983256804,241.0,18,28,32.0
15425,15425,36209.06173776346,9148.185542977448,244.0,18,28,32.0
15426,15426,36274.393678587374,9138.460419316432,244.0,18,28,32.0
15427,15427,36126.81509899398,9154.425530639654,245.0,18,28,32.0
15428,15428,36054.934170550885,9078.972105564377,246.0,18,28,32.0
15429,15429,36208.04546400198,9080.916294186163,246.0,18,28,32.0
15430,15430,36149.32890933933,9009.02257366558,249.0,18,28,32.0
15431,15431,36158.72085149274,8990.637995826011,249.0,18,28,32.0
15432,15432,36174.288077337565,9000.580900565967,249.0,18,28,32.0
15433,15433,36154.31961483175,8912.164415283112,250.0,18,28,32.0
15434,15434,36173.44636900457,8899.730036454592,250.0,18,28,32.0
15435,15435,36224.18567058352,8824.344396922737,251.0,18,28,32.0
15436,15436,36219.00746685631,8848.270072722255,251.0,18,28,32.0
15437,15437,36209.94063852156,8741.762877528658,254.0,18,28,32.0
15438,15438,36219.93247647544,8661.869621361646,255.0,18,28,32.0
15439,15439,36117.380132109945,8707.86464442722,256.0,18,28,32.0
15440,15440,36198.660117153966,8603.624484741022,259.0,18,28,32.0
15441,15441,36205.71148271392,8521.18738491188,260.0,18,28,32.0
15442,15442,36287.77401038914,8505.285652944423,261.0,18,28,32.0
15443,15443,36251.20256740414,8432.477665889815,261.0,18,28,32.0
15444,15444,36227.21300878502,8439.03957319891,263.0,18,28,32.0
15445,15445,36282.464408669184,8356.085842009943,264.0,18,28,32.0
15446,15446,36296.32463916169,8256.944069414396,266.0,18,28,32.0
15447,15447,36355.25831260842,8199.142632569525,270.0,18,28,32.0
15448,15448,36365.0953023432,8108.18077282844,271.0,18,28,32.0
15449,15449,36349.04194825424,8064.061335810274,271.0,18,28,32.0
15450,15450,36291.16614139642,8016.131253090638,272.0,18,28,32.0
15451,15451,36321.04003569943,7919.229709718855,277.0,18,28,32.0
15452,15452,36233.50064101302,7963.625664972504,277.0,18,28,32.0
15453,15453,36243.6095358152,7889.007907364641,279.0,18,28,32.0
15454,15454,36352.95924260983,7894.576336647272,279.0,18,28,32.0
15455,15455,36354.19132881359,7820.809728827034,285.0,18,28,32.0
15456,15456,36367.26889901312,7708.736091743408,286.0,18,28,32.0
15457,15457,36328.55253316725,7662.500106941908,287.0,18,28,32.0
15458,15458,36361.54096823945,7620.93959362927,287.0,18,28,32.0
15459,15459,36421.15767931665,7596.110626210497,288.0,18,28,32.0
15460,15460,36334.89569230409,7566.542045087777,290.0,18,28,32.0
15461,15461,36328.3532472747,7491.288703070393,291.0,18,28,32.0
15462,15462,36289.70594553612,7356.06315098043,294.0,18,28,32.0
15463,15463,36332.2207207296,7300.505671671723,299.0,18,28,32.0
15464,15464,36311.15948546387,7187.620096860065,301.0,18,28,32.0
15465,15465,36309.53878322403,7104.024410094463,302.0,18,28,32.0
15466,15466,36335.20648970085,6996.59805349215,303.0,18,28,32.0
15467,15467,36398.05990863231,6917.203802689356,308.0,18,28,32.0
15468,15468,36358.297831421216,6932.537436121454,308.0,18,28,32.0
15469,15469,36335.88412362035,6846.340746484914,309.0,18,28,32.0
15470,15470,36385.09367468345,6744.100782414783,310.0,18,28,32.0
15471,15471,36236.5925522148,6798.590829883196,310.0,18,28,32.0
15472,15472,36230.0706937805,6705.637627505755,312.0,18,28,32.0
15473,15473,36356.93240196838,6676.137023819458,312.0,18,28,32.0
15474,15474,36217.79932347493,6636.158632784066,314.0,18,28,32.0
15475,15475,36338.57275786319,6590.580663647823,314.0,18,28,32.0
15476,15476,36242.92093345668,6643.146936168769,314.0,18,28,32.0
15477,15477,36351.60984855558,6546.884142285836,315.0,18,28,32.0
15478,15478,36344.61481399679,6658.663496327405,315.0,18,28,32.0
15479,15479,36294.04241021763,6513.557147366383,315.0,18,28,32.0
15480,15480,36281.64404205928,6624.807797731364,319.0,18,28,32.0
15481,15481,36257.14858028384,6517.875956371035,321.0,18,28,32.0
15482,15482,36335.42025105253,6468.415879059605,323.0,18,28,32.0
15483,15483,36214.507582166734,6429.3553935950895,323.0,18,28,32.0
15484,15484,36334.06448207694,6363.009825237443,324.0,18,28,32.0
15485,15485,36210.44508636787,6392.1690228636735,324.0,18,28,32.0
15486,15486,36292.39966632654,6378.124992107487,324.0,18,28,32.0
15487,15487,36332.93964269092,6254.614899890404,325.0,18,28,32.0
15488,15488,36341.86048030371,6347.936580368979,325.0,18,28,32.0
15489,15489,36337.20558801168,6334.180902886028,325.0,18,28,32.0
15490,15490,36276.427404613445,6305.484519210482,325.0,18,28,32.0
15491,15491,36376.28939208543,6215.512779309185,326.0,18,28,32.0
15492,15492,36416.39692916304,6224.443224288079,326.0,18,28,32.0
15493,15493,36362.688075644845,6127.041604916203,328.0,18,28,32.0
15494,15494,36423.612896290055,6116.686722105804,328.0,18,28,32.0
15495,15495,36495.70277663915,6160.777672724498,328.0,18,28,32.0
15496,15496,36434.722914672086,6069.509539569643,329.0,18,28,32.0
15497,15497,36311.81497180549,6022.460740793521,331.0,18,28,32.0
15498,15498,36382.93501313212,5900.4987826035285,332.0,18,28,32.0
15499,15499,36262.021054373006,5923.240290393043,333.0,18,28,32.0
15500,15500,36175.68173933322,5798.532526616436,334.0,18,28,32.0
15501,15501,36233.270503119165,5735.196047595051,336.0,18,28,32.0
15502,15502,36132.8056300886,5743.60330881784,336.0,18,28,32.0
15503,15503,36196.599331690544,5646.242907599027,337.0,18,28,32.0
15504,15504,36177.260228178166,5531.542999314054,339.0,18,28,32.0
15505,15505,36093.327400507565,5523.342704549096,340.0,18,28,32.0
15506,15506,36002.834085053655,5482.325792988157,341.0,18,28,32.0
15507,15507,36109.0980609089,5366.331135956915,342.0,18,28,32.0
15508,15508,36139.02652423219,5277.97222610986,343.0,18,28,32.0
15509,15509,36224.25501294839,5208.306424428764,345.0,18,28,32.0
15510,15510,36129.94059509955,5212.084008180702,346.0,18,28,32.0
15511,15511,36271.47630308144,5155.482550029956,347.0,18,28,32.0
15512,15512,36292.78452935977,5136.112870233214,347.0,18,28,32.0
15513,15513,36198.225760745125,5142.578481186086,348.0,18,28,32.0
15514,15514,36186.8053521829,5122.746411047442,348.0,18,28,32.0
15515,15515,36369.63230690848,5114.922124836137,348.0,18,28,32.0
15516,15516,36236.3515185676,5043.335216367773,349.0,18,28,32.0
15517,15517,36472.17561567722,5025.949546523148,349.0,18,28,32.0
15518,15518,36163.18068729099,4959.958590466757,350.0,18,28,32.0
15519,15519,36155.94783737814,5003.519189867639,350.0,18,28,32.0
15520,15520,36209.9589237394,4892.758182262851,351.0,18,28,32.0
15521,15521,36543.94852313427,5093.464284800203,351.0,18,28,32.0
15522,15522,36272.03190198634,4811.21050914626,352.0,18,28,32.0
15523,15523,36502.0691068992,5035.396007269481,352.0,18,28,32.0
15524,15524,36316.33346856102,4697.026969600144,353.0,18,28,32.0
15525,15525,36273.86760822978,4629.42480636458,354.0,18,28,32.0
15526,15526,36459.799989964806,4935.5157671830575,355.0,18,28,32.0
15527,15527,36559.62071157959,4984.427547527396,355.0,18,28,32.0
15528,15528,36239.82422400144,4496.500748318068,356.0,18,28,32.0
15529,15529,36227.678865018366,4576.058276865539,356.0,18,28,32.0
15530,15530,36486.47669700391,4885.690025736732,356.0,18,28,32.0
15531,15531,36607.47741013872,4914.892728768453,356.0,18,28,32.0
15532,15532,36149.40536172596,4519.8164623065095,357.0,18,28,32.0
15533,15533,36260.97902082437,4385.134181423647,357.0,18,28,32.0
15534,15534,36626.56631984532,4838.178743827153,357.0,18,28,32.0
15535,15535,36287.99763859345,4294.398935652918,358.0,18,28,32.0
15536,15536,36674.73075184127,4772.214437096157,358.0,18,28,32.0
15537,15537,36697.639600175455,4772.6599810274965,358.0,18,28,32.0
15538,15538,36068.16434243157,4474.677104015006,358.0,18,28,32.0
15539,15539,36080.9290320343,4502.579359105988,358.0,18,28,32.0
15540,15540,36653.23726126276,4657.062652351391,359.0,18,28,32.0
15541,15541,36086.38953712777,4401.543941624195,359.0,18,28,32.0
15542,15542,36313.76226425952,4203.327541562443,360.0,18,28,32.0
15543,15543,36206.15250225273,4207.340225576216,360.0,18,28,32.0
15544,15544,36330.58208872795,4183.520161700346,360.0,18,28,32.0
15545,15545,36730.54322981392,4592.591590621531,360.0,18,28,32.0
15546,15546,36770.781560829055,4588.177505349343,360.0,18,28,32.0
15547,15547,36787.21328504453,4506.856919399321,361.0,18,28,32.0
15548,15548,36020.30079361507,4372.024696990454,361.0,18,28,32.0
15549,15549,36237.09808990652,4081.814943905468,362.0,18,28,32.0
15550,15550,36878.25949445904,4443.60755638024,362.0,18,28,32.0
15551,15551,36052.33392290527,4249.073581511621,362.0,18,28,32.0
15552,15552,35979.159535082144,4307.069140658939,362.0,18,28,32.0
15553,15553,36924.140145163765,4353.922690089248,363.0,18,28,32.0
15554,15554,36937.19492239267,4335.990534531627,363.0,18,28,32.0
15555,15555,36987.51588348853,4451.691179222253,363.0,18,28,32.0
15556,15556,35919.408493455776,4289.835030041912,363.0,18,28,32.0
15557,15557,36032.40439974541,4137.5607847745005,363.0,18,28,32.0
15558,15558,35988.544216212795,4178.136184668581,363.0,18,28,32.0
15559,15559,36971.423742599225,4357.391258475943,365.0,18,28,32.0
15560,15560,36930.21504660825,4278.878094821064,365.0,18,28,32.0
15561,15561,36943.51094422535,4191.022855756874,366.0,18,28,32.0
15562,15562,36942.6239203485,4198.508523659185,366.0,18,28,32.0
15563,15563,35881.60275628751,4180.748154652473,366.0,18,28,32.0
15564,15564,36151.15949783843,4052.1720373008793,367.0,18,28,32.0
15565,15565,36175.48500743148,4046.9128298422647,367.0,18,28,32.0
15566,15566,36166.47727215775,3991.213144790349,367.0,18,28,32.0
15567,15567,37035.69980194446,4092.359342162201,367.0,18,28,32.0
15568,15568,36151.0059465828,3931.136277199195,368.0,18,28,32.0
15569,15569,37131.05006574219,4073.3667608283326,368.0,18,28,32.0
15570,15570,35807.17391555741,4082.220128132423,368.0,18,28,32.0
15571,15571,37164.7108459821,4008.066430212661,369.0,18,28,32.0
15572,15572,37200.53272572655,3921.705715423916,371.0,18,28,32.0
15573,15573,37185.75050093709,3890.568506033475,371.0,18,28,32.0
15574,15574,37234.5892705088,3930.9862230249782,371.0,18,28,32.0
15575,15575,35726.224404451,4143.264535934301,372.0,18,28,32.0
15576,15576,35682.607594502864,4051.486386710708,372.0,18,28,32.0
15577,15577,36221.71893749581,3884.017979988681,373.0,18,28,32.0
15578,15578,37214.64298094733,3834.4388867469575,373.0,18,28,32.0
15579,15579,35642.00950421421,4033.112217381451,373.0,18,28,32.0
15580,15580,36161.31189942775,3762.220572472882,374.0,18,28,32.0
15581,15581,36065.24404811655,3706.5401093787873,376.0,18,28,32.0
15582,15582,37323.33654998131,3871.55504491344,376.0,18,28,32.0
15583,15583,37226.02301969571,3789.75598725399,376.0,18,28,32.0
15584,15584,36112.957572434,3596.6031956380134,377.0,18,28,32.0
15585,15585,37343.34891069128,3707.503507543864,377.0,18,28,32.0
15586,15586,37333.68554771106,3859.537861870483,377.0,18,28,32.0
15587,15587,35589.31577668928,3952.513633989621,377.0,18,28,32.0
15588,15588,35584.16594183976,3994.865706408785,377.0,18,28,32.0
15589,15589,36210.91318783771,3544.460957122934,378.0,18,28,32.0
15590,15590,36188.13357417129,3517.3228544588624,378.0,18,28,32.0
15591,15591,37430.94517998088,3734.0839329804544,378.0,18,28,32.0
15592,15592,37442.9512018021,3717.347010898531,378.0,18,28,32.0
15593,15593,35570.373502426846,3869.7838631449217,378.0,18,28,32.0
15594,15594,36135.74480673415,3455.2950735644,379.0,18,28,32.0
15595,15595,36284.91560620417,3497.626910662065,379.0,18,28,32.0
15596,15596,36212.107302051925,3431.386669493219,379.0,18,28,32.0
15597,15597,35498.30586344021,3878.737646154145,379.0,18,28,32.0
15598,15598,37456.38329278402,3634.021105415457,380.0,18,28,32.0
15599,15599,37563.31159064247,3795.728790496461,380.0,18,28,32.0
15600,15600,37425.129837089495,3606.8244898482567,380.0,18,28,32.0
15601,15601,37509.277792466855,3758.353283761014,380.0,18,28,32.0
15602,15602,36306.10612341169,3470.384406971574,381.0,18,28,32.0
15603,15603,36223.64522522941,3346.5931845533364,381.0,18,28,32.0
15604,15604,36219.118657413484,3339.1494775694523,381.0,18,28,32.0
15605,15605,37451.56780570077,3584.782957619707,381.0,18,28,32.0
15606,15606,36188.73271777065,3288.888057542896,382.0,18,28,32.0
15607,15607,36213.48300784708,3291.979174991984,382.0,18,28,32.0
15608,15608,35399.53487570733,3869.0252766812505,382.0,18,28,32.0
15609,15609,35501.10292020121,3782.37714633984,382.0,18,28,32.0
15610,15610,37509.39527508073,3544.6791740006456,383.0,18,28,32.0
15611,15611,37539.91285629874,3518.395498052101,383.0,18,28,32.0
15612,15612,35381.679893009336,3910.384588006821,383.0,18,28,32.0
15613,15613,35308.601272311294,3892.726989492293,384.0,18,28,32.0
15614,15614,36118.06862018019,3246.7352135592487,385.0,18,28,32.0
15615,15615,37631.67315633231,3465.5993608438343,385.0,18,28,32.0
15616,15616,37661.5909135434,3549.0954128455373,385.0,18,28,32.0
15617,15617,36046.40140324933,3126.723145458181,386.0,18,28,32.0
15618,15618,35248.999379744375,3858.7658430438446,387.0,18,28,32.0
15619,15619,35213.661761525465,3836.100247555929,387.0,18,28,32.0
15620,15620,35960.727694768335,3094.88959188569,389.0,18,28,32.0
15621,15621,35949.77593092679,3086.417242142893,389.0,18,28,32.0
15622,15622,35973.24410034975,3075.469869644661,389.0,18,28,32.0
15623,15623,37702.52425461223,3499.3236435972635,389.0,18,28,32.0
15624,15624,37815.47970641516,3469.894670264732,390.0,18,28,32.0
15625,15625,35184.80722161015,3789.741756712765,390.0,18,28,32.0
15626,15626,36021.11782938128,3001.2137084997307,391.0,18,28,32.0
15627,15627,35891.793314023926,3031.2330744526066,391.0,18,28,32.0
15628,15628,35142.55419055594,3744.2728873050073,391.0,18,28,32.0
15629,15629,36005.201471928034,2969.972470803409,392.0,18,28,32.0
15630,15630,35860.73189959863,2953.3698534830546,392.0,18,28,32.0
15631,15631,35215.92378416086,3684.952059437154,392.0,18,28,32.0
15632,15632,35874.84557233466,2898.447644813136,393.0,18,28,32.0
15633,15633,37818.69217107511,3364.249423267434,393.0,18,28,32.0
15634,15634,35892.36014541379,2764.848556641294,394.0,18,28,32.0
15635,15635,35143.86034031631,3585.527376401822,394.0,18,28,32.0
15636,15636,35124.10492281697,3743.293814425651,394.0,18,28,32.0
15637,15637,35044.70577852459,3748.02724182748,395.0,18,28,32.0
15638,15638,35910.36418373683,2655.0506664671298,396.0,18,28,32.0
15639,15639,35954.77686042305,2685.4900835378,396.0,18,28,32.0
15640,15640,35933.98195465586,2584.3743876488097,397.0,18,28,32.0
15641,15641,35020.23762723214,3697.1825209148096,397.0,18,28,32.0
15642,15642,34933.9541128462,3729.456940713678,397.0,18,28,32.0
15643,15643,37879.626635857865,3282.169273426264,398.0,18,28,32.0
15644,15644,34866.665388519395,3760.003274695135,398.0,18,28,32.0
15645,15645,35954.08954097938,2505.59591115696,399.0,18,28,32.0
15646,15646,34835.65698755864,3696.897973138629,399.0,18,28,32.0
15647,15647,34793.39723293035,3601.642205283196,401.0,18,28,32.0
15648,15648,36013.975944343634,2423.201253490371,402.0,18,28,32.0
15649,15649,37954.28229966015,3205.2082652048484,402.0,18,28,32.0
15650,15650,37882.74844399528,3168.7076878094754,402.0,18,28,32.0
15651,15651,34699.17887781171,3608.0643025460495,402.0,18,28,32.0
15652,15652,35927.016759882885,2443.8536594955967,403.0,18,28,32.0
15653,15653,36050.78674027773,2326.3051635905726,403.0,18,28,32.0
15654,15654,36062.437352810586,2289.626635452465,404.0,18,28,32.0
15655,15655,35999.363369126746,2327.4531940183724,404.0,18,28,32.0
15656,15656,37967.340838431584,3121.22949296619,405.0,18,28,32.0
15657,15657,36010.63540084063,2204.540902813864,406.0,18,28,32.0
15658,15658,35933.156397740044,2362.421027753025,406.0,18,28,32.0
15659,15659,35983.22872658118,2213.8439909308327,406.0,18,28,32.0
15660,15660,38060.579939839205,3095.78841049613,406.0,18,28,32.0
15661,15661,38128.71406108778,3057.485388108659,407.0,18,28,32.0
15662,15662,34591.94531690974,3568.839894747065,407.0,18,28,32.0
15663,15663,34601.594834768555,3609.935225508856,407.0,18,28,32.0
15664,15664,36067.50791841647,2203.7499125411846,408.0,18,28,32.0
15665,15665,36079.159029429255,2119.022418850784,409.0,18,28,32.0
15666,15666,38100.75970149545,2977.862309440178,409.0,18,28,32.0
15667,15667,38182.168178323634,2965.0007101419296,409.0,18,28,32.0
15668,15668,38151.15110434346,2942.2643863360054,409.0,18,28,32.0
15669,15669,34664.68515180274,3480.203954842723,409.0,18,28,32.0
15670,15670,36010.45331378577,2122.006404333587,410.0,18,28,32.0
15671,15671,36110.48656248786,2044.7847647369545,410.0,18,28,32.0
15672,15672,36078.56359340098,2018.6026196242096,410.0,18,28,32.0
15673,15673,38260.46061332285,2937.0493449915334,410.0,18,28,32.0
15674,15674,38240.867369323794,2910.307198015876,410.0,18,28,32.0
15675,15675,36028.61046179816,2015.127261538893,411.0,18,28,32.0
15676,15676,38315.23456922195,2968.721987930751,411.0,18,28,32.0
15677,15677,38328.87318388453,2889.2303650886784,411.0,18,28,32.0
15678,15678,34586.42729392138,3459.300078129048,411.0,18,28,32.0
15679,15679,34604.90722342684,3379.02169692979,411.0,18,28,32.0
15680,15680,38377.508276662906,2847.2515081044658,412.0,18,28,32.0
15681,15681,36026.92008952122,1916.3228064222617,413.0,18,28,32.0
15682,15682,38445.345724714105,2860.5665279953632,413.0,18,28,32.0
15683,15683,34512.10352603103,3355.8673938400943,413.0,18,28,32.0
15684,15684,-16316.703514362884,-11196.386926170777,102.0,-1,-1,-1.0
15685,15685,-37951.8750942847,-15455.078487332088,25.0,-1,-1,-1.0
15686,15686,-770.9857500545186,-5985.791349895459,424.0,-1,-1,-1.0
15687,15687,16621.13435952452,5043.996682838057,419.0,-1,2,-1.0
15688,15688,15351.262090908036,14699.887049539822,446.0,-1,-1,-1.0
15689,15689,20678.811577454275,-33314.642392467256,251.0,-1,-1,-1.0
15690,15690,15077.45291450477,31840.70173886244,372.0,-1,-1,-1.0
15691,15691,-39527.02634373739,32318.138554471443,94.0,-1,5,-1.0
15692,15692,-30515.412362651543,-16701.856339172733,61.0,-1,-1,-1.0
15693,15693,-35640.65295183463,-15147.558280252077,66.0,-1,-1,-1.0
15694,15694,32374.670013860858,13529.247772720031,221.0,-1,28,-1.0
15695,15695,-21866.07300780509,-38308.43563519044,198.0,-1,12,-1.0
15696,15696,-3004.8239320051725,27881.31303905559,123.0,-1,48,56.0
15697,15697,-29214.148077132824,26659.43014782878,365.0,-1,-1,-1.0
15698,15698,11450.003272222311,21235.29144272657,306.0,-1,-1,-1.0
15699,15699,-6505.645700425361,-17278.324563793045,99.0,-1,-1,-1.0
15700,15700,-31088.366951160104,4355.948978031498,38.0,-1,29,-1.0
15701,15701,-22921.570714612142,19686.73780140256,69.0,-1,37,-1.0
15702,15702,31324.64798751021,-39559.77207164989,476.0,-1,-1,-1.0
15703,15703,-29537.322425379964,-12767.33047936358,209.0,-1,-1,-1.0
15704,15704,11523.104205082023,26550.33011535801,167.0,-1,-1,-1.0
15705,15705,-28492.24853455157,37293.04000975267,470.0,-1,-1,-1.0
15706,15706,22288.82525734484,25538.16085596789,442.0,-1,-1,-1.0
15707,15707,-35146.48163046614,16732.31230771669,223.0,-1,-1,-1.0
15708,15708,-25820.112315449445,24247.96390868653,63.0,-1,48,-1.0
15709,15709,-29429.82130363993,29950.259230490818,339.0,-1,-1,-1.0
15710,15710,21998.477879466867,-39296.46464698147,332.0,-1,-1,-1.0
15711,15711,-9805.537159636428,25930.312077979997,431.0,-1,-1,-1.0
15712,15712,-31483.673389438874,-4972.03198774864,379.0,-1,-1,-1.0
15713,15713,34992.64549191296,6115.668056780654,222.0,-1,28,-1.0
15714,15714,27579.006882574904,-35949.1905240117,117.0,-1,-1,-1.0
15715,15715,-21008.81001243045,-27385.49795564796,273.0,-1,-1,-1.0
15716,15716,-34661.95274823598,27513.62717970411,281.0,-1,-1,-1.0
15717,15717,7590.736736577928,36249.83183192457,336.0,-1,-1,-1.0
15718,15718,29562.10313391125,32759.59736642988,50.0,-1,-1,-1.0
15719,15719,-6448.395929138576,-10144.736775166282,248.0,-1,-1,-1.0
15720,15720,-12092.015202138784,-25323.12309030246,134.0,-1,17,-1.0
15721,15721,-4674.031620219561,308.527557282272,106.0,-1,27,-1.0
15722,15722,24727.978039299065,24747.90670575496,363.0,-1,18,-1.0
15723,15723,-8845.250972594946,-28243.11793205654,147.0,-1,-1,-1.0
15724,15724,-6965.926628179521,39868.113380122464,24.0,-1,-1,-1.0
15725,15725,15492.834934591156,22251.572363779924,354.0,-1,-1,-1.0
15726,15726,7616.160368453369,38882.64028026408,84.0,-1,-1,-1.0
15727,15727,11527.173424955698,5873.0939037295175,409.0,-1,2,-1.0
15728,15728,33642.40836984328,-4558.690709192008,180.0,-1,33,-1.0
15729,15729,29613.23520694912,-39933.164100204485,61.0,-1,-1,-1.0
15730,15730,8340.855055274042,-20076.93277268257,246.0,-1,-1,-1.0
15731,15731,8358.919358696927,37319.880479593005,47.0,-1,-1,-1.0
15732,15732,6936.157631264185,-6868.859465468755,435.0,-1,-1,-1.0
15733,15733,-18135.368461334518,-27288.64350563269,78.0,-1,36,42.0
15734,15734,-24713.22489567574,-9621.327851703158,374.0,-1,-1,-1.0
15735,15735,-26468.857119459277,8946.69931426127,385.0,-1,-1,-1.0
15736,15736,19010.109038056537,4924.606742330841,22.0,-1,-1,-1.0
15737,15737,-36409.4391372267,-28956.36205615709,356.0,-1,20,-1.0
15738,15738,-15112.367038430852,31512.212784276096,498.0,-1,-1,-1.0
15739,15739,-6241.612192612811,9951.1434808595,474.0,-1,-1,-1.0
15740,15740,17648.19775176169,8965.31052075389,137.0,-1,-1,-1.0
15741,15741,36869.37075419941,11692.44547309786,151.0,-1,28,-1.0
15742,15742,-4432.5159749849845,14138.01234218562,130.0,-1,-1,-1.0
15743,15743,-29021.5855757952,37595.54995438248,241.0,-1,-1,-1.0
15744,15744,18012.66796628454,-35777.65946372622,475.0,-1,-1,-1.0
15745,15745,-15082.958017995632,10570.977887959743,193.0,-1,-1,-1.0
15746,15746,17049.888614001626,6685.096393937136,56.0,-1,-1,-1.0
15747,15747,-18855.612867324813,15286.10759792842,17.0,-1,-1,-1.0
15748,15748,-13709.55114841964,-25853.832872834144,488.0,-1,-1,-1.0
15749,15749,16429.581869373673,-38955.42770608075,258.0,-1,-1,-1.0
15750,15750,14783.002802373563,-13055.673508762357,269.0,-1,-1,-1.0
15751,15751,-10977.382110170132,-15267.302573336154,228.0,-1,31,-1.0
15752,15752,8847.415602840076,29984.434553901054,93.0,-1,-1,-1.0
15753,15753,32572.291892334677,-4440.356995763439,5.0,-1,33,-1.0
15754,15754,-21317.749596545546,-933.1147161922707,229.0,-1,43,-1.0
15755,15755,-7841.607570478405,-21665.23748496039,322.0,-1,-1,-1.0
15756,15756,-23495.078722591574,17786.982317905975,163.0,-1,-1,-1.0
15757,15757,34455.0002812326,-11678.459409120856,428.0,-1,-1,-1.0
15758,15758,-30841.10105732228,13127.666704317557,64.0,-1,-1,-1.0
15759,15759,531.6248853868528,-15403.988091873274,332.0,-1,31,35.0
15760,15760,-2380.371039328013,-14969.511530671563,51.0,-1,31,-1.0
15761,15761,-17846.446926080465,-30880.454141601396,297.0,-1,36,-1.0
15762,15762,28123.80394518269,36014.99440676237,317.0,-1,-1,-1.0
15763,15763,28997.90242676191,26684.41902649276,154.0,-1,-1,-1.0
15764,15764,-23534.974619264864,-24800.266832168607,403.0,-1,-1,-1.0
15765,15765,-6797.759353090783,37776.56818103063,178.0,-1,-1,-1.0
15766,15766,24619.699718254666,1222.250127793377,75.0,-1,-1,-1.0
15767,15767,-37007.84370594873,-35287.30773428334,461.0,-1,-1,-1.0
15768,15768,-26734.87393057508,-17933.78294941384,489.0,-1,-1,-1.0
15769,15769,8389.789380570284,-38555.98717564076,261.0,-1,1,-1.0
15770,15770,-18021.077253410014,-19129.133315741212,5.0,-1,-1,-1.0
15771,15771,-34522.342617449765,38470.14993830507,104.0,-1,5,-1.0
15772,15772,-16432.497011487336,1362.891688662232,29.0,-1,-1,-1.0
15773,15773,37721.146950006354,20680.806004676764,279.0,-1,28,-1.0
15774,15774,25201.453353825265,154.6154504230799,464.0,-1,-1,-1.0
15775,15775,-36014.125439225114,-18518.910476297653,460.0,-1,-1,-1.0
15776,15776,17084.441372083907,-38139.59971458228,364.0,-1,-1,-1.0
15777,15777,-21180.52954164993,8768.128615207861,139.0,-1,-1,-1.0
15778,15778,28472.99888066089,-30070.86229804343,144.0,-1,-1,-1.0
15779,15779,-20293.2294679368,-36096.84471992304,93.0,-1,12,-1.0
15780,15780,18132.29121746136,22486.219207674207,150.0,-1,-1,-1.0
15781,15781,35292.41243743329,-32138.921707751688,465.0,-1,-1,-1.0
15782,15782,-27628.298022892395,-12712.984614235498,96.0,-1,-1,-1.0
15783,15783,-5520.839404234226,-7908.86765112486,286.0,-1,31,-1.0
15784,15784,14119.454306787184,12349.183732279234,125.0,-1,-1,-1.0
15785,15785,7180.521453958703,-8539.872961502271,147.0,-1,-1,-1.0
15786,15786,-22389.34208744345,-9546.857950532643,69.0,-1,-1,-1.0
15787,15787,-7431.46391323,7041.998697426556,311.0,-1,27,-1.0
15788,15788,2652.9989344817805,24014.60506351608,185.0,-1,-1,-1.0
15789,15789,-5310.283244174192,10634.126999708082,86.0,-1,27,-1.0
15790,15790,2941.8129386581422,-28319.416836044908,495.0,-1,-1,-1.0
15791,15791,-19608.21295840813,22282.408424884583,141.0,-1,-1,-1.0
15792,15792,20692.880130017387,-28770.397064382632,35.0,-1,-1,-1.0
15793,15793,-28416.763583167456,-18226.44597000125,489.0,-1,-1,-1.0
15794,15794,-11046.201615345435,-15883.79086450064,370.0,-1,-1,-1.0
15795,15795,6430.17522931251,-35643.79478224169,178.0,-1,1,-1.0
15796,15796,22726.77027856572,-29824.86206702821,95.0,-1,-1,-1.0
15797,15797,-14230.659856082406,24210.246756773115,116.0,-1,48,60.0
15798,15798,-25273.14990671216,-28477.51695790301,8.0,-1,-1,-1.0
15799,15799,24456.92516868603,39315.04219333123,269.0,-1,-1,-1.0
15800,15800,-37446.61070169912,6484.825805843793,1.0,-1,-1,-1.0
15801,15801,10497.57177471788,-11768.692107592296,290.0,-1,-1,-1.0
15802,15802,-20632.36457651282,22104.44930145963,88.0,-1,-1,-1.0
15803,15803,-8317.834853343225,-23281.535967829983,312.0,-1,7,-1.0
15804,15804,-20465.4056064856,-27997.41685577381,193.0,-1,-1,-1.0
15805,15805,38154.223363925004,32953.344031117376,337.0,-1,10,-1.0
15806,15806,28760.67245556871,-20420.49469006198,167.0,-1,45,-1.0
15807,15807,-13322.349235725753,-35144.85955092969,177.0,-1,36,-1.0
15808,15808,-21206.76907675168,-39820.43319936077,67.0,-1,-1,-1.0
15809,15809,36112.169868672034,23359.09624814072,477.0,-1,-1,-1.0
15810,15810,8745.292650091556,15773.121156862588,351.0,-1,-1,-1.0
15811,15811,5387.076907933064,-12002.435031873392,234.0,-1,31,-1.0
15812,15812,7438.537790910632,-9456.721850143264,191.0,-1,-1,-1.0
15813,15813,9738.537974843552,-17663.657213299943,150.0,-1,-1,-1.0
15814,15814,-19866.86977892365,-26129.750691035013,193.0,-1,-1,-1.0
15815,15815,-19900.30397594856,-35730.74240134896,283.0,-1,-1,-1.0
15816,15816,16139.807493542656,-37669.8861601251,260.0,-1,-1,-1.0
15817,15817,-39865.99677745149,37778.36570151208,37.0,-1,-1,-1.0
15818,15818,2517.078450309222,29428.44804782713,367.0,-1,-1,-1.0
15819,15819,3439.661650140166,-1682.6008793252186,407.0,-1,-1,-1.0
15820,15820,-30410.598221159653,12454.01598320395,9.0,-1,-1,-1.0
15821,15821,-30104.103645938427,3938.352627674358,326.0,-1,29,-1.0
15822,15822,-35589.53796453798,29937.984594095906,248.0,-1,-1,-1.0
15823,15823,4696.828719461766,4500.99469825063,394.0,-1,-1,-1.0
15824,15824,16261.888893539595,-35626.42463899497,125.0,-1,-1,-1.0
15825,15825,18269.06355221405,-29964.05483776038,200.0,-1,3,-1.0
15826,15826,-31652.054039659157,-1073.9587108489868,203.0,-1,-1,-1.0
15827,15827,11993.58908332078,33376.02302051862,436.0,-1,47,-1.0
15828,15828,17985.09307372413,-26767.00828450107,493.0,-1,3,-1.0
15829,15829,19390.958544821748,29105.88081947602,111.0,-1,30,-1.0
15830,15830,-23737.90046631123,21757.483001513763,117.0,-1,-1,-1.0
15831,15831,-33786.26039245358,8479.599567629855,396.0,-1,-1,-1.0
15832,15832,-941.8876534736264,23844.863293916904,137.0,-1,-1,-1.0
15833,15833,-8828.908080947116,-4850.9164583373495,299.0,-1,-1,-1.0
15834,15834,21494.233024715773,9892.415512966943,401.0,-1,16,-1.0
15835,15835,-2932.0994655723625,-34412.47333703485,180.0,-1,-1,-1.0
15836,15836,-15628.780206514144,-6679.881312964404,94.0,-1,43,-1.0
15837,15837,-32208.436038842727,10077.112697770892,99.0,-1,-1,-1.0
15838,15838,35442.29451635969,-19234.306775903784,215.0,-1,-1,-1.0
15839,15839,-8740.88558703339,-25490.172120312494,421.0,-1,-1,-1.0
15840,15840,14929.04856409289,-38827.92786511801,2.0,-1,-1,-1.0
15841,15841,38841.93367983188,1255.0519835160812,408.0,-1,28,-1.0
15842,15842,-21681.99428928756,20782.654520903445,196.0,-1,-1,-1.0
15843,15843,36507.0428155369,13134.72473171635,490.0,-1,28,-1.0
15844,15844,33580.48001634894,12585.954633135463,57.0,-1,-1,-1.0
15845,15845,-24936.184582563717,20073.04361930291,433.0,-1,37,-1.0
15846,15846,-15099.04336678006,-18438.734563452083,214.0,-1,-1,-1.0
15847,15847,39763.020430962846,-27364.47749354178,302.0,-1,-1,-1.0
15848,15848,39094.76117938892,27858.19552397901,189.0,-1,-1,-1.0
15849,15849,-35444.72031316025,-974.0934671930008,146.0,-1,29,-1.0
15850,15850,28814.06339712601,14705.1344146708,80.0,-1,-1,-1.0
15851,15851,5199.187346914638,-31210.21790706883,490.0,-1,-1,-1.0
15852,15852,-22150.852554550234,-35086.89546423375,179.0,-1,-1,-1.0
15853,15853,-38775.59447124072,-5360.110554046863,5.0,-1,-1,-1.0
15854,15854,24616.04151693367,-19444.676310628576,191.0,-1,-1,-1.0
15855,15855,37594.399890355184,-34575.029274893895,434.0,-1,-1,-1.0
15856,15856,-7901.350384067031,11901.251348066398,231.0,-1,27,-1.0
15857,15857,-14358.84579742936,31089.00680614538,111.0,-1,-1,-1.0
15858,15858,-20940.962279544838,-2727.7261323127823,234.0,-1,43,-1.0
15859,15859,-36886.01705335504,-3726.830230136337,234.0,-1,-1,-1.0
15860,15860,-98.56198732795748,34829.20581628602,5.0,-1,-1,-1.0
15861,15861,35868.38478103858,-21951.54564112163,357.0,-1,-1,-1.0
15862,15862,1456.8266039530065,-22597.627730259075,348.0,-1,31,-1.0
15863,15863,26453.193714698573,7371.945596817612,441.0,-1,15,-1.0
15864,15864,-4102.470562805756,13893.660243947825,332.0,-1,-1,-1.0
15865,15865,-18830.755080432187,11337.72558987989,438.0,-1,-1,-1.0
15866,15866,-1510.8585790910147,35276.54992508734,421.0,-1,-1,-1.0
15867,15867,17087.473351955792,-29111.77052898083,381.0,-1,3,-1.0
15868,15868,17165.73736126587,-21723.51595166957,42.0,-1,-1,-1.0
15869,15869,22854.60561484869,-16894.6133326945,195.0,-1,-1,-1.0
15870,15870,-24637.2656574668,-1178.0267640696766,255.0,-1,-1,-1.0
15871,15871,24514.10110047641,33987.97319878219,375.0,-1,-1,-1.0
15872,15872,-3290.454439971254,-8971.488259785849,200.0,-1,31,-1.0
15873,15873,-28812.256972202063,-33828.774129670084,396.0,-1,-1,-1.0
15874,15874,-4450.012596894812,15260.326793455482,149.0,-1,-1,-1.0
15875,15875,-38756.28952713536,4450.2522548722845,52.0,-1,-1,-1.0
15876,15876,-1833.6394131022896,39375.113016340285,225.0,-1,48,-1.0
15877,15877,8897.004069328534,-1210.8598436227694,50.0,-1,-1,-1.0
15878,15878,-270.5806657255598,8341.060990748105,232.0,-1,27,-1.0
15879,15879,2399.881233568849,-28855.32736326885,383.0,-1,-1,-1.0
15880,15880,-1591.6410183000553,-20727.34738901353,32.0,-1,-1,-1.0
15881,15881,-11341.868116004302,24184.273790979925,324.0,-1,-1,-1.0
15882,15882,4644.68580651089,-38204.86919950182,93.0,-1,-1,-1.0
15883,15883,-479.7003595190399,-15557.064282996162,408.0,-1,31,-1.0
15884,15884,-18755.523560279937,13696.949224779411,296.0,-1,-1,-1.0
15885,15885,-13973.792780654569,15917.598312779885,64.0,-1,-1,-1.0
15886,15886,6932.51928093101,13877.47834763548,279.0,-1,8,-1.0
15887,15887,32790.16566331062,-17745.148139648998,211.0,-1,-1,-1.0
15888,15888,20366.13098758741,19940.50226393921,302.0,-1,18,-1.0
15889,15889,-24594.98718306187,-15735.41403168252,459.0,-1,-1,-1.0
15890,15890,18066.347803124478,38188.96884700353,154.0,-1,-1,-1.0
15891,15891,-16018.149303890985,-32966.799515311075,40.0,-1,36,-1.0
15892,15892,-3281.995204215382,10923.29315868301,137.0,-1,-1,-1.0
15893,15893,-37013.00029926736,-21346.847554054468,358.0,-1,0,-1.0
15894,15894,-9112.272158086556,-35177.741494040776,240.0,-1,35,-1.0
15895,15895,1788.0214099984223,-32089.765544704365,401.0,-1,-1,-1.0
15896,15896,26677.508428225163,20878.648499384755,29.0,-1,18,-1.0
15897,15897,37223.26450479787,-26678.29239879776,137.0,-1,-1,-1.0
15898,15898,-6728.229991185588,-6494.764503392136,24.0,-1,-1,-1.0
15899,15899,25176.640228318305,8339.997612509891,499.0,-1,15,-1.0
15900,15900,-26683.2155986716,21502.012360093257,67.0,-1,-1,-1.0
15901,15901,-26357.69635886857,-10649.271201300082,492.0,-1,-1,-1.0
15902,15902,-20867.278861936546,-32974.01220701788,175.0,-1,-1,-1.0
15903,15903,-38659.23202790343,7721.630504331471,398.0,-1,-1,-1.0
15904,15904,20369.98030943211,-6586.339303451248,55.0,-1,44,-1.0
15905,15905,-38560.24673372055,-35304.024577836455,50.0,-1,-1,-1.0
15906,15906,-23948.105508237462,7971.121516013431,180.0,-1,-1,-1.0
15907,15907,32535.77359648823,-23861.28190333907,420.0,-1,45,-1.0
15908,15908,-11611.055867920692,6320.943007270478,38.0,-1,-1,-1.0
15909,15909,-2364.6618864644843,16540.04335351105,94.0,-1,46,-1.0
15910,15910,1701.1782229763269,-3957.418978187634,410.0,-1,-1,-1.0
15911,15911,31599.823232665207,3591.0956685357014,337.0,-1,-1,-1.0
15912,15912,-8532.011178588662,23856.38641521177,11.0,-1,-1,-1.0
15913,15913,-2349.6612132202063,38959.78434513652,496.0,-1,48,-1.0
15914,15914,2149.29168037021,-16213.29296442915,260.0,-1,31,-1.0
15915,15915,3972.8557521715775,-28115.124079465728,345.0,-1,-1,-1.0
15916,15916,-557.8060362227625,-23338.59760293218,70.0,-1,-1,-1.0
15917,15917,-29794.47483392477,17243.1118842054,34.0,-1,40,-1.0
15918,15918,8767.961925843163,-13851.364531485871,440.0,-1,-1,-1.0
15919,15919,35265.230454641875,-17204.19099575114,182.0,-1,-1,-1.0
15920,15920,-31903.41635924724,-8919.89556112744,492.0,-1,41,-1.0
15921,15921,4210.398063699955,9380.3598603544,75.0,-1,-1,-1.0
15922,15922,9922.663337239064,-14709.184962943516,425.0,-1,-1,-1.0
15923,15923,-14428.616069782638,-18247.35828162182,103.0,-1,-1,-1.0
15924,15924,-22836.258894260267,-20809.10485971903,455.0,-1,-1,-1.0
15925,15925,-38776.40565924461,-36826.723606839805,203.0,-1,-1,-1.0
15926,15926,-8720.551562626351,4552.5387753587565,209.0,-1,27,-1.0
15927,15927,-36737.62308955204,10407.513630181696,233.0,-1,-1,-1.0
15928,15928,25250.137296417182,-36813.44735786694,290.0,-1,-1,-1.0
15929,15929,6529.824581429741,22748.60245465192,27.0,-1,-1,-1.0
15930,15930,-28920.682213721542,4367.157734739689,129.0,-1,-1,-1.0
15931,15931,15744.158865503894,28911.19624729961,25.0,-1,9,-1.0
15932,15932,-35811.77458054671,15231.15920826391,142.0,-1,24,-1.0
15933,15933,12778.02601010556,-1780.634246484777,334.0,-1,-1,-1.0
15934,15934,30887.03064559272,-9309.503189401385,308.0,-1,-1,-1.0
15935,15935,-23371.09914460127,31126.01758010003,176.0,-1,-1,-1.0
15936,15936,37303.84107744359,9155.9703960841,350.0,-1,28,-1.0
15937,15937,8085.948330062893,-38771.91837884332,340.0,-1,1,-1.0
15938,15938,13208.06354166579,11459.48845119212,475.0,-1,-1,-1.0
15939,15939,-6477.68160774462,-16056.526170469788,83.0,-1,-1,-1.0
15940,15940,-23464.829531348318,-17266.02379422382,343.0,-1,-1,-1.0
15941,15941,-21353.93238564719,1607.164881538076,346.0,-1,-1,-1.0
15942,15942,-9205.803883842626,27379.85484956512,323.0,-1,48,-1.0
15943,15943,5956.890126517617,2599.6136762178,173.0,-1,14,-1.0
15944,15944,31827.0455645349,-21436.268173277265,398.0,-1,-1,-1.0
15945,15945,-17471.34732301113,22367.683941437623,104.0,-1,-1,-1.0
15946,15946,-4776.077141029375,-13379.927354081512,421.0,-1,31,35.0
15947,15947,6331.577699007597,32845.97382905678,356.0,-1,47,-1.0
15948,15948,-36203.5113319536,17648.84410810101,228.0,-1,-1,-1.0
15949,15949,533.1097708395828,26453.45509118984,202.0,-1,48,56.0
15950,15950,-33458.03687910776,-28036.394046932382,12.0,-1,-1,-1.0
15951,15951,436.91021376774734,-13115.700659467711,69.0,-1,31,-1.0
15952,15952,36479.10096849389,-21341.12183111513,397.0,-1,-1,-1.0
15953,15953,-2295.8239554187458,-35022.00570491216,128.0,-1,-1,-1.0
15954,15954,-18659.2677305726,5986.5675030536295,390.0,-1,-1,-1.0
15955,15955,9955.673418517152,27764.35045120885,74.0,-1,-1,-1.0
15956,15956,33513.4131561641,26840.61787978311,39.0,-1,10,-1.0
15957,15957,-19328.59550298932,10941.923539417608,375.0,-1,-1,-1.0
15958,15958,-9593.77917603864,-27701.00196683708,119.0,-1,-1,-1.0
15959,15959,-8449.965142389672,10374.986730156212,52.0,-1,27,-1.0
15960,15960,6558.329773021644,-27507.72506008316,74.0,-1,31,35.0
15961,15961,-7914.8498348422,-13388.957598743857,211.0,-1,-1,-1.0
15962,15962,20700.39811898995,13914.788209723076,250.0,-1,-1,-1.0
15963,15963,21262.647643397824,35984.55954101948,124.0,-1,30,-1.0
15964,15964,39711.55758691701,-24921.52512575755,357.0,-1,-1,-1.0
15965,15965,-2894.8961352848564,7888.423046954893,176.0,-1,27,-1.0
15966,15966,-7352.485681770293,-14105.594636098753,263.0,-1,-1,-1.0
15967,15967,32185.07583477054,-4438.937867867258,86.0,-1,33,-1.0
15968,15968,-18623.36139676211,19182.377906452173,140.0,-1,-1,-1.0
15969,15969,-11612.758980940423,21250.9576960384,265.0,-1,-1,-1.0
15970,15970,-10216.711826678433,-34837.16812616921,461.0,-1,-1,-1.0
15971,15971,15581.860076481862,-17194.211290659743,408.0,-1,45,52.0
15972,15972,6812.894921007777,-33355.34960868364,368.0,-1,-1,-1.0
15973,15973,6748.983416711999,-21189.71749294313,236.0,-1,-1,-1.0
15974,15974,28488.724962235603,-31121.14984018219,413.0,-1,-1,-1.0
15975,15975,-906.7729210559046,36292.41142191767,168.0,-1,48,-1.0
15976,15976,32385.57667621004,30396.146673873765,266.0,-1,10,-1.0
15977,15977,-13539.735968724952,-8222.002600035932,83.0,-1,-1,-1.0
15978,15978,-34832.97505831547,9796.23930107552,474.0,-1,-1,-1.0
15979,15979,17725.25292229192,19611.185837842742,210.0,-1,18,-1.0
15980,15980,-32497.66711855945,-30261.633689337184,278.0,-1,34,-1.0
15981,15981,39066.1599953877,-17.48026790203585,392.0,-1,-1,-1.0
15982,15982,33376.92419287922,13021.619756844397,98.0,-1,28,-1.0
15983,15983,12430.808813464864,-14769.568391058314,340.0,-1,-1,-1.0
15984,15984,32311.490028897635,27621.2000883937,423.0,-1,-1,-1.0
15985,15985,-26736.25885336599,-17726.85709418325,278.0,-1,-1,-1.0
15986,15986,15309.333833563178,13309.9060833044,346.0,-1,-1,-1.0
15987,15987,-37112.07353054543,-33300.5101708756,112.0,-1,20,23.0
15988,15988,21789.898232641837,-36970.73957103863,138.0,-1,-1,-1.0
15989,15989,13596.953704441084,9745.369950044347,152.0,-1,-1,-1.0
15990,15990,13837.2609578969,-33275.95624111866,9.0,-1,3,-1.0
15991,15991,28765.39363668328,-23985.2877681217,377.0,-1,-1,-1.0
15992,15992,-33286.646189437204,-12411.4288718381,414.0,-1,-1,-1.0
15993,15993,-15646.574638612929,28092.26798741512,473.0,-1,48,-1.0
15994,15994,33510.87498630521,39700.28143283269,398.0,-1,-1,-1.0
15995,15995,-14646.450190913532,-20365.848984186323,293.0,-1,-1,-1.0
15996,15996,7071.092721447843,-10450.51532834786,295.0,-1,31,-1.0
15997,15997,-3649.0469582892256,9930.778502676236,496.0,-1,27,-1.0
15998,15998,15250.287666558826,31575.51517306718,323.0,-1,-1,-1.0
15999,15999,31772.584324752563,-18418.735254112333,96.0,-1,-1,-1.0
16000,16000,-1745.6588484604215,3814.205169216526,248.0,-1,-1,-1.0
16001,16001,10757.07565697591,-26658.09898280061,186.0,-1,-1,-1.0
16002,16002,-3936.0050269703424,-23892.45079755973,485.0,-1,25,-1.0
16003,16003,27621.470525451103,30556.538107408865,171.0,-1,-1,-1.0
16004,16004,-30319.72522255829,-16.454655390967673,411.0,-1,-1,-1.0
16005,16005,-30586.753082820807,5832.69902924091,22.0,-1,-1,-1.0
16006,16006,-29680.3356237864,-33540.74573023522,497.0,-1,-1,-1.0
16007,16007,-25259.25574126012,-30330.40259394737,138.0,-1,-1,-1.0
16008,16008,-15341.90820949228,-14016.290254435571,423.0,-1,-1,-1.0
16009,16009,-3329.9732480457824,11346.06038447917,85.0,-1,-1,-1.0
16010,16010,-4919.938610215446,23853.79677847401,445.0,-1,-1,-1.0
16011,16011,-28522.75399880215,20397.948733014277,450.0,-1,-1,-1.0
16012,16012,-4959.117492974998,-31033.351739188343,66.0,-1,-1,-1.0
16013,16013,16736.240919506723,-7183.782241089146,198.0,-1,-1,-1.0
16014,16014,-35626.514880602714,9043.314673934185,109.0,-1,24,-1.0
16015,16015,-29259.39268166185,34752.1580586327,357.0,-1,6,-1.0
16016,16016,2142.7258119138714,-16864.284702138175,269.0,-1,31,-1.0
16017,16017,26729.048545725014,17510.223537545397,200.0,-1,-1,-1.0
16018,16018,-17205.90908987088,-31048.897089721577,235.0,-1,36,-1.0
16019,16019,-11966.768453535704,37027.2042335029,324.0,-1,48,-1.0
16020,16020,-1234.73063591119,5756.403356300107,389.0,-1,27,-1.0
16021,16021,3104.3666742741625,-3119.4241392503754,176.0,-1,-1,-1.0
16022,16022,-31594.71759031512,-33627.32991259937,78.0,-1,34,-1.0
16023,16023,7161.874714126527,2467.6269435789145,3.0,-1,14,-1.0
16024,16024,29045.26403526051,25417.11754752235,205.0,-1,-1,-1.0
16025,16025,-35623.23497067003,15497.29610036029,0.0,-1,24,-1.0
16026,16026,38515.84556218817,17846.971782926354,139.0,-1,-1,-1.0
16027,16027,5827.033175533128,-6326.649405181008,120.0,-1,-1,-1.0
16028,16028,-9323.474504077858,23510.13431282933,315.0,-1,-1,-1.0
16029,16029,-23721.87894827138,17854.94512159741,323.0,-1,-1,-1.0
16030,16030,30255.90727196273,13846.433631340347,496.0,-1,-1,-1.0
16031,16031,-14462.22725553831,28396.808087679936,106.0,-1,48,-1.0
16032,16032,4603.143728365707,684.9865628299231,92.0,-1,-1,-1.0
16033,16033,-14401.243683189485,7121.595403933083,20.0,-1,-1,-1.0
16034,16034,39152.4252085754,17761.384718881716,347.0,-1,-1,-1.0
16035,16035,3494.4033958267173,-29360.556560176665,125.0,-1,-1,-1.0
16036,16036,-4307.764092598474,27571.22149296876,75.0,-1,48,56.0
16037,16037,-16576.902417775647,-16897.275241673055,107.0,-1,31,-1.0
16038,16038,15254.707633331103,13394.047677017938,67.0,-1,-1,-1.0
16039,16039,28851.88497800463,37290.03385188485,27.0,-1,-1,-1.0
16040,16040,-21792.22208828916,-12508.576148490694,0.0,-1,-1,-1.0
16041,16041,6060.737558989065,14236.204392161468,163.0,-1,8,-1.0
16042,16042,7232.810554488729,-14778.328564706146,402.0,-1,31,-1.0
16043,16043,-37007.49569226085,4281.095670153882,224.0,-1,-1,-1.0
16044,16044,-37053.215264998726,-28249.20451000808,0.0,-1,20,23.0
16045,16045,9472.348700438342,38254.57324087237,65.0,-1,-1,-1.0
16046,16046,-26278.59804311188,-18581.553581294087,120.0,-1,-1,-1.0
16047,16047,26641.09312257734,-24255.774212431912,284.0,-1,45,-1.0
16048,16048,37886.69289469569,18517.77437147365,26.0,-1,28,-1.0
16049,16049,22542.164378548485,-30583.51545183984,149.0,-1,-1,-1.0
16050,16050,31276.962440737087,-2932.86037611786,259.0,-1,-1,-1.0
16051,16051,-9248.198197603044,-3205.852443302698,128.0,-1,-1,-1.0
16052,16052,-13677.385113151824,-34097.641690529475,76.0,-1,36,-1.0
16053,16053,29298.08985602035,34356.4140245614,366.0,-1,-1,-1.0
16054,16054,-25748.208298100537,18315.165944134656,180.0,-1,37,-1.0
16055,16055,-6708.314516211962,-23206.7112600409,156.0,-1,-1,-1.0
16056,16056,39675.97470311941,29674.862670701827,323.0,-1,-1,-1.0
16057,16057,12737.153198288572,20623.02674925305,64.0,-1,-1,-1.0
16058,16058,23346.157817670763,-28842.71217988494,205.0,-1,-1,-1.0
16059,16059,-26468.28062243433,37139.12146682556,223.0,-1,-1,-1.0
16060,16060,17302.303453958317,19918.317190109046,466.0,-1,-1,-1.0
16061,16061,-33906.683456737584,39385.800556158094,229.0,-1,5,-1.0
16062,16062,-13559.9109860257,39476.96113194681,34.0,-1,-1,-1.0
16063,16063,32889.02520624171,38105.06398084499,46.0,-1,-1,-1.0
16064,16064,-22011.559693860338,34605.84529176309,13.0,-1,-1,-1.0
16065,16065,-24108.374998659918,24607.525676581037,21.0,-1,-1,-1.0
16066,16066,10919.66832598392,-24935.3601934943,171.0,-1,-1,-1.0
16067,16067,3612.3006622047615,-2897.863074526853,174.0,-1,-1,-1.0
16068,16068,13795.473982848562,-12755.646653190692,347.0,-1,-1,-1.0
16069,16069,3133.086292974338,-24715.101240313525,217.0,-1,31,-1.0
16070,16070,-2311.968938472164,-1319.040657127909,442.0,-1,-1,-1.0
16071,16071,18049.687023657352,280.3701600954955,105.0,-1,-1,-1.0
16072,16072,-28467.51269800469,-32909.24764678992,48.0,-1,-1,-1.0
16073,16073,2187.088849838263,35842.64378229286,164.0,-1,48,-1.0
16074,16074,30111.304127951666,-17804.498284299123,459.0,-1,-1,-1.0
16075,16075,6618.523568538047,39988.7553805871,298.0,-1,-1,-1.0
16076,16076,-23114.49432487094,-15921.287555037215,167.0,-1,-1,-1.0
16077,16077,87.76320741540985,17424.60434639862,47.0,-1,-1,-1.0
16078,16078,-1796.8215618195827,11328.532869741066,4.0,-1,-1,-1.0
16079,16079,36692.0122380324,2648.7674269452764,305.0,-1,28,-1.0
16080,16080,39664.80505544758,16088.715285029924,53.0,-1,-1,-1.0
16081,16081,16011.769060254905,-9081.334924876784,215.0,-1,-1,-1.0
16082,16082,20809.98761427964,-27047.65157585599,455.0,-1,-1,-1.0
16083,16083,-4186.008035542123,-39000.884934225614,420.0,-1,-1,-1.0
16084,16084,38020.85874346983,18007.517118084397,291.0,-1,28,-1.0
16085,16085,18388.02891309486,-2582.846500787025,142.0,-1,-1,-1.0
16086,16086,5259.789765678441,3547.424795767525,234.0,-1,14,-1.0
16087,16087,17886.2590421778,-4682.856416684801,429.0,-1,-1,-1.0
16088,16088,21052.33178229822,-24579.345729716493,59.0,-1,-1,-1.0
16089,16089,-20949.67322439349,38846.533461888816,328.0,-1,-1,-1.0
16090,16090,-33500.87312050221,-29464.74919584577,453.0,-1,34,-1.0
16091,16091,-23474.36671000416,-23022.21720136517,357.0,-1,-1,-1.0
16092,16092,34327.51852255868,-37620.557760618605,245.0,-1,-1,-1.0
16093,16093,-24876.64024951613,-32264.383955186782,186.0,-1,-1,-1.0
16094,16094,25425.65063716904,32305.846969317136,297.0,-1,-1,-1.0
16095,16095,14751.556708336691,-28834.666537863748,441.0,-1,3,-1.0
16096,16096,-17780.203578195462,20860.928797242348,333.0,-1,-1,-1.0
16097,16097,-10443.087042548872,23742.784482229043,262.0,-1,-1,-1.0
16098,16098,14442.39961846616,-23056.665887643278,4.0,-1,-1,-1.0
16099,16099,12342.323667845892,-29413.66161689817,368.0,-1,-1,-1.0
16100,16100,20816.254297030144,-34531.7405420104,18.0,-1,-1,-1.0
16101,16101,-17424.35026955346,-5870.583097874791,167.0,-1,43,-1.0
16102,16102,7390.22018130785,-17185.57425678827,81.0,-1,-1,-1.0
16103,16103,26683.441554315403,-16599.90843007269,332.0,-1,45,-1.0
16104,16104,-2720.912790106915,36370.23852109515,407.0,-1,48,-1.0
16105,16105,-4183.877079684913,14387.793249484675,306.0,-1,-1,-1.0
16106,16106,-25360.194897299916,11626.36737454927,113.0,-1,-1,-1.0
16107,16107,-9924.92962147855,-38974.4027940053,250.0,-1,-1,-1.0
16108,16108,-34220.97160888868,-3302.472244724937,499.0,-1,-1,-1.0
16109,16109,10368.386821010508,-18599.73165019676,304.0,-1,-1,-1.0
16110,16110,-39820.54510504432,37382.8055301228,320.0,-1,-1,-1.0
16111,16111,-33508.984252064416,22114.074575045062,415.0,-1,-1,-1.0
16112,16112,17616.71900403405,-7778.313971085725,394.0,-1,-1,-1.0
16113,16113,-14995.89416079206,-14636.369742841362,60.0,-1,-1,-1.0
16114,16114,23144.30736868348,24202.94082017974,209.0,-1,-1,-1.0
16115,16115,25158.041881296915,35751.61754265128,218.0,-1,-1,-1.0
16116,16116,5716.657510581077,13825.560373213875,115.0,-1,-1,-1.0
16117,16117,-25667.979079842247,27140.210314697222,485.0,-1,-1,-1.0
16118,16118,-23341.14523233464,19539.887818865653,62.0,-1,37,-1.0
16119,16119,11657.194341641669,-26892.657034645235,82.0,-1,3,-1.0
16120,16120,-1099.476152538482,-31604.04325739209,454.0,-1,-1,-1.0
16121,16121,-22041.87403896957,-27370.874416356983,37.0,-1,-1,-1.0
16122,16122,-15280.224076278966,-31174.992395411093,186.0,-1,36,-1.0
16123,16123,-25117.654726544424,-22725.75691542256,96.0,-1,-1,-1.0
16124,16124,-31889.742372678524,23177.656522654324,207.0,-1,-1,-1.0
16125,16125,-24839.56958204195,-38337.74478073439,320.0,-1,-1,-1.0
16126,16126,15997.054758837176,5515.219942427946,48.0,-1,2,-1.0
16127,16127,17896.81936042045,27683.04804342108,353.0,-1,9,-1.0
16128,16128,32371.443681509947,12243.451463214122,180.0,-1,28,-1.0
16129,16129,2644.1744582932297,20663.589489274334,254.0,-1,46,54.0
16130,16130,28336.751912376378,22897.27089242644,353.0,-1,-1,-1.0
16131,16131,-38609.70597617656,-23863.36433072942,439.0,-1,-1,-1.0
16132,16132,-7244.524417307464,14047.928158542556,125.0,-1,-1,-1.0
16133,16133,16030.630516073776,39771.65080719486,273.0,-1,-1,-1.0
16134,16134,34647.125171962645,3719.899337286093,166.0,-1,28,-1.0
16135,16135,39593.3664166048,2792.416004785984,391.0,-1,-1,-1.0
16136,16136,-26006.86547700083,-17397.3595824938,281.0,-1,-1,-1.0
16137,16137,-26155.578833578544,10949.002395862502,378.0,-1,-1,-1.0
16138,16138,-9596.16511719296,-37177.3666568434,439.0,-1,-1,-1.0
16139,16139,-37490.26302645603,-21133.980147647824,239.0,-1,0,-1.0
16140,16140,-35497.40546034962,-111.56146118940524,262.0,-1,29,-1.0
16141,16141,9633.81950006076,6747.827461639361,53.0,-1,2,-1.0
16142,16142,15762.100766757969,3875.621047854096,401.0,-1,2,-1.0
16143,16143,7786.623417893476,22301.827334090187,221.0,-1,-1,-1.0
16144,16144,-9873.056603858697,13032.812552758034,430.0,-1,-1,-1.0
16145,16145,-8169.419159448105,-32993.57180361688,443.0,-1,-1,-1.0
16146,16146,3660.060406155601,24725.780930356246,13.0,-1,-1,-1.0
16147,16147,-33868.49485375045,-35806.13158560734,311.0,-1,19,-1.0
16148,16148,-14073.706214835936,7627.052226426007,402.0,-1,-1,-1.0
16149,16149,-19413.28781368273,-38668.22740989407,382.0,-1,-1,-1.0
16150,16150,-7347.055331351992,-9927.468917674149,446.0,-1,31,-1.0
16151,16151,817.5997818494798,21366.554043751697,30.0,-1,46,-1.0
16152,16152,6945.101647472235,-10817.632969419195,141.0,-1,31,-1.0
16153,16153,21593.848940529308,-26599.59243682912,243.0,-1,-1,-1.0
16154,16154,-19832.8473715329,19584.728136006604,81.0,-1,-1,-1.0
16155,16155,22020.34357864142,-412.22243409667135,171.0,-1,-1,-1.0
16156,16156,-29443.49518566711,-24759.758423608186,173.0,-1,-1,-1.0
16157,16157,23559.51866819608,32451.79993297764,56.0,-1,-1,-1.0
16158,16158,16426.93607989227,12450.217385967771,246.0,-1,-1,-1.0
16159,16159,38832.8396531451,-23634.67972699141,95.0,-1,-1,-1.0
16160,16160,1897.8804304833684,-6364.572491259984,65.0,-1,-1,-1.0
16161,16161,-2159.7631126695924,13971.946528029912,496.0,-1,-1,-1.0
16162,16162,13406.968670996052,-11823.00587304086,484.0,-1,-1,-1.0
16163,16163,-9840.814781185098,4516.872434748344,272.0,-1,-1,-1.0
16164,16164,30870.92912977519,38269.11639032376,4.0,-1,11,-1.0
16165,16165,-38107.3500070798,-17853.508557063647,364.0,-1,0,-1.0
16166,16166,37037.19201025917,-34839.67194350915,87.0,-1,-1,-1.0
16167,16167,-10049.28794958462,-34453.62194374057,356.0,-1,35,-1.0
16168,16168,-37508.22133889156,-7492.127906339359,72.0,-1,32,38.0
16169,16169,2083.539157149469,22130.660480292023,42.0,-1,-1,-1.0
16170,16170,44.86731936122669,-11500.772028805311,162.0,-1,31,-1.0
16171,16171,-21815.84351105985,26244.77790971585,6.0,-1,48,-1.0
16172,16172,29709.711625663436,18864.460751507293,238.0,-1,-1,-1.0
16173,16173,2794.040105964559,-32266.43495787437,338.0,-1,1,-1.0
16174,16174,-28065.53188924161,-3068.1631884031085,72.0,-1,41,-1.0
16175,16175,-34333.666596426025,-22873.40721067734,396.0,-1,39,-1.0
16176,16176,24824.29299252021,-23935.884344659,77.0,-1,-1,-1.0
16177,16177,22814.33818127389,-4932.240188678697,11.0,-1,-1,-1.0
16178,16178,24893.50449421061,34061.114966318535,379.0,-1,-1,-1.0
16179,16179,-23017.836586921367,-10175.4909862217,492.0,-1,-1,-1.0
16180,16180,-37728.7436716251,17390.721563979394,138.0,-1,-1,-1.0
16181,16181,-21983.412996606945,-34298.340330832434,457.0,-1,-1,-1.0
16182,16182,-36226.46312265156,36043.90117769585,66.0,-1,5,6.0
16183,16183,-18939.882258793485,-14607.26003956534,420.0,-1,42,-1.0
16184,16184,-4769.255829600086,-22836.607221099785,460.0,-1,-1,-1.0
16185,16185,-969.84410987499,-2724.8602836960126,461.0,-1,-1,-1.0
16186,16186,19200.54435375431,25858.41503581524,287.0,-1,-1,-1.0
16187,16187,-15743.955923986716,25822.42029631062,495.0,-1,-1,-1.0
16188,16188,-19867.75376862755,30985.73346038753,6.0,-1,-1,-1.0
16189,16189,18243.50864730726,-15149.69553142177,358.0,-1,-1,-1.0
16190,16190,98.87286572768062,-25412.82899851847,484.0,-1,25,-1.0
16191,16191,-21296.61448416994,-24268.88116727196,486.0,-1,36,-1.0
16192,16192,25743.052989755,31375.45559042308,8.0,-1,-1,-1.0
16193,16193,36982.77170436124,29202.44431823415,30.0,-1,10,-1.0
16194,16194,-25326.8104104749,-14800.49884673745,298.0,-1,-1,-1.0
16195,16195,29105.954171840232,39216.61229864387,390.0,-1,-1,-1.0
16196,16196,15123.015168290716,36207.30306727864,461.0,-1,-1,-1.0
16197,16197,31878.21962552081,17091.37099256341,269.0,-1,-1,-1.0
16198,16198,-30933.43713655933,1521.7698778437043,165.0,-1,29,-1.0
16199,16199,-24603.7838983244,30868.76040220137,275.0,-1,-1,-1.0
16200,16200,-23388.721055833543,32154.33519958731,323.0,-1,-1,-1.0
16201,16201,5122.435172402998,-9861.0614743132,0.0,-1,31,-1.0
16202,16202,38552.42950116645,-17228.772713916056,191.0,-1,-1,-1.0
16203,16203,-18421.18232210482,32687.21193373215,217.0,-1,-1,-1.0
16204,16204,35128.48616948679,-31105.63683986778,431.0,-1,-1,-1.0
16205,16205,-36630.59214359647,18671.06994011478,243.0,-1,-1,-1.0
16206,16206,-7214.739653841461,30208.01068327393,277.0,-1,-1,-1.0
16207,16207,-7703.206919529046,30825.55018240327,87.0,-1,-1,-1.0
16208,16208,17582.843591359844,-28112.85214279236,23.0,-1,3,-1.0
16209,16209,-28638.86431102561,36002.01924777635,46.0,-1,-1,-1.0
16210,16210,-7564.321938111967,3906.763878201477,444.0,-1,-1,-1.0
16211,16211,12661.966929049464,-37138.88163162328,195.0,-1,4,-1.0
16212,16212,23433.249269466003,3725.8100845826266,241.0,-1,-1,-1.0
16213,16213,-3088.155556014324,-5792.369847531489,401.0,-1,-1,-1.0
16214,16214,-38267.58159896661,-16602.564437576762,395.0,-1,0,-1.0
16215,16215,-26031.164385598044,37559.07502140438,191.0,-1,-1,-1.0
16216,16216,37033.25014263061,-16874.39427601226,342.0,-1,-1,-1.0
16217,16217,6599.93836113056,-35502.010753578135,191.0,-1,1,-1.0
16218,16218,6129.921124112414,7582.61742562276,186.0,-1,-1,-1.0
16219,16219,23026.614000260237,9709.673809950727,222.0,-1,-1,-1.0
16220,16220,-8066.909366453201,-7765.461404317815,306.0,-1,31,-1.0
16221,16221,1120.6005502898115,-29606.71193796836,273.0,-1,-1,-1.0
16222,16222,-5263.690997714781,-12016.275972069305,32.0,-1,31,-1.0
16223,16223,435.140515549152,-2808.5304889093823,186.0,-1,-1,-1.0
16224,16224,-7657.8307311694625,-18708.3976877758,245.0,-1,-1,-1.0
16225,16225,23330.25828459746,-37123.07788236766,444.0,-1,-1,-1.0
16226,16226,30190.636650598884,15772.548719724417,122.0,-1,-1,-1.0
16227,16227,3431.1728390792487,-1948.9985772139555,190.0,-1,-1,-1.0
16228,16228,-1462.5977452921652,-27750.439084240898,304.0,-1,-1,-1.0
16229,16229,-7277.230688950141,-35680.61503700517,433.0,-1,-1,-1.0
16230,16230,23966.1091579035,5446.254469580032,333.0,-1,-1,-1.0
16231,16231,11305.898713669318,20732.46174416056,349.0,-1,-1,-1.0
16232,16232,7271.256705795262,1709.8213866753504,240.0,-1,-1,-1.0
16233,16233,-356.28634145652177,-4624.915657013473,143.0,-1,-1,-1.0
16234,16234,38191.26678139734,8661.014423041233,415.0,-1,-1,-1.0
16235,16235,618.5581581211227,32534.50497479801,112.0,-1,-1,-1.0
16236,16236,-3670.721063712961,-17125.94394387641,294.0,-1,-1,-1.0
16237,16237,11281.514336188608,22800.83330104522,217.0,-1,-1,-1.0
16238,16238,-29131.344677408342,13632.76023460352,166.0,-1,-1,-1.0
16239,16239,-39921.13684066822,6903.382655508423,103.0,-1,-1,-1.0
16240,16240,-26806.208302739135,2879.0316839396182,59.0,-1,-1,-1.0
16241,16241,-39097.31737138741,-39291.92365175188,18.0,-1,-1,-1.0
16242,16242,-34568.3425296699,28350.21709042258,441.0,-1,-1,-1.0
16243,16243,-23202.24677491337,7821.963274396658,292.0,-1,-1,-1.0
16244,16244,-29740.774977882047,22468.23033388961,216.0,-1,-1,-1.0
16245,16245,-38142.8027954597,8469.004309423006,75.0,-1,-1,-1.0
16246,16246,24064.12693168594,17376.832135436947,435.0,-1,-1,-1.0
16247,16247,-28051.388074319173,34541.16446534029,100.0,-1,-1,-1.0
16248,16248,36831.73710967679,-20719.96027784624,461.0,-1,-1,-1.0
16249,16249,-12619.301658156772,33774.097166709995,99.0,-1,48,-1.0
16250,16250,-5389.6987359219565,-8460.232885528658,475.0,-1,31,-1.0
16251,16251,29352.500346498025,-10332.610060171864,134.0,-1,-1,-1.0
16252,16252,-28406.349793356203,36383.79574171333,452.0,-1,-1,-1.0
16253,16253,-4854.555748089078,-32781.535133720754,23.0,-1,-1,-1.0
16254,16254,21629.13361808098,10136.74296493223,29.0,-1,16,-1.0
16255,16255,3522.4811086115224,5529.536559648077,80.0,-1,-1,-1.0
16256,16256,-25979.27793680803,-38939.70862432711,275.0,-1,-1,-1.0
16257,16257,-12790.819255220107,-8847.805624554796,481.0,-1,-1,-1.0
16258,16258,31876.48221526864,10663.64870718182,485.0,-1,-1,-1.0
16259,16259,-36517.63512016863,5718.4988619585565,469.0,-1,-1,-1.0
16260,16260,4817.737205203979,-3310.875464959754,306.0,-1,-1,-1.0
16261,16261,30853.530756445136,4935.202103362943,442.0,-1,-1,-1.0
16262,16262,-1457.159136047485,-15236.460936487478,202.0,-1,31,-1.0
16263,16263,3552.3693540083405,28610.55851931387,9.0,-1,48,-1.0
16264,16264,-14749.226292138468,-31367.09550635949,57.0,-1,-1,-1.0
16265,16265,38982.85875730263,-4459.317198299832,78.0,-1,-1,-1.0
16266,16266,6029.186484849641,14535.2562229142,62.0,-1,8,-1.0
16267,16267,17850.347712346527,16674.298063391354,400.0,-1,-1,-1.0
16268,16268,7237.439584957698,-14565.160453084376,352.0,-1,31,-1.0
16269,16269,17665.392179611503,27863.397434029743,318.0,-1,9,-1.0
16270,16270,4049.804871600769,-14655.35175214552,290.0,-1,31,-1.0
16271,16271,23832.15602158587,-14175.849206292394,273.0,-1,45,-1.0
16272,16272,17042.51437109815,23195.906955413804,486.0,-1,-1,-1.0
16273,16273,36905.03189417905,-1679.2545649419408,416.0,-1,-1,-1.0
16274,16274,5100.34825098014,34200.15507533033,57.0,-1,-1,-1.0
16275,16275,-39506.67250855236,4694.843340086103,79.0,-1,-1,-1.0
16276,16276,-430.6367940745695,9562.649998414578,16.0,-1,27,-1.0
16277,16277,-30637.22495533228,-11930.80593875785,41.0,-1,-1,-1.0
16278,16278,-20088.51865719845,-8385.83174568088,302.0,-1,-1,-1.0
16279,16279,33667.756710977934,-20104.06436638521,331.0,-1,-1,-1.0
16280,16280,22984.71875333791,-28819.622739179493,453.0,-1,-1,-1.0
16281,16281,36843.1039758182,-14240.890265036574,333.0,-1,-1,-1.0
16282,16282,-33653.62830322399,-36838.59475429948,258.0,-1,-1,-1.0
16283,16283,2257.5961377182466,2604.0160586603743,329.0,-1,-1,-1.0
16284,16284,32983.712573771365,-26566.60484236115,42.0,-1,-1,-1.0
16285,16285,-34195.8757811048,8260.934201890297,440.0,-1,-1,-1.0
16286,16286,-19321.1289691362,29732.25938456804,200.0,-1,48,-1.0
16287,16287,-31205.122625356933,-3240.031053367202,205.0,-1,41,-1.0
16288,16288,-15176.43714194313,13044.94527794925,325.0,-1,-1,-1.0
16289,16289,-6659.555206023819,38548.14749034244,144.0,-1,-1,-1.0
16290,16290,8849.73435375488,-4061.890311220762,84.0,-1,-1,-1.0
16291,16291,33470.27361108603,25928.05489766956,130.0,-1,-1,-1.0
16292,16292,10034.458202568574,-19811.648893352565,488.0,-1,-1,-1.0
16293,16293,30629.21042289045,12477.847184649218,381.0,-1,-1,-1.0
16294,16294,-38721.71963713017,10063.443302261134,376.0,-1,-1,-1.0
16295,16295,-37250.16299623325,26666.683914029083,163.0,-1,-1,-1.0
16296,16296,-30330.03441338768,-9968.745127233216,26.0,-1,-1,-1.0
16297,16297,17120.621010578667,7272.6907783477,482.0,-1,2,-1.0
16298,16298,-31561.1111428032,16042.411879418796,150.0,-1,-1,-1.0
16299,16299,24387.715722027184,19739.310969985927,467.0,-1,-1,-1.0
16300,16300,19961.2030153236,-5580.199096400058,210.0,-1,-1,-1.0
16301,16301,-7739.283257044321,-22092.183623491663,278.0,-1,-1,-1.0
16302,16302,-4280.403733536565,-28978.975834708785,131.0,-1,25,-1.0
16303,16303,3296.414319362455,19441.706092362125,332.0,-1,-1,-1.0
16304,16304,-10247.845565016789,-5552.329901818259,48.0,-1,31,-1.0
16305,16305,-6165.498311286014,-8172.924057904998,495.0,-1,31,-1.0
16306,16306,-16004.500974661963,28147.0062195292,338.0,-1,48,-1.0
16307,16307,5696.622963369977,6318.736632224878,426.0,-1,-1,-1.0
16308,16308,-17750.834197767497,12635.091463747724,365.0,-1,-1,-1.0
16309,16309,-15604.386140202849,-25375.63337077439,153.0,-1,-1,-1.0
16310,16310,-31836.473666558955,25410.51477361913,198.0,-1,-1,-1.0
16311,16311,-35050.462273008474,32542.2300161848,34.0,-1,-1,-1.0
16312,16312,-12603.110426410993,-13171.925983350706,332.0,-1,-1,-1.0
16313,16313,33544.44415926542,-1325.0528026028187,101.0,-1,33,-1.0
16314,16314,5313.392373796778,3256.1531397546423,11.0,-1,14,-1.0
16315,16315,27870.071351587365,27658.408286875405,255.0,-1,-1,-1.0
16316,16316,-30315.769636484794,33516.28765940487,264.0,-1,6,-1.0
16317,16317,38086.39926278098,7768.2664438102365,363.0,-1,-1,-1.0
16318,16318,35646.25969934634,2856.138022069681,177.0,-1,28,-1.0
16319,16319,36987.96636871518,-11949.780938289488,38.0,-1,-1,-1.0
16320,16320,-28710.970787057013,-17488.87037126053,228.0,-1,-1,-1.0
16321,16321,-4786.994944963379,28394.29349659856,9.0,-1,-1,-1.0
16322,16322,28769.245303440926,-29922.70863898434,483.0,-1,-1,-1.0
16323,16323,16127.646543742165,-32200.407212691272,465.0,-1,-1,-1.0
16324,16324,36741.717175581405,-38099.71617172801,82.0,-1,-1,-1.0
16325,16325,14120.109277149444,-33674.85612600236,53.0,-1,-1,-1.0
16326,16326,12766.530665362836,-28384.922029761048,327.0,-1,3,-1.0
16327,16327,-13194.02650217155,-27406.847057784445,114.0,-1,-1,-1.0
16328,16328,-16636.426436914087,36042.47169788079,257.0,-1,-1,-1.0
16329,16329,39669.85416779331,17443.61183819529,144.0,-1,-1,-1.0
16330,16330,15991.55916509439,17770.368663853347,135.0,-1,-1,-1.0
16331,16331,9270.247997826176,21887.905594612952,146.0,-1,48,-1.0
16332,16332,-24677.29301610108,17179.123151711385,4.0,-1,-1,-1.0
16333,16333,19632.06662001482,-20450.8344941978,416.0,-1,-1,-1.0
16334,16334,-33078.39191992969,-23774.752014653088,181.0,-1,39,-1.0
16335,16335,35333.48424289137,23328.042976707933,450.0,-1,-1,-1.0
16336,16336,-4938.899329594184,18804.35353290708,168.0,-1,-1,-1.0
16337,16337,-32378.943622677216,1272.1870966156494,185.0,-1,-1,-1.0
16338,16338,12788.041808477456,-8638.553280114029,199.0,-1,-1,-1.0
16339,16339,-35944.06292697947,-23049.480952832324,254.0,-1,-1,-1.0
16340,16340,34358.06417079693,-39193.926671989815,342.0,-1,-1,-1.0
16341,16341,24316.10668659553,10580.041614297856,188.0,-1,-1,-1.0
16342,16342,9068.290547842698,34218.106016032325,210.0,-1,-1,-1.0
16343,16343,-38509.54619187648,30543.20053455871,391.0,-1,-1,-1.0
16344,16344,31044.543151298534,-24691.025019561377,425.0,-1,45,-1.0
16345,16345,-5627.821221267128,-6933.746327226028,473.0,-1,31,-1.0
16346,16346,27070.25609150164,36873.76381532726,417.0,-1,-1,-1.0
16347,16347,33209.34543226227,-24845.274879662167,344.0,-1,45,-1.0
16348,16348,39772.368438623394,-23648.964272191675,298.0,-1,-1,-1.0
16349,16349,33624.58586533398,9185.152278242502,149.0,-1,-1,-1.0
16350,16350,-1444.891658440094,-17149.22899617896,10.0,-1,31,-1.0
16351,16351,-15064.580045856335,-11641.074509265258,490.0,-1,-1,-1.0
16352,16352,30047.07630807483,20461.982326307603,362.0,-1,-1,-1.0
16353,16353,31751.045641919365,25187.305732215907,340.0,-1,-1,-1.0
16354,16354,3647.707493143928,15107.277789449952,430.0,-1,8,-1.0
16355,16355,-584.3590085619435,-14343.10228804792,487.0,-1,31,-1.0
16356,16356,19474.687323806134,-36347.44849786711,316.0,-1,-1,-1.0
16357,16357,-14987.02127651839,-9292.546451598011,370.0,-1,-1,-1.0
16358,16358,-11424.455190853823,22309.662014481743,491.0,-1,-1,-1.0
16359,16359,29695.0084289752,10714.79624499436,102.0,-1,-1,-1.0
16360,16360,-17575.761153148593,-4169.322227925615,168.0,-1,43,-1.0
16361,16361,-14357.356365051755,27395.53376565484,65.0,-1,48,-1.0
16362,16362,-15573.231247286134,22326.53211254816,424.0,-1,-1,-1.0
16363,16363,-27796.121058445664,24478.658989954827,411.0,-1,48,-1.0
16364,16364,-3271.726831767773,24620.822795971108,182.0,-1,-1,-1.0
16365,16365,-2710.9451893738587,-11462.774158932463,63.0,-1,31,-1.0
16366,16366,-27800.44770103303,-35024.39969012038,111.0,-1,-1,-1.0
16367,16367,-31842.980200957776,-21392.8531535554,296.0,-1,39,-1.0
16368,16368,711.3896346958354,30078.728184596795,332.0,-1,48,-1.0
16369,16369,564.6651365048456,-34768.33533270421,148.0,-1,-1,-1.0
16370,16370,8401.621520879606,667.0472547318714,30.0,-1,-1,-1.0
16371,16371,-22524.182422633192,-26757.646822752133,293.0,-1,-1,-1.0
16372,16372,-20239.120650170946,15781.529933018632,210.0,-1,-1,-1.0
16373,16373,-33359.4710228874,-22238.083935988947,362.0,-1,39,-1.0
16374,16374,-36326.74748166756,26521.775096877725,157.0,-1,-1,-1.0
16375,16375,-263.7644431256631,-25137.06804452415,264.0,-1,25,-1.0
16376,16376,4503.629573342863,11947.039006612162,98.0,-1,-1,-1.0
16377,16377,34812.87202928662,-11151.649294298337,477.0,-1,-1,-1.0
16378,16378,-12165.27957795428,-30835.36133326049,464.0,-1,-1,-1.0
16379,16379,7120.464043000975,-9170.299992355567,125.0,-1,-1,-1.0
16380,16380,-3617.26812755486,7971.759691933345,39.0,-1,-1,-1.0
16381,16381,-24488.70810966773,-35864.28979360049,161.0,-1,-1,-1.0
16382,16382,-11126.06133389636,180.6262405332236,211.0,-1,-1,-1.0
16383,16383,-35850.55115485422,-23589.20219717871,394.0,-1,-1,-1.0
16384,16384,-26085.77136390147,15344.210403397396,207.0,-1,-1,-1.0
16385,16385,36902.93778534868,-35681.69807806081,196.0,-1,21,-1.0
16386,16386,26673.677196539604,5856.829620890407,103.0,-1,15,-1.0
16387,16387,-13889.062323563125,37240.29194567839,231.0,-1,-1,-1.0
16388,16388,-28408.355016547444,27025.74002226857,363.0,-1,-1,-1.0
16389,16389,3956.603767115412,15566.99584712401,257.0,-1,8,-1.0
16390,16390,-32227.543743253485,-16025.437297772358,117.0,-1,-1,-1.0
16391,16391,2828.424069464061,29842.108403203936,470.0,-1,-1,-1.0
16392,16392,1995.42723160053,-18686.981614177228,139.0,-1,31,-1.0
16393,16393,-6374.355322934593,-17424.16688448939,157.0,-1,-1,-1.0
16394,16394,-26573.43297164004,-8379.576578805398,244.0,-1,-1,-1.0
16395,16395,-22827.93841654767,-17977.65658710986,357.0,-1,-1,-1.0
16396,16396,35885.07179222186,-337.86297643819125,157.0,-1,-1,-1.0
16397,16397,-19292.10047264485,-34754.47235148503,70.0,-1,-1,-1.0
16398,16398,-14988.85698249645,-2789.8344521213658,177.0,-1,-1,-1.0
16399,16399,-30496.87751020884,24174.265516492065,110.0,-1,-1,-1.0
16400,16400,15269.53179582837,8859.89286798692,180.0,-1,2,-1.0
16401,16401,33964.54274757436,-33262.38814810202,262.0,-1,21,-1.0
16402,16402,39548.95416135658,-28984.051594485853,115.0,-1,-1,-1.0
16403,16403,33957.446270873246,-36996.3610900781,375.0,-1,-1,-1.0
16404,16404,13775.24385273608,20346.464819275905,173.0,-1,-1,-1.0
16405,16405,-20042.332723295207,-38966.96899437987,268.0,-1,-1,-1.0
16406,16406,18193.83542639421,-12511.34523382155,212.0,-1,44,-1.0
16407,16407,-12668.769434851229,-35342.58550412068,183.0,-1,36,-1.0
16408,16408,-9894.788064904638,759.7554805792679,370.0,-1,-1,-1.0
16409,16409,5617.216772957137,33784.47742188716,428.0,-1,47,-1.0
16410,16410,24975.923776520234,22951.34383173521,307.0,-1,-1,-1.0
16411,16411,38797.76146373173,-28972.81615987217,192.0,-1,-1,-1.0
16412,16412,-2393.8144217725567,32546.002801071794,205.0,-1,48,-1.0
16413,16413,-4787.773907937888,14555.50609830508,483.0,-1,-1,-1.0
16414,16414,7688.423789964363,11683.39680563184,454.0,-1,8,-1.0
16415,16415,-363.2612362364016,29572.899777228347,380.0,-1,48,57.0
16416,16416,-32034.181031446067,-19388.779360024437,58.0,-1,-1,-1.0
16417,16417,11748.980713886398,29501.0707982754,256.0,-1,-1,-1.0
16418,16418,11925.75876084662,-36550.5665212554,455.0,-1,-1,-1.0
16419,16419,-12873.952518992366,-7264.425426669473,282.0,-1,-1,-1.0
16420,16420,-10028.1994845364,-17833.742670165746,89.0,-1,-1,-1.0
16421,16421,-10895.62373656145,-25538.7660451387,51.0,-1,17,-1.0
16422,16422,14223.945139329626,21011.18295130955,398.0,-1,-1,-1.0
16423,16423,16685.978360800313,4157.199583455775,433.0,-1,2,-1.0
16424,16424,-5925.9847892781545,-11091.691528749878,488.0,-1,31,35.0
16425,16425,-6449.118317178611,-10265.517290666838,44.0,-1,-1,-1.0
16426,16426,-24310.15838834062,-28482.124636512945,387.0,-1,38,-1.0
16427,16427,27487.15570014363,-14772.24062466018,4.0,-1,45,-1.0
16428,16428,27628.736075193126,39648.34398331898,287.0,-1,-1,-1.0
16429,16429,-27354.50340909545,-27595.742874619384,70.0,-1,-1,-1.0
16430,16430,-18816.73307031486,-33187.27863576349,282.0,-1,-1,-1.0
16431,16431,-23487.66583215325,-25673.07289075,452.0,-1,-1,-1.0
16432,16432,-28038.66618248792,-327.75192249714746,157.0,-1,41,-1.0
16433,16433,5035.180593900252,-11716.234238666995,467.0,-1,31,-1.0
16434,16434,17987.90937668823,-28581.441200678244,227.0,-1,3,-1.0
16435,16435,23875.90145984338,-3257.7851207689964,196.0,-1,-1,-1.0
16436,16436,610.7225347864369,37285.66627064314,411.0,-1,48,-1.0
16437,16437,26693.00711127027,4450.732258399235,432.0,-1,-1,-1.0
16438,16438,-29699.784826250598,5232.726226450293,201.0,-1,-1,-1.0
16439,16439,39076.09665125917,15811.469512582176,227.0,-1,-1,-1.0
16440,16440,2129.8006092106807,17259.94404513968,386.0,-1,-1,-1.0
16441,16441,15597.405689826475,27636.935361279044,305.0,-1,9,-1.0
16442,16442,39009.72579038375,8833.752869084878,263.0,-1,-1,-1.0
16443,16443,-7962.068399625376,31798.15163578677,47.0,-1,-1,-1.0
16444,16444,3839.482047504629,-16829.79432153714,165.0,-1,31,-1.0
16445,16445,-17628.687523481094,4379.501819311365,120.0,-1,-1,-1.0
16446,16446,-39184.96521100959,18823.427028524333,103.0,-1,-1,-1.0
16447,16447,20338.210538861167,-34551.77779700351,488.0,-1,-1,-1.0
16448,16448,24869.262690431693,5216.121575967067,225.0,-1,-1,-1.0
16449,16449,17178.224788924766,3772.555595887701,462.0,-1,-1,-1.0
16450,16450,-28416.90778232655,-37815.95218888134,142.0,-1,-1,-1.0
16451,16451,-37350.58254008252,-3166.7824977173805,449.0,-1,-1,-1.0
16452,16452,-15510.234305031478,-17688.132701050483,340.0,-1,31,-1.0
16453,16453,-17565.659831163113,-22135.28219565657,463.0,-1,-1,-1.0
16454,16454,17919.31948983093,-21559.56614948451,78.0,-1,-1,-1.0
16455,16455,-27298.847667523765,-12294.118272108106,19.0,-1,-1,-1.0
16456,16456,-14069.249396092102,35110.540659531136,226.0,-1,48,-1.0
16457,16457,-18621.858843856036,-13821.679983366994,423.0,-1,42,-1.0
16458,16458,-13954.576322944562,3642.938040429646,169.0,-1,26,-1.0
16459,16459,16386.397981604227,11652.326281145752,310.0,-1,-1,-1.0
16460,16460,-9881.23913987234,2234.161660362428,137.0,-1,-1,-1.0
16461,16461,26051.457772999027,23384.194209263507,295.0,-1,18,-1.0
16462,16462,37638.72177230849,699.8938329981393,389.0,-1,28,-1.0
16463,16463,-23446.32476135265,-37074.96767784248,10.0,-1,-1,-1.0
16464,16464,31642.53699470984,16953.89246350532,171.0,-1,-1,-1.0
16465,16465,6976.214689902037,5313.923258722796,356.0,-1,-1,-1.0
16466,16466,-30293.656174421616,15135.375921010287,33.0,-1,-1,-1.0
16467,16467,1075.9983556688094,-25970.49838614418,40.0,-1,25,-1.0
16468,16468,18997.836940378147,-11565.30024989232,68.0,-1,44,-1.0
16469,16469,13194.39198288275,-10554.600378169158,362.0,-1,-1,-1.0
16470,16470,1940.2695660468528,23747.63092881749,238.0,-1,-1,-1.0
16471,16471,-3475.6410729641284,20212.00591769365,66.0,-1,-1,-1.0
16472,16472,12578.372670137374,4583.856027698617,223.0,-1,2,-1.0
16473,16473,726.6309017823442,-9920.484460669715,382.0,-1,31,-1.0
16474,16474,29393.503198369115,21401.30420929289,337.0,-1,28,-1.0
16475,16475,18692.4171114821,-33887.91687218612,488.0,-1,-1,-1.0
16476,16476,17934.49693056095,-6390.186501147109,226.0,-1,-1,-1.0
16477,16477,27555.52535958553,-30553.48532422093,408.0,-1,-1,-1.0
16478,16478,-19942.953303433555,30741.789410293,52.0,-1,-1,-1.0
16479,16479,-9746.610429207729,21247.125258716544,439.0,-1,-1,-1.0
16480,16480,-3523.029950561322,7953.444368892167,18.0,-1,27,-1.0
16481,16481,-20786.878434781083,-17043.5831129602,305.0,-1,42,-1.0
16482,16482,20186.03677042285,-8279.719991531128,498.0,-1,44,-1.0
16483,16483,30461.38214826756,-15968.193982906938,21.0,-1,-1,-1.0
16484,16484,5440.603567608778,29770.8688394748,255.0,-1,48,-1.0
16485,16485,13464.888040267942,-18827.97749959796,153.0,-1,-1,-1.0
16486,16486,15731.387497881173,-22680.72702131689,105.0,-1,-1,-1.0
16487,16487,-12423.052930526632,-7027.444494389099,441.0,-1,-1,-1.0
16488,16488,-39142.56472022047,-28419.552237188956,333.0,-1,-1,-1.0
16489,16489,5222.6622219651545,-22551.300202609647,405.0,-1,31,-1.0
16490,16490,-30740.379687779958,-18735.561946161142,152.0,-1,-1,-1.0
16491,16491,28988.11097452485,-319.1533618699541,372.0,-1,-1,-1.0
16492,16492,-35447.74796860367,37817.0621409305,151.0,-1,5,6.0
16493,16493,32939.588568120584,-5006.279394852092,100.0,-1,33,-1.0
16494,16494,5312.661291362914,21292.37310393754,160.0,-1,-1,-1.0
16495,16495,17146.568178568043,-33517.9965987089,234.0,-1,-1,-1.0
16496,16496,-24175.49780114889,29900.46149270216,409.0,-1,-1,-1.0
16497,16497,-33477.65177121111,-17568.91809918258,33.0,-1,-1,-1.0
16498,16498,-28013.18638166198,1026.5402300347123,352.0,-1,-1,-1.0
16499,16499,-23767.803125885835,-3339.0263294530014,16.0,-1,-1,-1.0
16500,16500,-38963.10589602815,26774.192501654165,266.0,-1,-1,-1.0
16501,16501,27842.56770161125,-6772.015113970512,215.0,-1,-1,-1.0
16502,16502,-31599.584988860173,31382.93466025905,275.0,-1,6,-1.0
16503,16503,-19232.88317378154,-24809.44966582123,243.0,-1,36,-1.0
16504,16504,-31213.61992026272,-31698.622253038564,42.0,-1,-1,-1.0
16505,16505,30009.672051574147,-15786.53783856579,212.0,-1,-1,-1.0
16506,16506,-29660.326690653637,-27449.467348732254,386.0,-1,-1,-1.0
16507,16507,34347.92995389468,-33251.503773976554,343.0,-1,-1,-1.0
16508,16508,-31697.551508706976,412.6025754209113,380.0,-1,29,-1.0
16509,16509,-39942.45663915471,38803.69306597566,154.0,-1,-1,-1.0
16510,16510,-6656.93517156208,16728.372174894575,313.0,-1,-1,-1.0
16511,16511,31050.881858891797,-11286.732341247744,455.0,-1,-1,-1.0
16512,16512,-25784.85009689059,28918.98246825105,483.0,-1,-1,-1.0
16513,16513,31981.10344023815,80.24339604109991,385.0,-1,-1,-1.0
16514,16514,-26399.66624692532,19138.88522264175,291.0,-1,37,-1.0
16515,16515,-5392.241192090529,29964.538467423656,29.0,-1,-1,-1.0
16516,16516,-7989.710943827726,2262.622827268729,227.0,-1,-1,-1.0
16517,16517,27142.228435523648,2602.540089378621,108.0,-1,-1,-1.0
16518,16518,2565.1859303181627,-9849.5508522441,119.0,-1,31,-1.0
16519,16519,29895.925295031357,-12941.91666918498,356.0,-1,45,-1.0
16520,16520,20258.960832518947,38016.39130989264,134.0,-1,-1,-1.0
16521,16521,10017.48784259567,-39959.36479881056,329.0,-1,-1,-1.0
16522,16522,-8222.00960435901,27217.20438974284,16.0,-1,48,-1.0
16523,16523,26791.39536079825,4581.60050011555,436.0,-1,-1,-1.0
16524,16524,-5223.209921637856,36763.38630125512,417.0,-1,-1,-1.0
16525,16525,-4138.97385223434,14548.110353765696,144.0,-1,-1,-1.0
16526,16526,12301.819292474553,4692.497034950255,241.0,-1,2,-1.0
16527,16527,26280.15311040456,-27387.412541934937,229.0,-1,45,-1.0
16528,16528,38131.5107449252,-10974.744563672142,151.0,-1,-1,-1.0
16529,16529,-15812.24395641777,34640.066407134305,461.0,-1,-1,-1.0
16530,16530,33894.33755652812,8728.64400640408,129.0,-1,28,-1.0
16531,16531,-35017.81027033863,1687.3024024702245,38.0,-1,29,-1.0
16532,16532,-5403.056007603176,-5008.217181947519,381.0,-1,-1,-1.0
16533,16533,24627.459680868717,24508.76742830104,200.0,-1,18,-1.0
16534,16534,-37576.67920155485,16284.960178604146,43.0,-1,-1,-1.0
16535,16535,16494.57497457065,-17442.21766639398,163.0,-1,45,-1.0
16536,16536,39581.92645216882,32648.067707534487,166.0,-1,-1,-1.0
16537,16537,29717.419917013,-4544.518450960364,171.0,-1,-1,-1.0
16538,16538,-39914.15436454268,-23966.495274513563,418.0,-1,-1,-1.0
16539,16539,14744.762593214144,7346.991158618846,388.0,-1,-1,-1.0
16540,16540,-23325.8944930431,-16096.282242241556,313.0,-1,-1,-1.0
16541,16541,9598.2246186501,12865.66769612352,240.0,-1,-1,-1.0
16542,16542,22722.03559054416,7064.6050659679895,16.0,-1,16,-1.0
16543,16543,-680.0505212124335,-6.633481947399559,406.0,-1,-1,-1.0
16544,16544,-39729.28273411466,-32266.06359140594,373.0,-1,-1,-1.0
16545,16545,15623.903998392132,-31516.892862584027,461.0,-1,-1,-1.0
16546,16546,-10532.276730990545,-17821.846717845026,40.0,-1,-1,-1.0
16547,16547,-6211.467130350684,16.413891720716492,388.0,-1,-1,-1.0
16548,16548,-31371.591680137484,-18386.093533660263,215.0,-1,-1,-1.0
16549,16549,-33160.4219506361,-20495.54366012581,208.0,-1,-1,-1.0
16550,16550,17866.714652677816,26506.0073720746,375.0,-1,-1,-1.0
16551,16551,-6548.971154898616,-30962.03341457132,138.0,-1,35,-1.0
16552,16552,-3719.0553969991233,-16123.122271763536,376.0,-1,31,-1.0
16553,16553,3049.431764055465,37156.5241833484,189.0,-1,-1,-1.0
16554,16554,7773.980853237532,-26784.236618212595,232.0,-1,31,-1.0
16555,16555,-33985.83903513473,33269.588547216175,324.0,-1,-1,-1.0
16556,16556,-19116.11569308085,-6331.014802828795,175.0,-1,-1,-1.0
16557,16557,-6320.698554426919,38918.8756832245,323.0,-1,-1,-1.0
16558,16558,22755.036943339557,36398.715446488975,179.0,-1,30,-1.0
16559,16559,18722.50105263288,32286.45031094644,344.0,-1,30,-1.0
16560,16560,18585.862029665244,-19860.545072831606,410.0,-1,-1,-1.0
16561,16561,30103.58140785529,28957.37758591998,384.0,-1,10,-1.0
16562,16562,-25862.94518557897,-30387.41786241052,34.0,-1,-1,-1.0
16563,16563,-22726.53427085705,15698.540872510172,355.0,-1,-1,-1.0
16564,16564,37690.33292804535,3790.899419341862,244.0,-1,28,-1.0
16565,16565,-26458.584997599504,27107.023693048744,240.0,-1,-1,-1.0
16566,16566,-5079.992280782673,-7595.225185045296,298.0,-1,31,-1.0
16567,16567,19970.45777595381,-10195.824552469565,272.0,-1,44,50.0
16568,16568,-34963.120395939106,21355.342865858896,81.0,-1,-1,-1.0
16569,16569,-5991.753016298979,15362.830501663848,88.0,-1,-1,-1.0
16570,16570,-27309.46337744733,-21346.68400238299,57.0,-1,39,-1.0
16571,16571,-8255.197362525734,-34059.509249240014,196.0,-1,-1,-1.0
16572,16572,-19446.026611729605,36865.0946139562,71.0,-1,-1,-1.0
16573,16573,35612.46138591881,37683.531431772426,212.0,-1,-1,-1.0
16574,16574,-8171.046126070392,-5921.41478086065,315.0,-1,-1,-1.0
16575,16575,-34365.781845877405,18346.25034942414,166.0,-1,-1,-1.0
16576,16576,-12617.574354436318,18492.803741756004,151.0,-1,-1,-1.0
16577,16577,-3220.996597563215,597.4790138733151,290.0,-1,-1,-1.0
16578,16578,18408.819383577065,-12161.445485179152,332.0,-1,44,50.0
16579,16579,-35336.31391917849,-5347.355751183568,295.0,-1,-1,-1.0
16580,16580,30264.79565511849,11918.092549272682,268.0,-1,-1,-1.0
16581,16581,37717.66024925538,37651.265169852166,425.0,-1,-1,-1.0
16582,16582,28395.19742067164,2115.0155147573896,199.0,-1,-1,-1.0
16583,16583,14831.952072767366,2665.6876418025568,44.0,-1,2,-1.0
16584,16584,31037.0547805433,5943.011428767422,430.0,-1,-1,-1.0
16585,16585,23468.44816075805,-6671.942219400815,224.0,-1,-1,-1.0
16586,16586,8716.659518210756,7495.329633580564,237.0,-1,-1,-1.0
16587,16587,-20934.92418398477,12338.576522708529,448.0,-1,-1,-1.0
16588,16588,13636.325108524768,7438.23567129836,96.0,-1,-1,-1.0
16589,16589,4329.20577471282,-35571.36406552799,143.0,-1,-1,-1.0
16590,16590,-30541.807425033192,5110.856097613912,312.0,-1,-1,-1.0
16591,16591,-27227.24124029038,29210.98664911039,5.0,-1,-1,-1.0
16592,16592,-38333.08598379339,7755.355891891602,343.0,-1,-1,-1.0
16593,16593,1382.9688630831952,-21716.548923754894,122.0,-1,31,-1.0
16594,16594,13294.041401344315,-34654.10675182495,272.0,-1,4,-1.0
16595,16595,-27155.50833504464,-20990.486084626304,180.0,-1,39,-1.0
16596,16596,-5906.6443607935,-33857.076296863794,314.0,-1,35,-1.0
16597,16597,-10957.932982233113,-16688.58520714564,477.0,-1,-1,-1.0
16598,16598,-17508.572208605892,-2954.3006391887684,310.0,-1,43,-1.0
16599,16599,-2503.301843527959,-25351.3193651238,131.0,-1,25,-1.0
16600,16600,29030.81828046283,-18098.22688605487,288.0,-1,-1,-1.0
16601,16601,36050.31027230709,-8680.608946960718,409.0,-1,-1,-1.0
16602,16602,-30003.326544122865,-9134.64748287433,303.0,-1,41,-1.0
16603,16603,16171.24691472391,-8803.035442123008,297.0,-1,-1,-1.0
16604,16604,32719.443412612334,-24660.95799277252,422.0,-1,45,-1.0
16605,16605,-4157.497588550708,-11465.773508805987,71.0,-1,31,-1.0
16606,16606,32247.687064240978,29708.42868297873,246.0,-1,-1,-1.0
16607,16607,-9820.786470066148,-9705.385327257609,135.0,-1,31,-1.0
16608,16608,-15962.578959129964,31525.672331700396,294.0,-1,-1,-1.0
16609,16609,-6565.120965183072,-3966.218482272212,37.0,-1,-1,-1.0
16610,16610,-2496.267117498821,-9132.115077540544,151.0,-1,31,36.0
16611,16611,25966.995866940957,-7459.5131584502815,210.0,-1,-1,-1.0
16612,16612,-17393.030200445584,-4280.99849911702,11.0,-1,43,-1.0
16613,16613,-18469.28324414672,-5736.592043218174,358.0,-1,-1,-1.0
16614,16614,-18625.819321125964,12136.146177280343,460.0,-1,-1,-1.0
16615,16615,24811.578132041053,16544.512898485656,147.0,-1,-1,-1.0
16616,16616,-12223.1038740843,30692.33923371561,12.0,-1,48,-1.0
16617,16617,33635.034211483464,35150.48639900844,107.0,-1,11,-1.0
16618,16618,-29546.75417852462,13300.07530552902,340.0,-1,-1,-1.0
16619,16619,-18042.040341512948,-14427.57189330009,21.0,-1,42,-1.0
16620,16620,-22896.03469902814,20087.47485323076,338.0,-1,37,-1.0
16621,16621,15426.883215886402,15936.24007985212,361.0,-1,-1,-1.0
16622,16622,-7042.1923411113385,16987.42660835365,36.0,-1,-1,-1.0
16623,16623,-13742.027292162324,-2777.607747299451,100.0,-1,-1,-1.0
16624,16624,-26862.23600981552,-29924.890465304,205.0,-1,-1,-1.0
16625,16625,18244.5821486824,-30469.24466915911,391.0,-1,-1,-1.0
16626,16626,-35224.56112678749,-34625.75638059477,35.0,-1,-1,-1.0
16627,16627,-17580.90323509861,-1471.7579414261272,218.0,-1,43,49.0
16628,16628,-10814.856149487076,14788.862425551946,72.0,-1,-1,-1.0
16629,16629,37574.013420032265,38515.27064215631,270.0,-1,-1,-1.0
16630,16630,-35133.71475027956,33457.56030024959,494.0,-1,-1,-1.0
16631,16631,-11932.829925168857,-38417.622889059545,163.0,-1,-1,-1.0
16632,16632,544.6073136928389,-25925.01868765203,77.0,-1,25,-1.0
16633,16633,18559.39274227838,19303.08007798944,251.0,-1,18,-1.0
16634,16634,14997.708162823386,-38210.76474093771,436.0,-1,-1,-1.0
16635,16635,39722.10557080209,32006.1969177038,22.0,-1,-1,-1.0
16636,16636,-720.2490253455835,-36595.023433496586,36.0,-1,-1,-1.0
16637,16637,7135.893104873583,-37000.36750144394,401.0,-1,1,-1.0
16638,16638,23462.02970112696,-3525.603985038972,49.0,-1,-1,-1.0
16639,16639,-166.47053653158218,2632.8215950322774,26.0,-1,22,-1.0
16640,16640,-10665.86066396318,-39469.006256346016,401.0,-1,-1,-1.0
16641,16641,-34594.09491299244,22614.370857601163,316.0,-1,-1,-1.0
16642,16642,8826.5537197878,-21915.45860070404,186.0,-1,-1,-1.0
16643,16643,-11940.33967204457,-28208.85552333431,300.0,-1,-1,-1.0
16644,16644,-14152.625736418348,-20478.063688763523,293.0,-1,-1,-1.0
16645,16645,-5566.037947251891,-34809.517317751364,95.0,-1,35,-1.0
16646,16646,-6800.280911887865,-31591.91815695572,375.0,-1,-1,-1.0
16647,16647,19297.3544011099,14446.218072131853,53.0,-1,18,-1.0
16648,16648,22181.342263817904,-2362.6927843101366,106.0,-1,44,-1.0
16649,16649,-37349.98835999623,28652.984191627533,108.0,-1,-1,-1.0
16650,16650,7269.992153012907,-7046.258538093352,232.0,-1,-1,-1.0
16651,16651,39832.860366322406,28911.723530225994,73.0,-1,-1,-1.0
16652,16652,-10070.32674699894,-14491.13156162019,126.0,-1,31,-1.0
16653,16653,7832.109272535497,-8241.760846849324,46.0,-1,-1,-1.0
16654,16654,-4770.248190033621,-20499.698262305024,299.0,-1,7,-1.0
16655,16655,-4586.872240762263,4445.367274665921,398.0,-1,27,-1.0
16656,16656,24481.774531408177,-14467.38045689485,291.0,-1,45,-1.0
16657,16657,27586.476932670936,153.6505454043654,77.0,-1,-1,-1.0
16658,16658,2854.2409186627337,32742.439673530916,476.0,-1,48,-1.0
16659,16659,-36322.94043743543,-4474.414548489163,155.0,-1,-1,-1.0
16660,16660,-5854.31205724505,32592.88109001296,48.0,-1,-1,-1.0
16661,16661,-38233.14461565612,-7184.947002364679,79.0,-1,-1,-1.0
16662,16662,2972.081431797669,2434.652301193288,486.0,-1,14,-1.0
16663,16663,8858.591666613327,528.9380625465565,49.0,-1,-1,-1.0
16664,16664,-7472.338811753147,30538.06811303964,461.0,-1,-1,-1.0
16665,16665,-20976.384498628697,30179.818322254752,159.0,-1,48,-1.0
16666,16666,-4849.39602345298,1363.8974196866548,151.0,-1,27,-1.0
16667,16667,-23402.341522238938,-22277.94634571396,82.0,-1,-1,-1.0
16668,16668,-23472.982217934987,17217.95776087534,137.0,-1,-1,-1.0
16669,16669,18328.79491113338,-29548.86617199579,66.0,-1,3,-1.0
16670,16670,-25165.71218781187,6245.972117465302,47.0,-1,-1,-1.0
16671,16671,-26266.720395570163,-17616.883952365213,187.0,-1,-1,-1.0
16672,16672,-33922.558947073674,28839.423272931104,289.0,-1,-1,-1.0
16673,16673,-26217.080860660837,20965.76169839067,11.0,-1,-1,-1.0
16674,16674,-2811.809003341776,10106.665977954086,498.0,-1,-1,-1.0
16675,16675,-12920.723971219895,-416.6719820421713,477.0,-1,-1,-1.0
16676,16676,35585.768730760115,-3840.072542062546,76.0,-1,-1,-1.0
16677,16677,29243.645787193032,36290.88148920967,215.0,-1,11,-1.0
16678,16678,-21274.00524822773,-20909.421896767137,392.0,-1,-1,-1.0
16679,16679,26520.503125099945,-1290.8079525200665,199.0,-1,-1,-1.0
16680,16680,-39151.10516685124,-33800.231184397046,46.0,-1,-1,-1.0
16681,16681,-14948.546810700202,-11343.487799512415,279.0,-1,-1,-1.0
16682,16682,-12924.350067296047,-19204.50092913425,221.0,-1,-1,-1.0
16683,16683,-5953.799594877688,15719.640182669216,435.0,-1,-1,-1.0
16684,16684,19178.016410519427,16516.14585648881,408.0,-1,-1,-1.0
16685,16685,22218.211957337808,-1564.2143619643466,254.0,-1,-1,-1.0
16686,16686,-17971.540225399483,1987.4742928271664,475.0,-1,-1,-1.0
16687,16687,7215.196234748939,-24625.79992773186,464.0,-1,-1,-1.0
16688,16688,27811.40564937488,-24320.20718343212,354.0,-1,-1,-1.0
16689,16689,-31114.37201275404,19675.78052693324,152.0,-1,40,-1.0
16690,16690,-36749.19658804349,-38638.94327879031,94.0,-1,-1,-1.0
16691,16691,12853.806613211911,-39524.57044676364,474.0,-1,-1,-1.0
16692,16692,-6550.3455688438335,32224.891904895427,135.0,-1,-1,-1.0
16693,16693,39905.18318254652,-13406.583350083874,111.0,-1,-1,-1.0
16694,16694,-16022.504870549756,-884.8845906506467,321.0,-1,-1,-1.0
16695,16695,31533.597837995665,-6887.400013595543,465.0,-1,33,-1.0
16696,16696,-30205.55834026212,-12780.481269252046,46.0,-1,-1,-1.0
16697,16697,-5201.331499809807,-2692.126423703805,370.0,-1,-1,-1.0
16698,16698,-32232.42918068009,13135.516935336964,177.0,-1,-1,-1.0
16699,16699,-18072.34092546534,16715.218715108735,361.0,-1,-1,-1.0
16700,16700,-23410.284599208964,-3763.205838116453,398.0,-1,-1,-1.0
16701,16701,-26772.01941475046,22920.79600831881,221.0,-1,-1,-1.0
16702,16702,26896.7875975107,-12320.675865251182,100.0,-1,45,-1.0
16703,16703,-16615.173328596793,16410.784073170304,186.0,-1,-1,-1.0
16704,16704,-20359.82245695511,29933.85845848183,39.0,-1,48,-1.0
16705,16705,5671.2373808335615,24362.561383282708,428.0,-1,48,56.0
16706,16706,-12505.269727090625,14662.698480867884,336.0,-1,-1,-1.0
16707,16707,37204.825739239765,33376.6149833942,491.0,-1,10,-1.0
16708,16708,33485.48545892841,27662.48020407956,124.0,-1,-1,-1.0
16709,16709,7209.840468575203,-32686.946839111195,28.0,-1,-1,-1.0
16710,16710,4012.6414942466954,-825.8347098021259,359.0,-1,-1,-1.0
16711,16711,1565.4439074084876,-6333.509698192851,395.0,-1,-1,-1.0
16712,16712,-1835.8137385351656,24234.26471792049,378.0,-1,-1,-1.0
16713,16713,-1907.0216941486724,-2790.3267458050104,48.0,-1,22,-1.0
16714,16714,-4079.300674349048,-11957.001388695971,50.0,-1,31,-1.0
16715,16715,2535.499140207394,30002.254419051285,68.0,-1,-1,-1.0
16716,16716,-15524.568895523298,-34260.06761997743,359.0,-1,36,-1.0
16717,16717,-32095.269294966125,-36085.88526297047,330.0,-1,-1,-1.0
16718,16718,16343.402087318287,-1988.8468112558692,492.0,-1,-1,-1.0
16719,16719,-16802.731678031774,-39930.58682173971,162.0,-1,-1,-1.0
16720,16720,-3867.865471570724,-18031.795935294194,183.0,-1,-1,-1.0
16721,16721,-14273.66630735456,-16442.674051899005,190.0,-1,-1,-1.0
16722,16722,-36805.48741951518,-30354.23535440361,345.0,-1,20,-1.0
16723,16723,319.0969847719607,-13362.189963303805,117.0,-1,31,-1.0
16724,16724,-22414.00309314938,34897.20167961046,155.0,-1,-1,-1.0
16725,16725,34157.306225542125,37920.30240468858,178.0,-1,-1,-1.0
16726,16726,36479.0325903639,-11670.640303792938,47.0,-1,-1,-1.0
16727,16727,-9803.589567902123,12894.279731213996,348.0,-1,27,-1.0
16728,16728,-29966.52712248573,-33442.28461840881,7.0,-1,-1,-1.0
16729,16729,-39956.44505762748,-7818.470002277165,341.0,-1,-1,-1.0
16730,16730,25638.562509107735,-18522.26451942185,69.0,-1,-1,-1.0
16731,16731,-9522.634296940549,28400.22521900304,478.0,-1,-1,-1.0
16732,16732,27544.376357903035,18710.44022978621,256.0,-1,-1,-1.0
16733,16733,4337.642340101484,-39176.6129830782,57.0,-1,-1,-1.0
16734,16734,5733.972208535459,-14236.792014498922,192.0,-1,31,-1.0
16735,16735,-2897.397902526245,7471.434464205442,252.0,-1,27,-1.0
16736,16736,-20245.474393307417,-25142.96347097884,87.0,-1,36,-1.0
16737,16737,-36851.43047951815,-24870.798391331184,136.0,-1,-1,-1.0
16738,16738,-28373.007859518635,-34754.23090595423,16.0,-1,-1,-1.0
16739,16739,5473.287491068273,14680.549302418694,348.0,-1,8,-1.0
16740,16740,30279.02965296693,-38232.93401617384,281.0,-1,-1,-1.0
16741,16741,19873.938994564312,3524.2239322233727,407.0,-1,-1,-1.0
16742,16742,-29189.40013299326,-36651.92909620076,55.0,-1,-1,-1.0
16743,16743,23104.74126319492,30070.04417168605,196.0,-1,-1,-1.0
16744,16744,-35594.713574868234,29354.13646175312,40.0,-1,-1,-1.0
16745,16745,27050.16736304015,6399.3700130950165,19.0,-1,15,-1.0
16746,16746,-3662.843539966001,-10278.166235312146,362.0,-1,31,-1.0
16747,16747,-25774.65151741633,-16393.820724071677,103.0,-1,-1,-1.0
16748,16748,-6634.004011712517,-26640.709708363476,465.0,-1,25,-1.0
16749,16749,3698.1404928932607,-15692.23508739107,145.0,-1,31,-1.0
16750,16750,-28983.56949085491,28764.114252558647,80.0,-1,-1,-1.0
16751,16751,-23185.3603680572,-27017.689722823012,348.0,-1,-1,-1.0
16752,16752,1059.7773119419217,-3800.519788359845,254.0,-1,-1,-1.0
16753,16753,6593.486804051972,-37017.93793123381,141.0,-1,1,-1.0
16754,16754,32490.676597754456,8607.880329472478,388.0,-1,-1,-1.0
16755,16755,-25119.40851884047,31062.971487350063,203.0,-1,-1,-1.0
16756,16756,-3112.459604631593,-34080.34403640085,451.0,-1,-1,-1.0
16757,16757,6077.588398206222,-8883.707913771861,250.0,-1,31,-1.0
16758,16758,-12300.87730620907,33312.789298695614,362.0,-1,48,-1.0
16759,16759,-8022.670340995584,-9016.57751579438,455.0,-1,31,-1.0
16760,16760,9599.33441865287,36414.94218657614,198.0,-1,-1,-1.0
16761,16761,11209.663139122822,-2371.7159453785207,274.0,-1,-1,-1.0
16762,16762,-18153.58094049106,-6176.728166097433,136.0,-1,-1,-1.0
16763,16763,5075.543036456424,-35688.170315976444,442.0,-1,-1,-1.0
16764,16764,18302.706313328505,11624.75215236756,317.0,-1,-1,-1.0
16765,16765,35533.75132244613,16614.327365010715,52.0,-1,28,-1.0
16766,16766,26664.22518052475,20561.330279788184,352.0,-1,18,-1.0
16767,16767,25792.82094101586,12460.733730005632,467.0,-1,-1,-1.0
16768,16768,-3372.35087456018,22582.270234910924,350.0,-1,-1,-1.0
16769,16769,-13656.467895988557,-11545.431305378055,400.0,-1,-1,-1.0
16770,16770,15046.546821018384,-33865.49076683023,447.0,-1,-1,-1.0
16771,16771,6365.077654953224,11368.192639788149,152.0,-1,-1,-1.0
16772,16772,25999.616029298923,-383.32129408715264,258.0,-1,-1,-1.0
16773,16773,-9205.061348937528,3202.461696243081,220.0,-1,27,-1.0
16774,16774,35838.08203436107,38236.87550444943,121.0,-1,-1,-1.0
16775,16775,-4828.547196475294,27149.891770227856,168.0,-1,48,56.0
16776,16776,-27772.43043499593,39912.52419753472,398.0,-1,-1,-1.0
16777,16777,-7341.149434015966,25946.356085437204,269.0,-1,48,-1.0
16778,16778,-19417.925163962907,-800.1779492130809,55.0,-1,43,-1.0
16779,16779,-32675.867939597083,-35826.93693270429,270.0,-1,19,-1.0
16780,16780,31442.441199201072,20491.932378155776,266.0,-1,-1,-1.0
16781,16781,-19286.60194895904,-20951.52097975425,87.0,-1,36,-1.0
16782,16782,27049.607948116056,-22180.348280296104,85.0,-1,45,-1.0
16783,16783,-27453.70542400853,27300.210953377493,270.0,-1,-1,-1.0
16784,16784,-13629.772655371276,32461.100434073876,321.0,-1,48,60.0
16785,16785,7173.574848645607,-37697.08441288368,467.0,-1,1,-1.0
16786,16786,-26535.82519837931,31348.599934894737,90.0,-1,-1,-1.0
16787,16787,-31193.860301494227,23974.357905916517,30.0,-1,-1,-1.0
16788,16788,4070.271541348724,12932.96564279635,424.0,-1,-1,-1.0
16789,16789,37291.35285854562,-180.74432590921788,494.0,-1,-1,-1.0
16790,16790,-33319.051885063134,3870.907582496104,108.0,-1,-1,-1.0
16791,16791,32046.20131588256,-1579.4005876131632,72.0,-1,-1,-1.0
16792,16792,26604.563233176435,10656.241666717964,382.0,-1,15,-1.0
16793,16793,36532.18022316223,-29658.384753419825,186.0,-1,-1,-1.0
16794,16794,-21847.648594856317,-31297.97501793345,232.0,-1,-1,-1.0
16795,16795,-9223.953938441882,19445.99036998093,260.0,-1,-1,-1.0
16796,16796,-2888.842065178193,8739.246856715385,200.0,-1,27,-1.0
16797,16797,18414.03752354953,-25930.9132307258,410.0,-1,3,-1.0
16798,16798,-19310.31149696264,4230.381112922012,334.0,-1,-1,-1.0
16799,16799,12150.473107003418,-39052.12430279503,24.0,-1,-1,-1.0
16800,16800,19040.01058416729,17183.749131460798,124.0,-1,-1,-1.0
16801,16801,25544.246280755804,5595.59276779629,476.0,-1,-1,-1.0
16802,16802,-31322.07923733052,32677.567027718163,19.0,-1,6,-1.0
16803,16803,-20262.061940655283,34095.46305329037,495.0,-1,-1,-1.0
16804,16804,-4786.354592571246,-24360.726134728266,286.0,-1,25,-1.0
16805,16805,-36621.53204346884,-29541.24500532544,143.0,-1,20,-1.0
16806,16806,-2585.181337687478,-9706.65851728186,438.0,-1,31,35.0
16807,16807,-9012.035152443634,-23324.93702873544,477.0,-1,-1,-1.0
16808,16808,-35656.616036702784,15181.346083848111,372.0,-1,24,-1.0
16809,16809,-27250.800008473223,-30123.370086168263,456.0,-1,-1,-1.0
16810,16810,-11370.485827124056,-34896.85694457966,293.0,-1,-1,-1.0
16811,16811,9812.742635345729,-9236.394693542174,80.0,-1,-1,-1.0
16812,16812,6280.824053472992,-17908.56062736009,365.0,-1,-1,-1.0
16813,16813,25218.89317906508,-33663.15508843554,54.0,-1,-1,-1.0
16814,16814,26382.19440558266,-33652.8888278824,459.0,-1,-1,-1.0
16815,16815,-36902.28998730184,30499.362061259075,57.0,-1,-1,-1.0
16816,16816,26198.072226598622,-26943.32108815911,258.0,-1,45,-1.0
16817,16817,21290.65492357769,-5537.846996783628,462.0,-1,44,-1.0
16818,16818,14644.3189034885,-8131.031993583565,142.0,-1,-1,-1.0
16819,16819,15161.275067233502,3173.193866579466,170.0,-1,2,-1.0
16820,16820,10027.27953589074,-18107.88024410048,115.0,-1,-1,-1.0
16821,16821,-27986.431540888087,-34979.62953044276,13.0,-1,-1,-1.0
16822,16822,-33639.99156856679,39897.17603994682,223.0,-1,-1,-1.0
16823,16823,22457.108184929428,-7341.454557355577,117.0,-1,-1,-1.0
16824,16824,-29237.584942529316,-16700.36297936633,200.0,-1,-1,-1.0
16825,16825,-19953.09860055742,-10055.77365012015,0.0,-1,-1,-1.0
16826,16826,25927.358759133524,3965.216863268171,267.0,-1,-1,-1.0
16827,16827,34669.858487523656,-26309.32843667891,260.0,-1,45,-1.0
16828,16828,18531.16060329164,30171.08454007792,211.0,-1,-1,-1.0
16829,16829,27503.480119323256,18644.256049263317,81.0,-1,-1,-1.0
16830,16830,2613.902117392223,-28975.101648172214,250.0,-1,-1,-1.0
16831,16831,-8838.38309095407,-22762.04040766692,162.0,-1,7,-1.0
16832,16832,22877.51446011893,36386.66893884956,427.0,-1,-1,-1.0
16833,16833,3786.7178904611646,-18550.94528126359,176.0,-1,31,-1.0
16834,16834,-29289.06141941737,-37260.57585095484,285.0,-1,-1,-1.0
16835,16835,6515.112791625972,-8975.306657139201,409.0,-1,31,-1.0
16836,16836,-18722.995746511115,-621.7816022907064,209.0,-1,43,-1.0
16837,16837,-10700.589603682918,21697.124612248463,437.0,-1,-1,-1.0
16838,16838,4561.063691633732,32040.801712856788,361.0,-1,48,-1.0
16839,16839,-39081.89918594196,-21024.430399875622,382.0,-1,0,-1.0
16840,16840,5744.798466893837,-27548.580057909843,18.0,-1,31,35.0
16841,16841,-5636.452972864179,27508.90326364369,232.0,-1,48,-1.0
16842,16842,-10309.936664347835,-26983.03623206522,16.0,-1,17,-1.0
16843,16843,-24366.59046081192,-11722.13264426932,75.0,-1,-1,-1.0
16844,16844,13844.816643515747,24559.08658517957,193.0,-1,-1,-1.0
16845,16845,-15471.231848522846,-24336.749296625,139.0,-1,-1,-1.0
16846,16846,6137.192022874537,-26381.60514700248,196.0,-1,31,-1.0
16847,16847,24329.5528599306,-5761.288796654051,365.0,-1,-1,-1.0
16848,16848,29140.894112919792,21907.36358363592,82.0,-1,28,-1.0
16849,16849,32596.293302673934,31930.409353890907,266.0,-1,-1,-1.0
16850,16850,-18355.119867616628,-9680.98195905827,91.0,-1,-1,-1.0
16851,16851,4168.663347587484,22538.7799656821,243.0,-1,46,-1.0
16852,16852,15627.961900765702,-28659.946308468287,356.0,-1,-1,-1.0
16853,16853,-34531.7999016272,7262.979740197901,105.0,-1,-1,-1.0
16854,16854,-28983.142509689344,27285.946453593817,153.0,-1,-1,-1.0
16855,16855,-5891.907913621799,20637.996967420437,87.0,-1,-1,-1.0
16856,16856,33478.27165161182,15769.340363085495,299.0,-1,-1,-1.0
16857,16857,-23221.797964795394,3903.7634236936574,366.0,-1,-1,-1.0
16858,16858,-2438.6570618035694,-1176.3635349489125,494.0,-1,-1,-1.0
16859,16859,-13107.11832956862,24348.294001997358,57.0,-1,48,60.0
16860,16860,-29982.59451169565,-29973.288529005255,212.0,-1,-1,-1.0
16861,16861,-29156.972408753187,-35479.396062258915,14.0,-1,-1,-1.0
16862,16862,-16775.128825298936,19251.630484855945,354.0,-1,-1,-1.0
16863,16863,24732.762057574284,-36049.01273945875,470.0,-1,-1,-1.0
16864,16864,-22256.958717158614,-6027.466949841859,306.0,-1,-1,-1.0
16865,16865,-17834.436269598442,25686.32498992392,479.0,-1,-1,-1.0
16866,16866,4648.974424710417,7487.993480860969,193.0,-1,27,-1.0
16867,16867,107.66132395683962,-3333.9996462907875,325.0,-1,-1,-1.0
16868,16868,-29408.541612595443,8117.814424448356,345.0,-1,-1,-1.0
16869,16869,16299.945732094166,-22143.127478560516,460.0,-1,-1,-1.0
16870,16870,24127.21100992496,2469.432143925733,239.0,-1,-1,-1.0
16871,16871,-19919.12708057762,39035.865617975855,99.0,-1,-1,-1.0
16872,16872,21028.74118705184,-34676.27419671837,423.0,-1,-1,-1.0
16873,16873,21551.41022275188,12123.517233064958,492.0,-1,-1,-1.0
16874,16874,19109.81937623844,-9721.853646460491,92.0,-1,44,-1.0
16875,16875,359.5315577341171,38791.38954457434,97.0,-1,-1,-1.0
16876,16876,20807.22589934637,-32351.41111975092,365.0,-1,-1,-1.0
16877,16877,9488.477020495848,-19967.483756319656,100.0,-1,-1,-1.0
16878,16878,23671.736148931384,31989.853026979777,424.0,-1,-1,-1.0
16879,16879,-29089.281657713796,-3237.107520702164,340.0,-1,41,-1.0
16880,16880,-3734.075815137476,-28877.89572056123,5.0,-1,-1,-1.0
16881,16881,-29101.30341448768,-11188.524153143717,238.0,-1,-1,-1.0
16882,16882,8087.654461076425,19565.276927793435,314.0,-1,-1,-1.0
16883,16883,38704.9685122658,36255.89195999823,223.0,-1,-1,-1.0
16884,16884,18624.643241804784,9963.890948460008,120.0,-1,-1,-1.0
16885,16885,13000.092282410757,-12541.89283699289,407.0,-1,-1,-1.0
16886,16886,-32596.1705411498,8623.390326225555,484.0,-1,-1,-1.0
16887,16887,16786.86204385433,-12107.959459572085,287.0,-1,-1,-1.0
16888,16888,17409.58113116418,-12084.105366781108,226.0,-1,44,-1.0
16889,16889,-12829.18835968382,-29579.63364501542,70.0,-1,-1,-1.0
16890,16890,-21469.110437581592,-28242.15493388361,337.0,-1,-1,-1.0
16891,16891,-4524.69958521775,-39301.84535543211,260.0,-1,-1,-1.0
16892,16892,3929.795405228892,11471.194707877126,78.0,-1,-1,-1.0
16893,16893,-25138.95975386858,-35345.46869673307,365.0,-1,-1,-1.0
16894,16894,-34619.99153977852,31064.17007928817,325.0,-1,-1,-1.0
16895,16895,14572.158080374946,-5143.374132714875,295.0,-1,13,-1.0
16896,16896,-13121.994449751452,35253.15617492696,465.0,-1,-1,-1.0
16897,16897,35671.81830867057,-20866.195157581256,253.0,-1,-1,-1.0
16898,16898,2244.426088272281,9368.10554581289,316.0,-1,27,-1.0
16899,16899,-13354.278293797874,5506.23747314341,232.0,-1,-1,-1.0
16900,16900,3145.3678118969183,-39226.059269297984,196.0,-1,-1,-1.0
16901,16901,37027.49939162312,-34481.165510577855,72.0,-1,-1,-1.0
16902,16902,-21246.03501744634,36923.43746267589,269.0,-1,-1,-1.0
16903,16903,-1443.5606877502942,-35092.965858953474,97.0,-1,-1,-1.0
16904,16904,23334.10483295018,12082.015615330456,99.0,-1,-1,-1.0
16905,16905,8252.071930896425,6058.705800953889,273.0,-1,-1,-1.0
16906,16906,13334.420759226108,-6727.549253838421,439.0,-1,13,-1.0
16907,16907,3656.009934442387,24569.12900768975,140.0,-1,-1,-1.0
16908,16908,16265.85719391422,15864.265874246958,210.0,-1,-1,-1.0
16909,16909,-26017.145851708003,-6812.023191735912,6.0,-1,-1,-1.0
16910,16910,19677.287157579784,30061.2819484934,61.0,-1,30,-1.0
16911,16911,30251.13975260155,-31882.447992391888,24.0,-1,-1,-1.0
16912,16912,28894.197190250125,2867.8337028523893,128.0,-1,-1,-1.0
16913,16913,-2749.908420432388,16719.93349709877,79.0,-1,46,-1.0
16914,16914,-19216.126621255604,11979.263194824234,254.0,-1,-1,-1.0
16915,16915,35893.61987209263,23268.767752965272,18.0,-1,-1,-1.0
16916,16916,10476.859167003466,-18790.71929069039,370.0,-1,-1,-1.0
16917,16917,-23606.826889989155,13154.47612998465,350.0,-1,40,-1.0
16918,16918,5259.884257943595,-10797.451847386072,201.0,-1,31,-1.0
16919,16919,37029.399224945824,28749.519690972465,94.0,-1,10,-1.0
16920,16920,-4307.636746492521,-5689.099965185829,490.0,-1,-1,-1.0
16921,16921,-25871.45667166272,28545.05675865659,477.0,-1,-1,-1.0
16922,16922,-38786.13610901588,-31976.263789859506,447.0,-1,-1,-1.0
16923,16923,33752.409219850335,15240.368930847617,212.0,-1,28,-1.0
16924,16924,35533.54741088812,-30149.73824768053,103.0,-1,-1,-1.0
16925,16925,-29891.972902859285,-1922.1209412371973,132.0,-1,-1,-1.0
16926,16926,-29204.4174826003,-39916.62852103702,447.0,-1,-1,-1.0
16927,16927,2332.5418970731407,7562.737039287669,8.0,-1,-1,-1.0
16928,16928,-10930.40360993645,26195.077914673675,181.0,-1,48,60.0
16929,16929,28516.33184889685,-3460.232153604368,391.0,-1,-1,-1.0
16930,16930,36849.12986160503,12769.762064425238,218.0,-1,28,-1.0
16931,16931,-19949.630620606687,-9831.099786470724,3.0,-1,-1,-1.0
16932,16932,20204.00199440305,-21433.439246779075,131.0,-1,-1,-1.0
16933,16933,13015.930407512482,-19937.047511994333,484.0,-1,-1,-1.0
16934,16934,25758.150563842544,251.6816586468194,370.0,-1,-1,-1.0
16935,16935,-30778.48543854163,20064.91295966434,203.0,-1,-1,-1.0
16936,16936,10703.635332728998,15971.682987149145,353.0,-1,-1,-1.0
16937,16937,27070.93624220883,34210.033921030335,210.0,-1,-1,-1.0
16938,16938,-25289.592296734016,14876.817175355238,134.0,-1,-1,-1.0
16939,16939,-1756.7906776102682,3510.8277944337024,163.0,-1,-1,-1.0
16940,16940,32648.89678102428,12490.111894812922,413.0,-1,28,-1.0
16941,16941,-30241.099528908668,-25795.61202066455,208.0,-1,-1,-1.0
16942,16942,-306.261263055836,-25204.144323270182,29.0,-1,25,-1.0
16943,16943,3298.370215967683,28172.92429190538,423.0,-1,48,-1.0
16944,16944,-23383.342306073853,-16522.6845186484,491.0,-1,-1,-1.0
16945,16945,7851.410016744237,-7883.038620539279,221.0,-1,-1,-1.0
16946,16946,31628.270877200004,22578.373555665406,370.0,-1,-1,-1.0
16947,16947,-23156.428749159968,7002.968068791888,131.0,-1,-1,-1.0
16948,16948,16721.366569308535,8260.400990628856,52.0,-1,2,-1.0
16949,16949,12219.076437533127,1087.904960083768,494.0,-1,-1,-1.0
16950,16950,32111.71334346132,-3746.953679930768,160.0,-1,-1,-1.0
16951,16951,-16231.526423523252,8465.502029219693,328.0,-1,-1,-1.0
16952,16952,-23437.259563028343,-4973.326257599925,178.0,-1,-1,-1.0
16953,16953,-3.459282852927572,-26841.76886717967,169.0,-1,25,-1.0
16954,16954,-1377.703154568575,-3222.486501287829,274.0,-1,-1,-1.0
16955,16955,-8730.85617114696,24997.71497356276,496.0,-1,-1,-1.0
16956,16956,6519.158025914403,-29412.257705867138,145.0,-1,-1,-1.0
16957,16957,-16690.16229912401,-30873.797717940965,54.0,-1,36,-1.0
16958,16958,-14340.99305905341,-31430.01049747373,394.0,-1,36,-1.0
16959,16959,29719.38093708236,-27900.93007340782,452.0,-1,-1,-1.0
16960,16960,23098.962487757053,12312.785912680263,185.0,-1,16,-1.0
16961,16961,-8851.314364890863,23588.710768524277,213.0,-1,-1,-1.0
16962,16962,-3951.621492006685,-501.2765433237364,91.0,-1,-1,-1.0
16963,16963,-25067.518319560742,-13871.777211912628,171.0,-1,-1,-1.0
16964,16964,34879.29571099763,217.5513861217987,92.0,-1,-1,-1.0
16965,16965,-30737.67589520129,-37551.169763678095,56.0,-1,-1,-1.0
16966,16966,11764.676849862844,-1827.8528652715397,303.0,-1,-1,-1.0
16967,16967,2102.01043251816,-8401.775024564053,213.0,-1,31,-1.0
16968,16968,1782.8802752999109,27538.31396258208,57.0,-1,48,-1.0
16969,16969,33844.69609667432,-31355.14628797892,252.0,-1,-1,-1.0
16970,16970,-30235.883534906563,25909.27069543629,400.0,-1,-1,-1.0
16971,16971,15338.511600218631,26225.292697139183,230.0,-1,9,-1.0
16972,16972,-29783.551802778333,14977.85694954243,122.0,-1,-1,-1.0
16973,16973,-33242.21790043307,24679.05526688847,469.0,-1,-1,-1.0
16974,16974,-12942.337899632726,3210.339301531152,39.0,-1,-1,-1.0
16975,16975,3385.308885629224,-19201.771763763267,401.0,-1,-1,-1.0
16976,16976,-17744.85348936496,17501.9118395247,225.0,-1,-1,-1.0
16977,16977,-556.3855308814236,-3004.0746816336905,218.0,-1,-1,-1.0
16978,16978,-28956.875914434306,-20651.51776163618,42.0,-1,39,-1.0
16979,16979,34275.355261876146,32634.26858340035,410.0,-1,-1,-1.0
16980,16980,-7025.86724207802,31018.89464050527,432.0,-1,-1,-1.0
16981,16981,24187.448846648436,33415.066934237926,246.0,-1,-1,-1.0
16982,16982,22688.95855054056,31164.705840424664,412.0,-1,-1,-1.0
16983,16983,23588.933782240598,-36766.17439766546,430.0,-1,-1,-1.0
16984,16984,26355.00871179753,-19309.498593960903,319.0,-1,45,-1.0
16985,16985,29859.777316393884,14327.289720402545,79.0,-1,-1,-1.0
16986,16986,-11698.294167395636,-31774.331427951834,415.0,-1,-1,-1.0
16987,16987,-17813.995672595473,23546.88704191141,349.0,-1,-1,-1.0
16988,16988,-6416.188447079774,22295.258724321444,80.0,-1,-1,-1.0
16989,16989,-19101.90943515589,19403.007248499453,386.0,-1,-1,-1.0
16990,16990,-13923.55122781403,-26922.141890730025,69.0,-1,17,-1.0
16991,16991,398.7677390772005,-23397.776960501156,113.0,-1,-1,-1.0
16992,16992,-25611.325249038237,34914.59971718289,494.0,-1,-1,-1.0
16993,16993,-5378.308551797352,-35324.21239818198,365.0,-1,35,-1.0
16994,16994,6160.875913030948,-28732.615945481677,156.0,-1,31,-1.0
16995,16995,-32567.343735110506,-4792.71425151149,241.0,-1,-1,-1.0
16996,16996,-25015.58618324561,19013.315735878183,132.0,-1,37,-1.0
16997,16997,15200.487564581024,6174.851540976073,182.0,-1,-1,-1.0
16998,16998,-13465.237667867208,21426.028200497312,394.0,-1,-1,-1.0
16999,16999,12017.729093873657,14797.4058529854,441.0,-1,-1,-1.0
17000,17000,-22030.508588047447,25370.902099023435,491.0,-1,-1,-1.0
17001,17001,-29840.2068414702,7392.027514311208,446.0,-1,-1,-1.0
17002,17002,-12990.120337011223,4924.727867929934,250.0,-1,-1,-1.0
17003,17003,3679.2535646662727,-27523.34138761712,363.0,-1,-1,-1.0
17004,17004,22156.91685266025,-32347.595900032666,195.0,-1,-1,-1.0
17005,17005,18090.026965404104,31495.21038734846,4.0,-1,30,-1.0
17006,17006,22771.361727612428,-22670.59878323722,4.0,-1,-1,-1.0
17007,17007,6490.282037698911,39481.95032243608,12.0,-1,-1,-1.0
17008,17008,12215.768392796896,-17522.380208468887,202.0,-1,-1,-1.0
17009,17009,11774.42801853962,-26936.07274412409,385.0,-1,3,-1.0
17010,17010,35920.52251991643,-7717.726520913795,367.0,-1,33,-1.0
17011,17011,-39730.08972482837,-28670.228600705457,308.0,-1,-1,-1.0
17012,17012,-25996.52366507223,-2952.791912245608,287.0,-1,-1,-1.0
17013,17013,-32832.934651872005,29741.08766279077,108.0,-1,-1,-1.0
17014,17014,22442.450649986808,-1732.9950357775017,249.0,-1,44,-1.0
17015,17015,29309.894174768968,11900.706703395515,18.0,-1,-1,-1.0
17016,17016,-8163.843835315267,1480.5418828914335,51.0,-1,-1,-1.0
17017,17017,-18104.192078552536,-6303.128145689945,33.0,-1,43,-1.0
17018,17018,22665.07712452088,-25742.36868709656,134.0,-1,-1,-1.0
17019,17019,-23438.34487015978,23707.932445736245,29.0,-1,-1,-1.0
17020,17020,-29640.04366753164,34415.798305363816,408.0,-1,6,-1.0
17021,17021,-30793.17793982767,-37631.82858110077,129.0,-1,-1,-1.0
17022,17022,36320.984659113135,-25406.57167818887,151.0,-1,-1,-1.0
17023,17023,11083.60265422574,37573.45668496266,460.0,-1,-1,-1.0
17024,17024,-39368.28582455436,3439.975176174288,12.0,-1,-1,-1.0
17025,17025,13975.71773051779,-30976.96595407528,301.0,-1,3,-1.0
17026,17026,39539.30068898489,-4799.719465963819,305.0,-1,-1,-1.0
17027,17027,16812.36614627667,-22168.326231059884,282.0,-1,-1,-1.0
17028,17028,-30705.38410145521,24714.824482543045,26.0,-1,-1,-1.0
17029,17029,-7643.550484497893,-11885.079389893015,325.0,-1,31,-1.0
17030,17030,14027.555251710595,-32120.3767345075,3.0,-1,-1,-1.0
17031,17031,-23612.924408237133,-6032.131148060245,315.0,-1,-1,-1.0
17032,17032,20778.41580420985,4254.33452803416,196.0,-1,-1,-1.0
17033,17033,-34181.59215457083,-5222.012846530095,475.0,-1,-1,-1.0
17034,17034,-33878.77247487146,-7914.234910141095,444.0,-1,-1,-1.0
17035,17035,-31377.67296401433,-35330.37142640925,134.0,-1,-1,-1.0
17036,17036,10207.475681949649,-728.6167446305044,388.0,-1,-1,-1.0
17037,17037,-8343.45910776296,20834.452620978816,415.0,-1,-1,-1.0
17038,17038,15473.022925198333,-4381.384066483704,443.0,-1,13,-1.0
17039,17039,38016.2340942782,-32020.32630030693,387.0,-1,-1,-1.0
17040,17040,-4169.19323125598,-31378.196892100423,20.0,-1,-1,-1.0
17041,17041,38055.986827717454,37568.44975069261,31.0,-1,-1,-1.0
17042,17042,-17444.753039336927,36253.63161687218,428.0,-1,-1,-1.0
17043,17043,-35256.41826043402,-22067.355055247262,83.0,-1,0,-1.0
17044,17044,1992.5729092020997,-27278.30324502049,421.0,-1,25,-1.0
17045,17045,-13681.910757111906,21390.59011645452,0.0,-1,-1,-1.0
17046,17046,-24661.064710366503,-9237.502668373185,146.0,-1,-1,-1.0
17047,17047,-27576.72630972811,18032.299412371554,11.0,-1,-1,-1.0
17048,17048,23078.387247605133,-33104.02726446529,138.0,-1,-1,-1.0
17049,17049,32842.30817943765,30166.64671323134,326.0,-1,10,-1.0
17050,17050,-6864.729738153452,-6085.138793247723,213.0,-1,-1,-1.0
17051,17051,31751.908289456056,39245.32745627004,369.0,-1,-1,-1.0
17052,17052,-27179.88371873032,-11037.057422272286,243.0,-1,-1,-1.0
17053,17053,17943.979227790594,-39636.793086657126,331.0,-1,-1,-1.0
17054,17054,27455.352781793088,28703.301474207925,123.0,-1,-1,-1.0
17055,17055,15054.437621504716,32223.61162128381,282.0,-1,-1,-1.0
17056,17056,27337.824656092445,6939.414227515423,359.0,-1,15,-1.0
17057,17057,12218.484521296836,-28722.440371637087,486.0,-1,-1,-1.0
17058,17058,11039.714232859871,11359.232646316552,369.0,-1,-1,-1.0
17059,17059,34488.581799901935,26973.17097931607,48.0,-1,10,-1.0
17060,17060,-21408.98181857259,-32346.39023929409,169.0,-1,-1,-1.0
17061,17061,-7629.391095090883,-23489.37519717839,499.0,-1,7,-1.0
17062,17062,-24641.31729819516,3335.1292340394502,344.0,-1,-1,-1.0
17063,17063,-3673.539325006881,-39604.94331268481,127.0,-1,-1,-1.0
17064,17064,-9175.29823582388,-35671.0949504382,364.0,-1,-1,-1.0
17065,17065,4430.276663513221,4049.555950039023,14.0,-1,14,-1.0
17066,17066,27798.62619955266,5109.50094771805,80.0,-1,-1,-1.0
17067,17067,5525.6659603270455,-1249.0863328346168,75.0,-1,-1,-1.0
17068,17068,-38853.874752303,33022.07042601782,109.0,-1,5,-1.0
17069,17069,28612.81523383975,-27806.80800814832,360.0,-1,-1,-1.0
17070,17070,-760.2095321102388,-2109.7620423837943,99.0,-1,-1,-1.0
17071,17071,-31622.75882295499,19989.987263185227,292.0,-1,40,-1.0
17072,17072,-37186.06814731855,-27984.90185865001,144.0,-1,20,-1.0
17073,17073,-25616.638253182344,-2734.205394761091,205.0,-1,-1,-1.0
17074,17074,26617.866851474348,7451.251370569975,211.0,-1,15,-1.0
17075,17075,-2169.7312740823254,4980.380355929105,290.0,-1,27,-1.0
17076,17076,-29344.41515304848,14655.539443234513,168.0,-1,-1,-1.0
17077,17077,-4231.76836748526,-14074.695283840225,12.0,-1,31,-1.0
17078,17078,25620.47445892998,-23114.255538383768,483.0,-1,45,-1.0
17079,17079,-2350.1314262151063,-8921.341567069849,40.0,-1,31,-1.0
17080,17080,-37500.74239054327,-16701.40920797002,473.0,-1,-1,-1.0
17081,17081,-31487.09113274683,-21052.40380017956,451.0,-1,39,-1.0
17082,17082,-28279.77286063564,1586.412804327003,39.0,-1,-1,-1.0
17083,17083,-28773.49277412928,-27490.461241294488,220.0,-1,-1,-1.0
17084,17084,25412.92693528007,9408.869272217278,430.0,-1,15,-1.0
17085,17085,-30960.80820066985,4086.48992229678,17.0,-1,29,-1.0
17086,17086,16320.412308205618,8790.71555530354,118.0,-1,-1,-1.0
17087,17087,10815.580461104952,38153.6604099292,481.0,-1,-1,-1.0
17088,17088,-30107.213339512982,6679.905500358014,395.0,-1,-1,-1.0
17089,17089,-13038.925323959018,13883.37928418068,46.0,-1,-1,-1.0
17090,17090,2096.278511898665,7678.72949904963,100.0,-1,-1,-1.0
17091,17091,23193.001867125728,34559.059772724664,247.0,-1,-1,-1.0
17092,17092,-11794.253053453322,-15691.67924206064,173.0,-1,-1,-1.0
17093,17093,-34625.544259741226,32411.46213975514,300.0,-1,-1,-1.0
17094,17094,3497.408221887905,-34264.673342283786,428.0,-1,1,-1.0
17095,17095,29505.49454335589,-2608.705914704537,405.0,-1,-1,-1.0
17096,17096,6541.664217350561,-14789.6661942014,390.0,-1,31,-1.0
17097,17097,27845.22336037361,-5595.762941448214,453.0,-1,-1,-1.0
17098,17098,13726.856555358609,25653.87943271025,385.0,-1,-1,-1.0
17099,17099,-7779.018241073718,-1325.5115008864304,292.0,-1,-1,-1.0
17100,17100,-1465.0533608372862,2962.909856893719,326.0,-1,-1,-1.0
17101,17101,11665.265220243891,-2249.5368195204865,139.0,-1,-1,-1.0
17102,17102,15698.731813697044,-9929.318442830345,33.0,-1,-1,-1.0
17103,17103,2084.8349288845493,-13626.51994589009,481.0,-1,31,-1.0
17104,17104,-17498.37479815037,-24851.250355197524,268.0,-1,36,-1.0
17105,17105,20527.24940931632,5820.761776745203,327.0,-1,-1,-1.0
17106,17106,17176.916137105305,24602.26228806629,424.0,-1,9,-1.0
17107,17107,-39012.19646618652,-28906.65576228851,31.0,-1,-1,-1.0
17108,17108,31746.223343199992,25367.00458658348,328.0,-1,-1,-1.0
17109,17109,27759.64738258545,28686.18191446933,67.0,-1,-1,-1.0
17110,17110,11187.84092874451,31514.910514269563,200.0,-1,-1,-1.0
17111,17111,-34754.650897644715,15368.162377686662,304.0,-1,24,-1.0
17112,17112,17643.99928841029,13353.731744525709,67.0,-1,-1,-1.0
17113,17113,-21703.880343662164,6994.604994582289,104.0,-1,-1,-1.0
17114,17114,-30303.10473319955,-32362.95348888589,42.0,-1,34,-1.0
17115,17115,-31366.491931185097,-30544.004666498888,236.0,-1,34,-1.0
17116,17116,-39403.33188338539,10794.069611190338,63.0,-1,-1,-1.0
17117,17117,19227.51126600182,25161.258325806582,35.0,-1,18,-1.0
17118,17118,29273.33586003045,16910.771314010526,274.0,-1,-1,-1.0
17119,17119,6632.447228845704,16284.413621440455,371.0,-1,-1,-1.0
17120,17120,8025.035252554422,-1156.5311117174206,92.0,-1,-1,-1.0
17121,17121,23427.460514236845,1215.1392332962714,354.0,-1,-1,-1.0
17122,17122,-25363.51108604105,-26216.81178673021,367.0,-1,38,-1.0
17123,17123,-35484.70484525565,-13434.61307843054,122.0,-1,32,38.0
17124,17124,23666.59115674399,-3132.6879523604075,360.0,-1,-1,-1.0
17125,17125,-6060.002026776907,22943.58267479584,101.0,-1,-1,-1.0
17126,17126,-27536.05535595608,-10161.001627382964,114.0,-1,-1,-1.0
17127,17127,19402.823918963804,24460.707178947843,34.0,-1,18,-1.0
17128,17128,21491.706384030564,8040.240554386983,173.0,-1,-1,-1.0
17129,17129,-31838.50908007973,-35740.31824780754,328.0,-1,-1,-1.0
17130,17130,33749.387670417826,34060.94314715128,161.0,-1,-1,-1.0
17131,17131,-15609.761537053764,22472.276417487097,185.0,-1,-1,-1.0
17132,17132,-29343.376743141274,-37303.63127771496,36.0,-1,-1,-1.0
17133,17133,2193.224320085712,-14576.746063092738,293.0,-1,31,-1.0
17134,17134,2210.8550786845008,36525.183182600274,24.0,-1,48,-1.0
17135,17135,35584.36133499979,-9707.982156881431,227.0,-1,-1,-1.0
17136,17136,33478.719503737215,27002.291097617024,452.0,-1,10,-1.0
17137,17137,-18367.28351324384,-31105.489907046183,262.0,-1,-1,-1.0
17138,17138,-6827.837675523195,-36252.3961872958,139.0,-1,-1,-1.0
17139,17139,29927.40486222878,-1193.4340903220873,141.0,-1,-1,-1.0
17140,17140,16046.253284582315,-12082.163327109887,439.0,-1,-1,-1.0
17141,17141,30949.73353094075,20012.1781038826,463.0,-1,-1,-1.0
17142,17142,-20378.02451295959,23235.41353984592,200.0,-1,-1,-1.0
17143,17143,-25320.73792236708,28030.454845446016,366.0,-1,-1,-1.0
17144,17144,2756.9263648980414,-33898.49377379976,148.0,-1,-1,-1.0
17145,17145,-37576.60815130671,-8933.798398313356,215.0,-1,32,38.0
17146,17146,21037.669726552464,-11253.456060278007,372.0,-1,-1,-1.0
17147,17147,26970.05631818112,17321.996978339812,302.0,-1,-1,-1.0
17148,17148,-18401.750778954727,6442.521558929133,245.0,-1,-1,-1.0
17149,17149,36209.96894677357,20583.18570356973,152.0,-1,28,-1.0
17150,17150,-31085.874334161083,10073.396420365689,165.0,-1,-1,-1.0
17151,17151,12611.494338781393,26514.57668799233,163.0,-1,-1,-1.0
17152,17152,-9853.079790110463,29741.659944531508,475.0,-1,-1,-1.0
17153,17153,-11640.1667498255,-5902.511333432871,126.0,-1,-1,-1.0
17154,17154,-13208.691997818683,-17313.439368076153,157.0,-1,-1,-1.0
17155,17155,-35785.61628072543,-783.499944032199,316.0,-1,29,-1.0
17156,17156,5425.707168740941,12885.989905176764,52.0,-1,-1,-1.0
17157,17157,-21775.229920183134,-28296.88346241987,478.0,-1,-1,-1.0
17158,17158,26509.9748741207,-24397.778786521518,156.0,-1,45,-1.0
17159,17159,-8480.115276770492,5511.176971433204,491.0,-1,27,-1.0
17160,17160,-17862.064197313102,-1887.1857748963305,431.0,-1,43,-1.0
17161,17161,25243.92469648584,30578.33515501207,123.0,-1,-1,-1.0
17162,17162,-22526.27120168131,-19809.648877556247,433.0,-1,-1,-1.0
17163,17163,-30381.991617651314,12093.97683546695,293.0,-1,-1,-1.0
17164,17164,34123.83562747204,25846.711272869143,266.0,-1,-1,-1.0
17165,17165,-9634.477786545049,-36569.60044875601,389.0,-1,-1,-1.0
17166,17166,33153.75453243381,-4741.815186539978,26.0,-1,-1,-1.0
17167,17167,30238.494783835587,37945.92005332037,109.0,-1,11,-1.0
17168,17168,-22858.02585276381,-25369.986051429816,372.0,-1,-1,-1.0
17169,17169,11154.201369015893,-39944.64572740384,323.0,-1,-1,-1.0
17170,17170,20237.276075889386,-18138.12471013605,24.0,-1,-1,-1.0
17171,17171,-27007.131200264652,-27870.154730387745,349.0,-1,-1,-1.0
17172,17172,34480.360980231286,34741.21200105398,290.0,-1,11,-1.0
17173,17173,-23043.793796106085,13376.564998522415,173.0,-1,-1,-1.0
17174,17174,6248.68166728317,-30008.22879393564,245.0,-1,-1,-1.0
17175,17175,-18960.176513954026,-11795.440550747551,149.0,-1,-1,-1.0
17176,17176,-9352.19599663805,-27075.332327434666,469.0,-1,-1,-1.0
17177,17177,-20001.1907387414,-1431.02680854575,485.0,-1,43,-1.0
17178,17178,-21561.81895562069,-8953.411627861555,390.0,-1,-1,-1.0
17179,17179,-15214.018471166986,30834.69380778373,215.0,-1,-1,-1.0
17180,17180,20412.1358449512,-34150.72309459775,492.0,-1,-1,-1.0
17181,17181,-34095.96973717096,10170.86552251478,226.0,-1,-1,-1.0
17182,17182,-34652.20939850546,-3605.220986811022,379.0,-1,-1,-1.0
17183,17183,25174.901476318177,-11073.951101418515,335.0,-1,-1,-1.0
17184,17184,10193.068883996855,-31649.154887452954,317.0,-1,-1,-1.0
17185,17185,-8430.339445817383,-29417.77446015628,166.0,-1,-1,-1.0
17186,17186,-38087.25776909265,-22684.514660738263,9.0,-1,-1,-1.0
17187,17187,6186.962149209816,-36301.92454201909,139.0,-1,1,-1.0
17188,17188,-32250.043145002397,7874.763010887211,183.0,-1,24,-1.0
17189,17189,12465.071037814843,-21301.88303037717,387.0,-1,-1,-1.0
17190,17190,-27599.955668631457,34782.03169512891,270.0,-1,-1,-1.0
17191,17191,27034.65879920259,24457.66539702635,15.0,-1,-1,-1.0
17192,17192,-2467.579047859341,28554.56832140649,47.0,-1,-1,-1.0
17193,17193,27827.79008050228,-20753.248766415203,466.0,-1,45,-1.0
17194,17194,20238.86896758344,21008.782499433888,211.0,-1,18,-1.0
17195,17195,25110.73358441129,-4301.775459112047,147.0,-1,-1,-1.0
17196,17196,20523.945912572417,17523.663081635386,411.0,-1,18,-1.0
17197,17197,-28829.85331231881,35934.552648672485,142.0,-1,6,-1.0
17198,17198,18912.868526064805,-29589.3185338985,219.0,-1,-1,-1.0
17199,17199,22023.148235452383,-36914.76423245496,256.0,-1,-1,-1.0
17200,17200,15405.342117887696,-12809.76996933603,329.0,-1,-1,-1.0
17201,17201,16954.215208049958,21521.78006312644,407.0,-1,-1,-1.0
17202,17202,-3699.204456158106,-21011.3928796374,4.0,-1,7,-1.0
17203,17203,17470.965531793678,19291.422624347644,400.0,-1,18,-1.0
17204,17204,-1316.322732337139,-305.2018982308655,456.0,-1,-1,-1.0
17205,17205,23635.55250980302,31386.868516596747,124.0,-1,-1,-1.0
17206,17206,-7402.068158979233,30458.17174711755,266.0,-1,-1,-1.0
17207,17207,9256.844215667516,20665.050463977463,168.0,-1,-1,-1.0
17208,17208,-26275.073450735337,5674.878607531835,415.0,-1,-1,-1.0
17209,17209,-32773.10796966911,-26089.43090352797,478.0,-1,-1,-1.0
17210,17210,-4896.354757706147,36703.65399522749,430.0,-1,-1,-1.0
17211,17211,-39989.55319647228,4076.8781591408183,302.0,-1,-1,-1.0
17212,17212,27180.69747647138,18116.594297642703,387.0,-1,-1,-1.0
17213,17213,-8185.584246816466,-30091.221614523205,391.0,-1,-1,-1.0
17214,17214,-15562.732459375147,34443.28465419762,159.0,-1,-1,-1.0
17215,17215,35001.97926539935,38254.507177012696,241.0,-1,-1,-1.0
17216,17216,33913.23990094637,-29784.05513564613,438.0,-1,-1,-1.0
17217,17217,14330.711420603278,-10047.703680741495,467.0,-1,-1,-1.0
17218,17218,-7695.53961642912,1872.559897928455,441.0,-1,-1,-1.0
17219,17219,-35165.76227492809,-25791.45271430768,50.0,-1,-1,-1.0
17220,17220,27932.355099688604,5863.536083352352,439.0,-1,-1,-1.0
17221,17221,-5268.941450856568,-20180.22142281331,148.0,-1,7,-1.0
17222,17222,15373.169030471,-7064.425687743344,159.0,-1,-1,-1.0
17223,17223,14209.052143691411,16564.467410974023,208.0,-1,-1,-1.0
17224,17224,35567.57988640337,-25893.95109773017,457.0,-1,45,51.0
17225,17225,25514.445753305736,38668.889095041,332.0,-1,30,-1.0
17226,17226,-13392.602503415434,-33099.57227644885,294.0,-1,-1,-1.0
17227,17227,12644.47441175417,-15115.641758559172,241.0,-1,-1,-1.0
17228,17228,497.22831518730527,-25355.956362156125,41.0,-1,-1,-1.0
17229,17229,36834.5010276238,2828.2016587249163,18.0,-1,28,-1.0
17230,17230,-35864.83087742439,-36673.639616361135,290.0,-1,19,-1.0
17231,17231,6330.244468059245,34386.64418814506,79.0,-1,-1,-1.0
17232,17232,29687.38145810514,-13335.690239101645,110.0,-1,45,52.0
17233,17233,-29417.73698763921,11178.454256219911,161.0,-1,-1,-1.0
17234,17234,-17346.25449518684,-15780.758122152136,457.0,-1,-1,-1.0
17235,17235,10194.788545085505,-37552.92357697101,277.0,-1,-1,-1.0
17236,17236,18475.90234302527,-27310.68421867452,395.0,-1,3,-1.0
17237,17237,37673.875212986415,22488.31241046459,425.0,-1,-1,-1.0
17238,17238,-28843.7643842103,-18373.91335043136,211.0,-1,-1,-1.0
17239,17239,29337.34413495571,28680.667705243744,405.0,-1,-1,-1.0
17240,17240,-29340.05240459925,27607.588500357888,296.0,-1,-1,-1.0
17241,17241,35869.79362875452,-16628.89171638474,493.0,-1,-1,-1.0
17242,17242,15029.38163834183,-26556.256739271448,123.0,-1,3,-1.0
17243,17243,-6778.178990496643,-31465.09859165742,370.0,-1,-1,-1.0
17244,17244,2989.3327683381794,-39225.0389603076,366.0,-1,-1,-1.0
17245,17245,-35639.54698104591,-26444.943659532364,326.0,-1,-1,-1.0
17246,17246,30692.484996331918,6007.3199351758085,88.0,-1,-1,-1.0
17247,17247,-14820.041598671196,14215.837527238577,374.0,-1,-1,-1.0
17248,17248,-28755.974915399696,-18946.88856156889,85.0,-1,-1,-1.0
17249,17249,-12135.910729666426,-35552.2596166937,254.0,-1,36,-1.0
17250,17250,-9301.601123626398,-29889.08079177348,464.0,-1,-1,-1.0
17251,17251,-12676.87402175368,32390.854701129138,147.0,-1,48,-1.0
17252,17252,-30746.934092635653,-8590.131537081128,252.0,19,41,47.0
17253,17253,-30640.38998668651,-8525.26492505056,253.0,19,41,47.0
17254,17254,-30766.64563070704,-8479.62776028615,253.0,19,41,47.0
17255,17255,-30663.260534910245,-8407.631645406549,259.0,19,41,47.0
17256,17256,-30569.99238465646,-8329.356904103955,260.0,19,41,47.0
17257,17257,-30615.99356791285,-8323.35265690621,260.0,19,41,47.0
17258,17258,-30540.985509631388,-8270.825577678877,261.0,19,41,47.0
17259,17259,-30441.01783901494,-8219.407898325308,262.0,19,41,47.0
17260,17260,-30423.66852684553,-8235.10855530682,262.0,19,41,47.0
17261,17261,-30331.394225527827,-8203.746985416981,263.0,19,41,47.0
17262,17262,-30499.828752803856,-8147.83018591935,263.0,19,41,47.0
17263,17263,-30423.535483761785,-8059.432029315846,264.0,19,41,47.0
17264,17264,-30294.530760002952,-8075.602106479073,265.0,19,41,47.0
17265,17265,-30365.43111459497,-7977.703195860979,265.0,19,41,47.0
17266,17266,-30266.940910811867,-7961.31531327898,266.0,19,41,47.0
17267,17267,-30199.03504178313,-7853.980918174818,267.0,19,41,47.0
17268,17268,-30290.03147557066,-7828.425403532398,267.0,19,41,47.0
17269,17269,-30220.525940272688,-7853.589157400587,267.0,19,41,47.0
17270,17270,-30184.37258891945,-7716.714226384679,269.0,19,41,47.0
17271,17271,-30186.58259989386,-7748.384619337016,269.0,19,41,47.0
17272,17272,-30166.59083620256,-7625.635286165556,271.0,19,41,47.0
17273,17273,-30130.00032515228,-7668.358347519488,271.0,19,41,47.0
17274,17274,-30156.90914996669,-7660.970864681178,271.0,19,41,47.0
17275,17275,-30135.859851457848,-7543.359709545944,273.0,19,41,47.0
17276,17276,-30100.971500613112,-7468.490512539978,274.0,19,41,47.0
17277,17277,-30078.86722505059,-7482.758880371405,274.0,19,41,47.0
17278,17278,-30092.481807000386,-7636.022452435843,274.0,19,41,47.0
17279,17279,-30061.00644274581,-7451.757577308372,276.0,19,41,47.0
17280,17280,-30004.141730329884,-7385.795681737141,277.0,19,41,47.0
17281,17281,-29994.97961662929,-7377.954164251097,277.0,19,41,47.0
17282,17282,-30037.764733071534,-7244.394857276218,278.0,19,41,47.0
17283,17283,-29978.448345542936,-7159.700946022329,282.0,19,41,47.0
17284,17284,-29982.64591384863,-7086.915481577055,284.0,19,41,47.0
17285,17285,-29902.026084452504,-7069.25315791686,284.0,19,41,47.0
17286,17286,-30014.16380687284,-6985.979306189254,285.0,19,41,47.0
17287,17287,-30025.784154947447,-7008.761548458264,285.0,19,41,47.0
17288,17288,-29859.29781991721,-7040.6526636664585,285.0,19,41,47.0
17289,17289,-29932.046603823896,-6892.238653366965,286.0,19,41,47.0
17290,17290,-29933.2651151854,-6949.279448235188,286.0,19,41,47.0
17291,17291,-29922.36589876709,-6820.218054992589,289.0,19,41,47.0
17292,17292,-29857.391439812996,-6840.687407649994,289.0,19,41,47.0
17293,17293,-29934.505162889687,-6825.441500672234,289.0,19,41,47.0
17294,17294,-29873.375808713197,-6716.457327224065,290.0,19,41,47.0
17295,17295,-29923.017950175323,-6713.494947822248,290.0,19,41,47.0
17296,17296,-29902.59307815377,-6638.4609164067015,292.0,19,41,47.0
17297,17297,-29884.911445587444,-6510.429096067091,297.0,19,41,47.0
17298,17298,-29792.14927088978,-6625.598842564406,297.0,19,41,47.0
17299,17299,-29715.43350782579,-6592.383840870694,299.0,19,41,47.0
17300,17300,-29714.653637842704,-6507.30375874598,301.0,19,41,47.0
17301,17301,-29733.95265560597,-6417.627404545196,302.0,19,41,47.0
17302,17302,-29650.845100078648,-6422.73166054941,302.0,19,41,47.0
17303,17303,-29625.05372957668,-6440.773472634028,302.0,19,41,47.0
17304,17304,-29721.522776379843,-6418.956904302962,302.0,19,41,47.0
17305,17305,-29601.537060148945,-6366.679945161223,303.0,19,41,47.0
17306,17306,-29513.74279449369,-6298.845165833949,305.0,19,41,47.0
17307,17307,-29416.14720747946,-6274.213687872529,306.0,19,41,47.0
17308,17308,-29438.30116842026,-6148.979857039782,308.0,19,41,47.0
17309,17309,-29475.090524944848,-6210.629348861098,308.0,19,41,47.0
17310,17310,-29480.517191417974,-6089.484159566985,309.0,19,41,47.0
17311,17311,-29515.04815569565,-6092.752064406863,309.0,19,41,47.0
17312,17312,-29487.530163583742,-6006.007165030061,310.0,19,41,47.0
17313,17313,-29489.753101890776,-5947.579971822251,311.0,19,41,47.0
17314,17314,-29560.426667493888,-5864.326960041284,312.0,19,41,47.0
17315,17315,-29486.53327304742,-5835.431587044802,312.0,19,41,47.0
17316,17316,-29468.913638080438,-5778.979126045188,315.0,19,41,47.0
17317,17317,-29607.60125782842,-5757.817336232154,315.0,19,41,47.0
17318,17318,-29494.989663608518,-5673.239833840801,316.0,19,41,47.0
17319,17319,-29485.028091473592,-5692.232662711816,316.0,19,41,47.0
17320,17320,-29498.83988418932,-5611.41714046874,317.0,19,41,47.0
17321,17321,-29505.7169487321,-5514.548580218014,318.0,19,41,47.0
17322,17322,-29410.52182677652,-5667.168494990641,318.0,19,41,47.0
17323,17323,-29357.78898819168,-5486.847968436132,319.0,19,41,47.0
17324,17324,-29319.42255632484,-5364.972122906466,320.0,19,41,47.0
17325,17325,-29312.88220329634,-5422.702059599198,320.0,19,41,47.0
17326,17326,-29216.977927391254,-5328.213979498017,321.0,19,41,47.0
17327,17327,-29293.62516056168,-5392.280727666826,322.0,19,41,47.0
17328,17328,-29321.91376242069,-5328.184458307989,323.0,19,41,47.0
17329,17329,-29248.44748957259,-5333.3467612152335,323.0,19,41,47.0
17330,17330,-29177.88487303183,-5234.168611206618,324.0,19,41,47.0
17331,17331,-29103.837454741435,-5184.84545569917,325.0,19,41,47.0
17332,17332,-28997.99485628592,-5094.410162476893,327.0,19,41,47.0
17333,17333,-29010.253121585425,-5174.7051942848175,327.0,19,41,47.0
17334,17334,-28991.71728007571,-5045.370245498182,329.0,19,41,47.0
17335,17335,-28983.95799582606,-5044.910601971375,329.0,19,41,47.0
17336,17336,-28970.16959502708,-5056.322936579512,329.0,19,41,47.0
17337,17337,-28951.66659877385,-4977.386994061399,331.0,19,41,47.0
17338,17338,-28932.47902357457,-4951.486568909945,331.0,19,41,47.0
17339,17339,-28852.33676442181,-4947.734903126266,332.0,19,41,47.0
17340,17340,-28765.598430909744,-4883.757463443153,333.0,19,41,47.0
17341,17341,-28647.46395026494,-4869.763220779909,334.0,19,41,47.0
17342,17342,-28774.767442311597,-4790.62548265413,334.0,19,41,47.0
17343,17343,-28653.40105593115,-4759.628064260976,335.0,19,41,47.0
17344,17344,-28653.25954924508,-4670.035379362493,336.0,19,41,47.0
17345,17345,-28573.219069507,-4662.617534162452,336.0,19,41,47.0
17346,17346,-28537.710554972145,-4638.536325610006,337.0,19,41,47.0
17347,17347,-28441.990450569207,-4637.070691701775,338.0,19,41,47.0
17348,17348,-28466.140329301936,-4575.08570215986,338.0,19,41,47.0
17349,17349,-28376.310960336345,-4527.707188739695,340.0,19,41,47.0
17350,17350,-28587.66759851328,-4589.009173880059,340.0,19,41,47.0
17351,17351,-28363.13263246505,-4464.760873675145,341.0,19,41,47.0
17352,17352,-28325.900772887555,-4382.560127813685,346.0,19,41,47.0
17353,17353,-28285.87947932869,-4483.8408386467545,346.0,19,41,47.0
17354,17354,-28285.26622993851,-4327.754237044722,348.0,19,41,47.0
17355,17355,-28237.93851824515,-4196.04196043934,351.0,19,41,47.0
17356,17356,-28297.83492165881,-4261.131461314545,351.0,19,41,47.0
17357,17357,-28138.9529685647,-4148.498621034518,352.0,19,41,47.0
17358,17358,-28300.702458984248,-4171.786880958706,352.0,19,41,47.0
17359,17359,-28203.281443638964,-4123.271076968476,352.0,19,41,47.0
17360,17360,-28219.987099555863,-4170.944439345296,352.0,19,41,47.0
17361,17361,-28239.667216516675,-4154.929078994552,352.0,19,41,47.0
17362,17362,-28149.09851096527,-4122.690000892463,353.0,19,41,47.0
17363,17363,-28160.11368482893,-4152.240248484645,353.0,19,41,47.0
17364,17364,-28185.444874116736,-4005.8099561623535,354.0,19,41,47.0
17365,17365,-28107.901085584985,-3892.7830568418826,355.0,19,41,47.0
17366,17366,-28178.44393281171,-3871.530913698767,355.0,19,41,47.0
17367,17367,-28079.135572542324,-3764.536100485556,356.0,19,41,47.0
17368,17368,-28114.80197113143,-3794.5247748798265,356.0,19,41,47.0
17369,17369,-28059.115582063183,-3836.96985276344,356.0,19,41,47.0
17370,17370,-28060.709406934984,-3711.143136746313,358.0,19,41,47.0
17371,17371,-28048.684588016305,-3639.351190650299,361.0,19,41,47.0
17372,17372,-27952.31596488394,-3752.563527129033,361.0,19,41,47.0
17373,17373,-27950.36353679226,-3600.6869421095075,362.0,19,41,47.0
17374,17374,-27988.691686716826,-3620.511248566948,362.0,19,41,47.0
17375,17375,-27950.01966228868,-3590.4723174371084,362.0,19,41,47.0
17376,17376,-27989.84079802099,-3495.2299392568543,365.0,19,41,47.0
17377,17377,-28024.845355023204,-3371.8285663804454,366.0,19,41,47.0
17378,17378,-28006.45265360816,-3271.492042854927,367.0,19,41,47.0
17379,17379,-28002.734382084094,-3179.8158182372395,368.0,19,41,47.0
17380,17380,-28050.014147069123,-3195.7582855497267,368.0,19,41,47.0
17381,17381,-28027.37592842557,-3073.7397586266147,370.0,19,41,47.0
17382,17382,-28040.67265090741,-2960.470034418043,371.0,19,41,47.0
17383,17383,-28081.26233477744,-2860.5283951858714,372.0,19,41,47.0
17384,17384,-27950.94483112628,-2854.162121028349,373.0,19,41,47.0
17385,17385,-27959.218600817727,-2769.819488255788,374.0,19,41,47.0
17386,17386,-28030.77929208845,-2707.492335315166,375.0,19,41,47.0
17387,17387,-28077.97593055268,-2602.669583575931,376.0,19,41,47.0
17388,17388,-28145.844982377253,-2511.0901984390903,377.0,19,41,47.0
17389,17389,-27994.762390840067,-2556.838798010569,377.0,19,41,47.0
17390,17390,-28007.641824197264,-2520.422548479196,377.0,19,41,47.0
17391,17391,-27980.88308096965,-2526.1393628067426,377.0,19,41,47.0
17392,17392,-27993.02591368828,-2556.4930975186057,377.0,19,41,47.0
17393,17393,-28030.52829172419,-2517.591250487086,377.0,19,41,47.0
17394,17394,-27935.433922007807,-2568.909468336214,379.0,19,41,47.0
17395,17395,-27981.48690701209,-2438.449948611895,380.0,19,41,47.0
17396,17396,-27969.238907933508,-2362.4562493250987,383.0,19,41,47.0
17397,17397,-27989.562053312857,-2307.104903216538,384.0,19,41,47.0
17398,17398,-27978.99290111251,-2248.6499553748204,385.0,19,41,47.0
17399,17399,-27939.41002941529,-2228.643177232476,385.0,19,41,47.0
17400,17400,-27935.13328721275,-2224.90044603471,385.0,19,41,47.0
17401,17401,-27886.40640420876,-2164.4399876218235,386.0,19,41,47.0
17402,17402,-28038.74555861946,-2135.9736148182333,386.0,19,41,47.0
17403,17403,-27990.43821545991,-2059.43410670576,387.0,19,41,47.0
17404,17404,-27927.05224033929,-2054.9530082399237,387.0,19,41,47.0
17405,17405,-27878.22640089218,-2104.1543679919782,388.0,19,41,47.0
17406,17406,-27819.39219415197,-2026.294402544134,389.0,19,41,47.0
17407,17407,-27807.253461247004,-1934.2821439319227,391.0,19,41,47.0
17408,17408,-27722.779363978323,-1974.9131775577232,391.0,19,41,47.0
17409,17409,-27745.978203301056,-2052.4854642766177,391.0,19,41,47.0
17410,17410,-27649.292447328506,-1989.620236808018,393.0,19,41,47.0
17411,17411,-27667.462288809034,-1959.4510844406616,393.0,19,41,47.0
17412,17412,-27615.884458923425,-1843.1263681843857,394.0,19,41,47.0
17413,17413,-27703.699984704712,-1864.044221394356,394.0,19,41,47.0
17414,17414,-27734.298501056302,-1934.3002687985368,394.0,19,41,47.0
17415,17415,-27566.7968982375,-1820.8868115392013,396.0,19,41,47.0
17416,17416,-27479.759043353544,-1844.4652567837225,399.0,19,41,47.0
17417,17417,-27371.656419565257,-1811.930678803636,400.0,19,41,47.0
17418,17418,-27332.23795867086,-1705.687857540888,401.0,19,41,47.0
17419,17419,-27314.188701895862,-1793.4302573049936,401.0,19,41,47.0
17420,17420,-27304.878835982432,-1751.3171523649612,401.0,19,41,47.0
17421,17421,-27466.221254512624,-1716.31383327637,401.0,19,41,47.0
17422,17422,-27268.653097767,-1731.8405906710568,402.0,19,41,47.0
17423,17423,-27227.038667694014,-1643.76892358279,403.0,19,41,47.0
17424,17424,-27243.31634624677,-1673.00783160236,403.0,19,41,47.0
17425,17425,-27200.28313681747,-1567.3296726658043,404.0,19,41,47.0
17426,17426,-27166.419025059597,-1600.8494412083155,404.0,19,41,47.0
17427,17427,-27183.150202438323,-1682.095975594923,404.0,19,41,47.0
17428,17428,-27082.528071399305,-1629.5959301105815,405.0,19,41,47.0
17429,17429,-27018.41582048676,-1523.7662344706375,407.0,19,41,47.0
17430,17430,-26970.149763626858,-1581.5578227759731,407.0,19,41,47.0
17431,17431,-26923.16583486828,-1447.5781205939052,408.0,19,41,47.0
17432,17432,-27049.680098722973,-1444.997524714469,408.0,19,41,47.0
17433,17433,-26946.99124568301,-1342.8944457857658,411.0,19,41,47.0
17434,17434,-26903.439288055502,-1365.0065860081709,411.0,19,41,47.0
17435,17435,-27008.876160112173,-1276.9761123346393,414.0,19,41,47.0
17436,17436,-26880.60633181288,-1248.8805329970226,414.0,19,41,47.0
17437,17437,-26821.24218851902,-1283.8994974204145,414.0,19,41,47.0
17438,17438,-26842.19594609785,-1185.1332304642629,416.0,19,41,47.0
17439,17439,-26734.659138401392,-1136.2447723332623,421.0,19,41,47.0
17440,17440,-26651.755311280074,-1064.3836554760178,422.0,19,41,47.0
17441,17441,-26738.37428645625,-1023.4830110543288,423.0,19,41,47.0
17442,17442,-26695.384313912564,-973.6309851852172,423.0,19,41,47.0
17443,17443,-26787.395543693096,-961.2715434334888,424.0,19,41,47.0
17444,17444,-26637.316189015222,-917.8124051854112,424.0,19,41,47.0
17445,17445,-26776.385769311328,-906.3595535803546,425.0,19,41,47.0
17446,17446,-26846.35766303112,-822.8625933739446,428.0,19,41,47.0
17447,17447,-26805.76636878226,-756.4562000730157,430.0,19,41,47.0
17448,17448,-26879.949131856025,-692.4658271095734,431.0,19,41,47.0
17449,17449,-26826.76870145677,-645.3532326358586,433.0,19,41,47.0
17450,17450,-26776.050817409363,-590.7312959621074,434.0,19,41,47.0
17451,17451,-26834.999014834917,-557.0923211621026,434.0,19,41,47.0
17452,17452,-26842.998611119103,-490.2848624307821,435.0,19,41,47.0
17453,17453,-26773.62793538375,-483.031491800166,435.0,19,41,47.0
17454,17454,-26752.62667587677,-414.4625036054989,436.0,19,41,47.0
17455,17455,-26697.215802152357,-353.6402883031267,437.0,19,41,47.0
17456,17456,-26676.09389964039,-435.9403585522163,437.0,19,41,47.0
17457,17457,-26659.046181143414,-308.712142432835,437.0,19,41,47.0
17458,17458,-26569.452881795773,-358.35510046037706,438.0,19,41,47.0
17459,17459,-26588.17622350613,-338.4200914615064,438.0,19,41,47.0
17460,17460,-26563.451007764936,-266.2344227709028,439.0,19,41,47.0
17461,17461,-26459.99952951512,-252.27395777508767,441.0,19,41,47.0
17462,17462,-26457.219544709307,-169.3507674386585,443.0,19,41,47.0
17463,17463,-26409.959496278632,-143.27317671485076,443.0,19,41,47.0
17464,17464,-26415.329518206054,-81.07107586472235,444.0,19,41,47.0
17465,17465,-26356.885721321512,-120.1476180935131,444.0,19,41,47.0
17466,17466,-26481.63212607025,-51.276142936018985,444.0,19,41,47.0
17467,17467,-26343.260764028964,-33.179832127376265,446.0,19,41,47.0
17468,17468,-26335.15742929781,82.67658584084023,447.0,19,41,47.0
17469,17469,-26283.208056656164,62.50976227290197,447.0,19,41,47.0
17470,17470,-26236.658661738256,120.79589435456836,448.0,19,41,47.0
17471,17471,-26226.571600826544,129.3757685962832,448.0,19,41,47.0
17472,17472,-26195.97279362629,213.43508635246096,452.0,19,41,47.0
17473,17473,-26170.88135876444,246.28688046392023,452.0,19,41,47.0
17474,17474,-26190.81504474873,345.0962845104653,453.0,19,41,47.0
17475,17475,-26078.944291444343,224.1857925241172,453.0,19,41,47.0
17476,17476,-26069.481068695728,293.36772325395174,458.0,19,41,47.0
17477,17477,-26034.02713879411,329.97634357693283,458.0,19,41,47.0
17478,17478,-26054.0180119493,419.661424094089,460.0,19,41,47.0
17479,17479,-25975.5498093461,509.2826409607195,461.0,19,41,47.0
17480,17480,-26049.955974787204,515.7976708337037,461.0,19,41,47.0
17481,17481,-25964.448193340177,601.833843122601,462.0,19,41,47.0
17482,17482,-25904.485470612784,532.3829832928479,462.0,19,41,47.0
17483,17483,-26063.447923404397,569.7217197560446,462.0,19,41,47.0
17484,17484,-25949.581943852925,576.9300993054679,462.0,19,41,47.0
17485,17485,-26075.82239254543,621.0573483533119,463.0,19,41,47.0
17486,17486,-25964.63451342453,658.256491221128,463.0,19,41,47.0
17487,17487,-25937.391903766365,726.3237816892228,464.0,19,41,47.0
17488,17488,-26011.16518140941,724.8456249918821,464.0,19,41,47.0
17489,17489,-26000.72647681186,798.599185746541,465.0,19,41,47.0
17490,17490,-25988.01833923161,849.8444863801855,467.0,19,41,47.0
17491,17491,-25895.906612564548,906.4258306309994,469.0,19,41,47.0
17492,17492,-25922.96033981011,883.219107067142,469.0,19,41,47.0
17493,17493,-25921.15141818975,943.2141854677716,470.0,19,41,47.0
17494,17494,-25934.95078192564,1044.2567380060302,471.0,19,41,47.0
17495,17495,-25854.15406641358,1122.5213191448472,474.0,19,41,47.0
17496,17496,-25815.878856716798,1208.5601426241003,476.0,19,41,47.0
17497,17497,-25936.584585747023,1215.860526366284,476.0,19,41,47.0
17498,17498,-23570.86454317616,6061.042537864123,144.0,-1,-1,-1.0
17499,17499,7265.780434287102,-14500.93556283268,171.0,-1,31,-1.0
17500,17500,-4007.291481238921,-24083.953972604944,422.0,-1,25,-1.0
17501,17501,-8013.0406134435,34660.864632642784,275.0,-1,-1,-1.0
17502,17502,12359.386191718651,12557.333022348554,205.0,-1,-1,-1.0
17503,17503,34191.33226578293,-17911.46772201132,434.0,-1,-1,-1.0
17504,17504,14261.217018714378,-26747.39964752341,134.0,-1,3,-1.0
17505,17505,-13553.078994441865,-36600.36694863378,469.0,-1,36,-1.0
17506,17506,-20142.129320972763,-12435.51467822061,70.0,-1,-1,-1.0
17507,17507,10944.980293442984,-24967.11162765489,405.0,-1,-1,-1.0
17508,17508,-8850.53530275412,-8274.773838203666,96.0,-1,31,-1.0
17509,17509,-16793.58820680827,-27531.361616441493,281.0,-1,36,-1.0
17510,17510,36208.5798865759,-25526.43389674057,361.0,-1,-1,-1.0
17511,17511,-6030.2812240677085,-22582.544748701297,392.0,-1,-1,-1.0
17512,17512,-10024.626350965224,7215.655268705326,453.0,-1,-1,-1.0
17513,17513,-16181.99406792155,-9642.382125626733,494.0,-1,43,-1.0
17514,17514,17442.52175553202,7192.271013402533,50.0,-1,2,-1.0
17515,17515,-7604.04926318385,-9116.636470315723,364.0,-1,31,-1.0
17516,17516,-8787.738731283676,-26234.0928348915,404.0,-1,-1,-1.0
17517,17517,33063.44598870103,2766.7231532352744,82.0,-1,-1,-1.0
17518,17518,-1.122710236129933,-26421.077760928976,405.0,-1,25,-1.0
17519,17519,20470.289611718043,39576.82004511554,245.0,-1,-1,-1.0
17520,17520,-22314.88149586736,-1416.8212676789335,222.0,-1,-1,-1.0
17521,17521,26092.31452195115,-25884.00170517628,286.0,-1,45,-1.0
17522,17522,39919.869457799694,-31298.61519103584,488.0,-1,-1,-1.0
17523,17523,-3705.4588214644536,-3753.761094678739,361.0,-1,-1,-1.0
17524,17524,26025.502517611152,37905.801239007385,291.0,-1,30,-1.0
17525,17525,-2486.4792029022647,-10403.16073499887,61.0,-1,31,-1.0
17526,17526,-17744.453665167555,8385.145988726756,377.0,-1,26,-1.0
17527,17527,36821.47516479042,7375.516933625127,385.0,-1,28,-1.0
17528,17528,-27145.522930864678,5205.458320798767,448.0,-1,-1,-1.0
17529,17529,31820.81530847616,35157.88702314267,194.0,-1,-1,-1.0
17530,17530,1607.2828063501074,13253.41437273746,106.0,-1,-1,-1.0
17531,17531,6933.451833524778,-18526.48558869526,126.0,-1,-1,-1.0
17532,17532,39017.04357490888,21709.646686095766,405.0,-1,-1,-1.0
17533,17533,-19576.741062828936,26648.698500807004,295.0,-1,48,-1.0
17534,17534,4589.597991707589,-22245.532543528618,395.0,-1,31,-1.0
17535,17535,-15445.249219067797,10057.911051068955,280.0,-1,-1,-1.0
17536,17536,-28775.76660935773,-39642.05627660208,365.0,-1,-1,-1.0
17537,17537,-10188.352266611666,-35103.50857559156,464.0,-1,-1,-1.0
17538,17538,10764.980326392906,-37241.614641284985,314.0,-1,-1,-1.0
17539,17539,-21053.307587595595,-14088.863149447334,484.0,-1,-1,-1.0
17540,17540,1543.5756094670796,-5386.665338529194,4.0,-1,-1,-1.0
17541,17541,36488.76839371999,-22894.951335750047,94.0,-1,-1,-1.0
17542,17542,24314.708659433032,9361.427957530655,105.0,-1,15,-1.0
17543,17543,-3621.857636184948,26051.80918579,368.0,-1,-1,-1.0
17544,17544,29527.13515510934,36826.44051809628,283.0,-1,11,-1.0
17545,17545,10828.99191525147,-38006.33228390127,43.0,-1,-1,-1.0
17546,17546,32186.43140346564,-27624.42228297095,464.0,-1,-1,-1.0
17547,17547,-18188.52691199341,34389.40374026951,345.0,-1,-1,-1.0
17548,17548,-1442.7160171426513,-25878.416249664464,207.0,-1,25,-1.0
17549,17549,-9857.635531484768,-5285.989331959674,250.0,-1,-1,-1.0
17550,17550,16735.16461895706,-28295.663303972306,371.0,-1,-1,-1.0
17551,17551,-9918.095567612903,21139.189563656237,459.0,-1,-1,-1.0
17552,17552,31068.329448514807,-21101.658707571318,492.0,-1,45,-1.0
17553,17553,38913.946649084726,10149.448278732198,365.0,-1,-1,-1.0
17554,17554,-24591.692542175024,-20282.67160390829,271.0,-1,-1,-1.0
17555,17555,-12425.308082158208,-29621.076702641734,362.0,-1,17,-1.0
17556,17556,29553.29625726132,1066.5720174619782,405.0,-1,-1,-1.0
17557,17557,-22151.682122665992,30662.017874744764,232.0,-1,-1,-1.0
17558,17558,27190.179837594114,-14882.511203086066,296.0,-1,45,-1.0
17559,17559,19931.488284210187,28316.037895939862,276.0,-1,30,-1.0
17560,17560,24058.57381161773,-2922.831295067219,310.0,-1,-1,-1.0
17561,17561,9722.253125444826,13142.553048340204,450.0,-1,-1,-1.0
17562,17562,31631.569949296827,-13356.463117211932,310.0,-1,-1,-1.0
17563,17563,-21873.23183111565,4188.255565053776,286.0,-1,-1,-1.0
17564,17564,-16889.619862712912,-15186.962218695957,92.0,-1,-1,-1.0
17565,17565,12143.97220687833,-33018.47297016361,276.0,-1,-1,-1.0
17566,17566,25155.716417645664,37184.615535624966,6.0,-1,30,-1.0
17567,17567,-37997.149615671085,9243.43916829458,69.0,-1,-1,-1.0
17568,17568,-34500.80105790655,-39005.9817772392,285.0,-1,-1,-1.0
17569,17569,22655.145550166635,24167.82202380433,159.0,-1,18,-1.0
17570,17570,-17407.90862997384,-19594.06127014601,14.0,-1,-1,-1.0
17571,17571,30060.64039213967,-5446.224380912325,20.0,-1,-1,-1.0
17572,17572,6457.788815546213,-11580.053100884092,79.0,-1,-1,-1.0
17573,17573,-19831.524971588427,18470.678492775267,89.0,-1,-1,-1.0
17574,17574,10709.087512878825,25306.56247642261,114.0,-1,-1,-1.0
17575,17575,-2010.4468555043568,-30740.192158487807,393.0,-1,-1,-1.0
17576,17576,35962.23263540711,-3420.363486092123,333.0,-1,-1,-1.0
17577,17577,-38487.89918396915,455.03080159494857,161.0,-1,-1,-1.0
17578,17578,19552.128938680697,-29782.27414241372,289.0,-1,-1,-1.0
17579,17579,5418.782113538982,9503.56231851248,228.0,-1,-1,-1.0
17580,17580,6420.797088863183,-32779.831706135745,399.0,-1,-1,-1.0
17581,17581,12140.796497245494,-34465.304499541824,446.0,-1,4,-1.0
17582,17582,-16850.475790716962,-6720.592525076288,484.0,-1,43,-1.0
17583,17583,2952.1180477286325,-37044.41797885643,260.0,-1,1,-1.0
17584,17584,34237.694502779064,7665.543761826841,33.0,-1,-1,-1.0
17585,17585,-17757.369320591617,-13122.624631737604,357.0,-1,42,-1.0
17586,17586,-37805.217412990765,9983.926454580134,405.0,-1,-1,-1.0
17587,17587,3408.8321115709696,-14819.211420821512,465.0,-1,31,-1.0
17588,17588,8234.655977233007,-11700.580038834429,244.0,-1,-1,-1.0
17589,17589,19365.470083519736,14671.82319526055,151.0,-1,18,-1.0
17590,17590,-34595.12297275368,-27180.547559267237,18.0,-1,-1,-1.0
17591,17591,-15121.985753395802,-11342.310883598846,405.0,-1,-1,-1.0
17592,17592,36302.01550155092,-8959.476540284391,475.0,-1,-1,-1.0
17593,17593,-20280.721021504072,-29086.166397570283,477.0,-1,-1,-1.0
17594,17594,21401.39541977276,9173.645372610628,179.0,-1,16,-1.0
17595,17595,30540.58246022025,35381.725896118936,102.0,-1,-1,-1.0
17596,17596,17579.604937188727,4357.996587264308,453.0,-1,-1,-1.0
17597,17597,10490.092990758749,4313.293660822863,384.0,-1,-1,-1.0
17598,17598,1850.7306808330904,-37725.38408278022,45.0,-1,1,-1.0
17599,17599,-24523.57768503544,-12188.0924857098,400.0,-1,-1,-1.0
17600,17600,26578.450483933357,31563.60759720269,38.0,-1,-1,-1.0
17601,17601,-14629.59418880396,-34488.73218620158,232.0,-1,36,-1.0
17602,17602,16628.681675096508,35052.41941929642,197.0,-1,-1,-1.0
17603,17603,25349.986335857808,-38335.250267789146,31.0,-1,-1,-1.0
17604,17604,-2511.069710587377,39109.14291351676,108.0,-1,48,-1.0
17605,17605,12890.741404778564,-33517.147337583345,13.0,-1,4,-1.0
17606,17606,-7834.260522537483,-35532.70703440209,482.0,-1,35,-1.0
17607,17607,-17284.329349813,-3807.7225094456153,244.0,-1,43,-1.0
17608,17608,-24625.141082011927,-15920.948292361563,338.0,-1,-1,-1.0
17609,17609,25688.150576585787,-4098.126355914348,422.0,-1,-1,-1.0
17610,17610,-9280.472246348583,-11180.351389734004,93.0,-1,31,-1.0
17611,17611,32387.637956791776,30050.249581085533,407.0,-1,10,-1.0
17612,17612,-36753.42513905375,23424.425779928468,40.0,-1,23,-1.0
17613,17613,35146.81406585398,-4817.7984053285545,313.0,-1,-1,-1.0
17614,17614,11424.26346780917,34701.39261863833,24.0,-1,-1,-1.0
17615,17615,-22950.640903826497,11139.184989263747,324.0,-1,40,-1.0
17616,17616,37709.36110742943,-18728.674799619104,309.0,-1,-1,-1.0
17617,17617,-14963.902007783006,10126.130153993778,14.0,-1,-1,-1.0
17618,17618,12440.573134029852,-5372.721503073175,236.0,-1,-1,-1.0
17619,17619,5361.591851730045,37348.79423501407,380.0,-1,-1,-1.0
17620,17620,3432.958064695682,-276.16784802386974,457.0,-1,-1,-1.0
17621,17621,7710.969544441192,29759.552825901235,450.0,-1,48,-1.0
17622,17622,39635.83087788543,20112.18413616027,348.0,-1,-1,-1.0
17623,17623,11785.398145257132,130.3718860838926,250.0,-1,-1,-1.0
17624,17624,6592.324945334738,9560.686243444909,210.0,-1,-1,-1.0
17625,17625,-29089.901858168378,-35002.27903426259,376.0,-1,-1,-1.0
17626,17626,36766.20668213735,29656.34701450821,342.0,-1,-1,-1.0
17627,17627,-14484.50709829128,-28150.054315655623,133.0,-1,-1,-1.0
17628,17628,10843.428323385968,20449.98236879209,400.0,-1,-1,-1.0
17629,17629,-29338.034794801704,1697.0197463507502,186.0,-1,-1,-1.0
17630,17630,37088.18945881551,-14239.090573458856,387.0,-1,-1,-1.0
17631,17631,35669.60207778857,39620.15146617706,207.0,-1,-1,-1.0
17632,17632,-17478.208310710725,36022.73847458232,272.0,-1,-1,-1.0
17633,17633,31893.343894773338,-34851.14676006748,114.0,-1,-1,-1.0
17634,17634,-33710.703382198764,11263.12293410694,435.0,-1,-1,-1.0
17635,17635,-37011.56658204812,22571.161823968905,217.0,-1,-1,-1.0
17636,17636,-1583.644451538472,-587.8085591553463,141.0,-1,22,-1.0
17637,17637,6530.02324967341,33368.408584040706,474.0,-1,47,-1.0
17638,17638,13400.99678200888,-776.7575236991106,433.0,-1,-1,-1.0
17639,17639,17674.50444601036,33975.244404715006,433.0,-1,-1,-1.0
17640,17640,-3839.837084231804,-16779.092077777146,153.0,-1,-1,-1.0
17641,17641,-10246.434065560956,-17402.025668579376,209.0,-1,-1,-1.0
17642,17642,3265.868369693242,-36618.22268201879,139.0,-1,1,-1.0
17643,17643,-36889.17561053426,24870.20968605113,286.0,-1,23,-1.0
17644,17644,17860.716849048506,-875.9220490894368,487.0,-1,-1,-1.0
17645,17645,33177.19319994123,-239.2590165176298,331.0,-1,-1,-1.0
17646,17646,17372.362683140826,-20244.710980120297,253.0,-1,-1,-1.0
17647,17647,-25430.952018974636,-18997.79300876213,158.0,-1,-1,-1.0
17648,17648,23285.5190907398,29277.621199397865,411.0,-1,-1,-1.0
17649,17649,-2751.965752144315,-29269.68993948748,152.0,-1,-1,-1.0
17650,17650,-10822.170803576557,-27448.4211034932,64.0,-1,17,-1.0
17651,17651,19504.553396419506,21419.31824700136,474.0,-1,18,-1.0
17652,17652,7160.405009889902,1610.064101899341,315.0,-1,-1,-1.0
17653,17653,-1013.8210227712916,-26630.99346280342,423.0,-1,25,-1.0
17654,17654,13564.02572331937,-39155.76451475483,476.0,-1,-1,-1.0
17655,17655,-25430.55714790349,-2908.1539180294785,150.0,-1,41,-1.0
17656,17656,18448.47471447649,-18063.980174457112,70.0,-1,-1,-1.0
17657,17657,13957.99796713492,-15804.037715826436,13.0,-1,-1,-1.0
17658,17658,350.1739152440932,8500.350480592839,313.0,-1,27,-1.0
17659,17659,-14765.188038050655,7773.091091108785,265.0,-1,-1,-1.0
17660,17660,5003.79903005399,4073.837391936584,291.0,-1,14,-1.0
17661,17661,35855.8349389855,-4564.696467863527,280.0,-1,-1,-1.0
17662,17662,-9978.352644702132,-28358.14183628649,440.0,-1,-1,-1.0
17663,17663,38447.101610443264,6240.542015745559,92.0,-1,-1,-1.0
17664,17664,877.6757838215563,-7437.099935673286,320.0,-1,31,-1.0
17665,17665,-546.265314101598,6902.610013962199,89.0,-1,27,-1.0
17666,17666,21118.761077082,-38964.42797622493,278.0,-1,-1,-1.0
17667,17667,27756.94836173323,-38843.97030922765,262.0,-1,-1,-1.0
17668,17668,-2239.425173049218,7047.288841303605,22.0,-1,27,-1.0
17669,17669,21419.40321320732,-35254.99892682916,284.0,-1,-1,-1.0
17670,17670,11861.996725792009,3283.466055742494,113.0,-1,-1,-1.0
17671,17671,21230.202632179768,34137.1860528892,331.0,-1,-1,-1.0
17672,17672,-32190.42935197396,20554.922964045298,64.0,-1,40,-1.0
17673,17673,-33665.61562064612,-15364.17179785726,385.0,-1,-1,-1.0
17674,17674,11136.163150595568,29960.35119684752,140.0,-1,-1,-1.0
17675,17675,-25954.786960548157,-18610.634139380807,105.0,-1,-1,-1.0
17676,17676,39707.55624891751,10233.013052735732,125.0,-1,-1,-1.0
17677,17677,17310.288809440142,-39966.8203654816,27.0,-1,-1,-1.0
17678,17678,-9523.994846553032,-31126.557646643952,9.0,-1,-1,-1.0
17679,17679,31327.489605123847,12937.715935465676,295.0,-1,-1,-1.0
17680,17680,12087.600561652269,20557.006913313264,240.0,-1,-1,-1.0
17681,17681,36931.76072123788,1909.3895100857624,168.0,-1,28,-1.0
17682,17682,26967.589993157453,38364.83650903907,181.0,-1,-1,-1.0
17683,17683,30578.245734733893,-19385.588580626,208.0,-1,-1,-1.0
17684,17684,15425.862632721975,-4694.265905007123,350.0,-1,13,-1.0
17685,17685,30011.57368996438,-31431.459505770275,261.0,-1,-1,-1.0
17686,17686,11393.454889810297,20168.062444736388,313.0,-1,-1,-1.0
17687,17687,-22926.68926122028,-23852.66053507237,285.0,-1,-1,-1.0
17688,17688,25035.49830198401,19040.925097158677,102.0,-1,-1,-1.0
17689,17689,27253.90474282806,-32227.053317345897,335.0,-1,-1,-1.0
17690,17690,4914.873271443881,-15217.52776152499,175.0,-1,-1,-1.0
17691,17691,-22001.80087132038,-37588.85126506016,480.0,-1,12,-1.0
17692,17692,-13754.023845763346,37015.24672461019,142.0,-1,-1,-1.0
17693,17693,23578.128513458672,17937.394407921158,394.0,-1,-1,-1.0
17694,17694,-18631.210950484197,-13454.614684333172,262.0,-1,42,48.0
17695,17695,-18135.91322936843,12025.556062628086,203.0,-1,-1,-1.0
17696,17696,-13805.471123829047,-17332.98899482694,371.0,-1,31,-1.0
17697,17697,-19170.24596623792,22974.328549157523,188.0,-1,-1,-1.0
17698,17698,-38842.58704065007,-35213.63931959827,8.0,-1,-1,-1.0
17699,17699,-2815.477635333562,37482.52105242023,443.0,-1,48,-1.0
17700,17700,29967.54314082215,36167.30029786396,233.0,-1,11,-1.0
17701,17701,-29667.12016080833,22477.166333608657,361.0,-1,-1,-1.0
17702,17702,29715.071753921715,-12156.268458752147,192.0,-1,45,-1.0
17703,17703,24393.296639607324,-5552.109846432315,111.0,-1,-1,-1.0
17704,17704,-8333.593516382312,-32549.17891108266,142.0,-1,-1,-1.0
17705,17705,-9028.546147686568,11825.84965031044,482.0,-1,27,-1.0
17706,17706,23718.38099773953,23183.33146985696,427.0,-1,18,-1.0
17707,17707,842.3822204695971,-9601.64360572791,226.0,-1,31,-1.0
17708,17708,10362.843879860258,6778.059462290723,2.0,-1,2,-1.0
17709,17709,33952.925773587966,36129.18920150824,35.0,-1,11,-1.0
17710,17710,-14891.398124961152,4175.552207713874,229.0,-1,26,-1.0
17711,17711,-28216.81789441464,-13908.998325584836,226.0,-1,-1,-1.0
17712,17712,-34334.13638203341,-37326.89251471178,99.0,-1,19,-1.0
17713,17713,-6707.690205229701,16689.22393906369,150.0,-1,-1,-1.0
17714,17714,4778.275897391031,29926.60361523855,454.0,-1,48,-1.0
17715,17715,-39039.66705853185,14109.71569001535,451.0,-1,-1,-1.0
17716,17716,-20037.17144109,23639.265101649165,114.0,-1,-1,-1.0
17717,17717,34431.74012351784,1904.2921917788767,36.0,-1,-1,-1.0
17718,17718,-18252.003012470883,30247.51660366385,480.0,-1,-1,-1.0
17719,17719,12895.98542756284,30885.399158144835,219.0,-1,-1,-1.0
17720,17720,6668.72421110134,-10863.690398367788,461.0,-1,-1,-1.0
17721,17721,-5995.113807726724,-33634.47928998245,169.0,-1,35,-1.0
17722,17722,27470.111845876367,-18336.03514889937,124.0,-1,45,-1.0
17723,17723,-5721.7872550263055,-10423.749935681695,433.0,-1,-1,-1.0
17724,17724,-6604.109575555121,-14399.31921026016,408.0,-1,-1,-1.0
17725,17725,-27825.58015001113,-15699.108254822197,380.0,-1,-1,-1.0
17726,17726,-3146.149669393657,-11876.168899693965,324.0,-1,-1,-1.0
17727,17727,4099.206561212079,-27798.58334447985,5.0,-1,-1,-1.0
17728,17728,-8656.844669365153,27907.92406888175,185.0,-1,-1,-1.0
17729,17729,26205.29141549297,24200.058934014934,151.0,-1,18,-1.0
17730,17730,33576.372689836804,30639.27035995625,476.0,-1,10,-1.0
17731,17731,-14934.132573508636,-16562.736024705388,118.0,-1,-1,-1.0
17732,17732,8488.728910643287,-29995.258234645287,263.0,-1,-1,-1.0
17733,17733,-37537.47678563798,14984.544927629402,352.0,-1,-1,-1.0
17734,17734,33229.80847818774,34491.83855095245,180.0,-1,-1,-1.0
17735,17735,-15449.741534142846,-8233.907938603872,235.0,-1,43,-1.0
17736,17736,36966.70517319531,-12619.271361916402,14.0,-1,-1,-1.0
17737,17737,1833.769327767332,-32003.73867959816,38.0,-1,-1,-1.0
17738,17738,11151.643124338196,-9586.684546724797,15.0,-1,13,-1.0
17739,17739,-27397.915164788225,-2027.2574498987888,465.0,-1,41,-1.0
17740,17740,38215.61317478631,-1625.4828156154836,19.0,-1,-1,-1.0
17741,17741,4402.647821721199,-14555.984984721126,298.0,-1,31,-1.0
17742,17742,-35865.491536167945,7622.957027779572,21.0,-1,24,-1.0
17743,17743,-22012.69653907918,28414.55363846132,321.0,-1,-1,-1.0
17744,17744,34407.42707392239,32388.057757729068,479.0,-1,-1,-1.0
17745,17745,-28871.377714102146,17826.656744332264,285.0,-1,40,-1.0
17746,17746,14936.469916256296,-4995.799468977726,434.0,-1,13,-1.0
17747,17747,-4383.480944346622,4664.66242014504,315.0,-1,27,-1.0
17748,17748,-6681.696506789383,-3620.821836848685,340.0,-1,31,-1.0
17749,17749,-7073.554375275315,33541.773578804685,465.0,-1,-1,-1.0
17750,17750,19364.84009516346,-9577.650972996842,458.0,-1,44,-1.0
17751,17751,37019.36705229744,-26423.77142237997,240.0,-1,-1,-1.0
17752,17752,-4038.688757334276,-13214.155228424172,137.0,-1,31,-1.0
17753,17753,-36218.689287058056,36743.74335138363,62.0,-1,5,6.0
17754,17754,-17776.733963171686,-19675.95210990975,66.0,-1,-1,-1.0
17755,17755,-36363.42625927708,39139.74716589344,19.0,-1,-1,-1.0
17756,17756,29883.37750800363,33076.0429950074,329.0,-1,-1,-1.0
17757,17757,-13259.706463102408,-15352.171397406168,149.0,-1,-1,-1.0
17758,17758,35954.66664946092,25282.258388975315,130.0,-1,-1,-1.0
17759,17759,38082.015567065726,-23129.82325599683,438.0,-1,-1,-1.0
17760,17760,-3140.2830296477114,20162.661497722,192.0,-1,-1,-1.0
17761,17761,-37288.7190168984,-8598.36146616967,459.0,-1,32,38.0
17762,17762,-21936.082449866663,4378.543052012959,39.0,-1,-1,-1.0
17763,17763,34693.682371277406,15266.158452255431,15.0,-1,28,32.0
17764,17764,-26141.200483353143,26199.598949921277,360.0,-1,-1,-1.0
17765,17765,-22641.332915900064,29372.3321454992,224.0,-1,-1,-1.0
17766,17766,-14980.100375678172,-29951.423624513416,105.0,-1,-1,-1.0
17767,17767,6451.622861919881,11902.537469203962,187.0,-1,8,-1.0
17768,17768,-6285.8822250339945,10149.824315116864,41.0,-1,27,-1.0
17769,17769,-29628.84302507543,17810.072052497548,217.0,-1,40,-1.0
17770,17770,-4714.873076634387,39106.8752964099,399.0,-1,-1,-1.0
17771,17771,23215.67684144462,-18268.568708905164,392.0,-1,-1,-1.0
17772,17772,35057.22350725306,13680.731970999625,484.0,-1,28,-1.0
17773,17773,32874.195693305315,7644.657168796439,37.0,-1,-1,-1.0
17774,17774,4354.55494546899,25118.81214956444,43.0,-1,48,-1.0
17775,17775,9463.847933113298,30727.45632926462,340.0,-1,-1,-1.0
17776,17776,-27109.21345647674,31585.56363039519,314.0,-1,-1,-1.0
17777,17777,-21243.436293964103,-17677.863426998818,261.0,-1,42,-1.0
17778,17778,-28836.15520701822,26866.166277497832,230.0,-1,-1,-1.0
17779,17779,25305.83184230695,2820.770610367173,142.0,-1,-1,-1.0
17780,17780,8936.503579574186,-14659.053666978652,110.0,-1,-1,-1.0
17781,17781,36300.0143620483,2513.917344496622,140.0,-1,28,-1.0
17782,17782,20919.23964573276,15896.906582319709,102.0,-1,18,-1.0
17783,17783,-1218.6187662272278,-16666.992778964395,11.0,-1,31,-1.0
17784,17784,-38987.81744783075,-1529.5787409083568,276.0,-1,-1,-1.0
17785,17785,14086.44578547906,-723.735616380487,291.0,-1,-1,-1.0
17786,17786,-3879.518761269304,22600.462773510728,89.0,-1,-1,-1.0
17787,17787,-15647.878184966065,-27969.27516948738,217.0,-1,-1,-1.0
17788,17788,33202.80098707191,10468.139219529912,172.0,-1,-1,-1.0
17789,17789,-39140.724908199234,-19842.659643806808,68.0,-1,0,-1.0
17790,17790,5849.859100825815,-13171.027644208032,131.0,-1,31,-1.0
17791,17791,13882.63547618765,37826.66660216608,16.0,-1,-1,-1.0
17792,17792,-22949.62986358148,-6068.351008378122,334.0,-1,-1,-1.0
17793,17793,-15356.680482870262,23960.16549804955,292.0,-1,-1,-1.0
17794,17794,4461.506453453694,-9504.99085504406,126.0,-1,31,-1.0
17795,17795,-33720.50900676854,-28505.46325080649,380.0,-1,-1,-1.0
17796,17796,30384.587735348017,-3752.527360175365,278.0,-1,-1,-1.0
17797,17797,-20361.74149428228,33145.82727547508,477.0,-1,-1,-1.0
17798,17798,14807.761286677249,21083.964697751457,3.0,-1,-1,-1.0
17799,17799,1283.6884918629294,-25699.6258563846,205.0,-1,25,-1.0
17800,17800,14029.162407331867,-5749.467107359553,406.0,-1,13,-1.0
17801,17801,15744.49308331115,12084.464800313464,466.0,-1,-1,-1.0
17802,17802,18956.8063031268,34680.5219349526,346.0,-1,-1,-1.0
17803,17803,18439.00668217552,32684.18100993648,237.0,-1,-1,-1.0
17804,17804,-38676.82135307408,-401.4081944200734,408.0,-1,-1,-1.0
17805,17805,-1167.63108824574,-38518.28048748915,469.0,-1,-1,-1.0
17806,17806,1686.4452939506882,29247.680624452754,445.0,-1,-1,-1.0
17807,17807,-17438.602765850523,-11983.640972005727,189.0,-1,-1,-1.0
17808,17808,36388.66289398303,-30531.49442166964,152.0,-1,-1,-1.0
17809,17809,39957.34694227227,-29651.643247628563,494.0,-1,-1,-1.0
17810,17810,23475.157801451365,-23319.286959079775,240.0,-1,-1,-1.0
17811,17811,32579.91900330482,-6014.995828892825,56.0,-1,33,-1.0
17812,17812,1137.1707263656715,-34241.82734872528,231.0,-1,-1,-1.0
17813,17813,-6201.538713074995,-39079.61874413265,179.0,-1,-1,-1.0
17814,17814,-26922.505436533327,4797.366904826449,175.0,-1,-1,-1.0
17815,17815,21087.102737729238,-37740.92436299982,81.0,-1,-1,-1.0
17816,17816,-9932.255434017625,16362.206128487464,372.0,-1,-1,-1.0
17817,17817,34731.104561951914,-8269.276410351169,146.0,-1,-1,-1.0
17818,17818,-4902.005483153145,-7126.503898767551,105.0,-1,31,-1.0
17819,17819,-1050.0796618458771,12022.126619632603,38.0,-1,-1,-1.0
17820,17820,-5053.19817390028,-39031.06112568077,174.0,-1,-1,-1.0
17821,17821,24909.817482726867,-22477.92425353836,471.0,-1,-1,-1.0
17822,17822,-6797.766738895072,22531.25573777766,296.0,-1,-1,-1.0
17823,17823,33558.007437760505,-9095.368770416915,250.0,-1,-1,-1.0
17824,17824,-28817.7428029858,14699.807353032498,114.0,-1,-1,-1.0
17825,17825,14386.184091963829,39041.22992566445,6.0,-1,-1,-1.0
17826,17826,6591.342158156513,-36605.45285179847,50.0,-1,1,-1.0
17827,17827,36402.39254791314,-20079.446786060205,184.0,-1,-1,-1.0
17828,17828,-25287.07608211218,-1489.5619906461725,361.0,-1,-1,-1.0
17829,17829,24578.37597316692,-3696.232313857196,182.0,-1,-1,-1.0
17830,17830,22965.344926606376,-29951.230600655468,247.0,-1,-1,-1.0
17831,17831,19024.148774651672,361.929310146108,135.0,-1,-1,-1.0
17832,17832,39694.8618903655,7220.844247242952,465.0,-1,-1,-1.0
17833,17833,-8825.078976369277,7772.187156583081,438.0,-1,27,-1.0
17834,17834,28233.18090517781,-31985.400105143115,332.0,-1,-1,-1.0
17835,17835,-35223.06318573287,21990.868207238207,407.0,-1,-1,-1.0
17836,17836,32603.833752248465,-7612.320286753365,312.0,-1,-1,-1.0
17837,17837,-29263.73673120443,-3404.6709583131087,496.0,-1,41,47.0
17838,17838,11640.184985157037,-37392.0988817472,361.0,-1,4,-1.0
17839,17839,712.3563112132979,2639.012343822513,53.0,-1,-1,-1.0
17840,17840,32157.272173631893,-19589.869786184187,342.0,-1,-1,-1.0
17841,17841,-15704.299663728136,20309.122348830424,466.0,-1,-1,-1.0
17842,17842,-15099.41501817462,-18297.42058473663,216.0,-1,-1,-1.0
17843,17843,-12633.545621280726,-4686.031443531087,67.0,-1,-1,-1.0
17844,17844,-15643.474075876282,-9863.37405988296,391.0,-1,43,-1.0
17845,17845,-31472.385662531706,-23608.54296173134,425.0,-1,39,-1.0
17846,17846,-18856.86921452088,32668.540067497903,338.0,-1,-1,-1.0
17847,17847,-7281.6417215424335,5179.537132760779,279.0,-1,-1,-1.0
17848,17848,9016.374679147171,-11366.881263209772,311.0,-1,-1,-1.0
17849,17849,-30208.61291990898,292.97626081663475,113.0,-1,-1,-1.0
17850,17850,-20030.59527819107,23963.060256345503,437.0,-1,-1,-1.0
17851,17851,-30046.1970717381,25103.978031605897,38.0,-1,-1,-1.0
17852,17852,-24763.5988873452,5077.846139511137,301.0,-1,-1,-1.0
17853,17853,-39395.354643507206,15693.197445232683,187.0,-1,-1,-1.0
17854,17854,32441.833933709044,-10045.359745659032,181.0,-1,-1,-1.0
17855,17855,-27463.164401545728,11323.633142994768,29.0,-1,-1,-1.0
17856,17856,7990.51743335947,-4304.369675973365,395.0,-1,-1,-1.0
17857,17857,-4064.306055126916,26789.857690363235,368.0,-1,48,-1.0
17858,17858,30691.59466679909,-33394.69950776325,429.0,-1,-1,-1.0
17859,17859,17067.157163348224,18410.301084450417,100.0,-1,-1,-1.0
17860,17860,15372.32945405894,34357.49323768813,162.0,-1,-1,-1.0
17861,17861,-6641.214641601175,-2963.354137954673,236.0,-1,31,-1.0
17862,17862,31902.766467638285,5458.552827408523,403.0,-1,-1,-1.0
17863,17863,-33038.56559012341,-9350.570651494509,143.0,-1,-1,-1.0
17864,17864,1503.3456465706986,10961.14334926034,328.0,-1,-1,-1.0
17865,17865,-32740.74323946228,36184.7309623045,97.0,-1,-1,-1.0
17866,17866,34541.28523303392,11190.144149496737,364.0,-1,28,-1.0
17867,17867,14676.585197744513,17114.477173196792,287.0,-1,-1,-1.0
17868,17868,-1681.2728531317334,-38517.1217288908,184.0,-1,-1,-1.0
17869,17869,19811.209253992354,-25962.39641325451,8.0,-1,-1,-1.0
17870,17870,20261.14854302133,29081.051459289916,258.0,-1,30,-1.0
17871,17871,-10421.407867305454,5870.652406803849,124.0,-1,-1,-1.0
17872,17872,5496.5310200035165,-20099.89873769345,405.0,-1,-1,-1.0
17873,17873,25368.390373468486,-314.44168868025736,159.0,-1,-1,-1.0
17874,17874,28600.35417921904,-27039.28323705215,253.0,-1,-1,-1.0
17875,17875,-7046.072494561697,13664.490395428547,86.0,-1,-1,-1.0
17876,17876,31301.37395681294,20703.15973623017,414.0,-1,-1,-1.0
17877,17877,24559.86984856399,8563.063186972511,323.0,-1,15,-1.0
17878,17878,35850.38996766349,13283.78599728243,145.0,-1,28,32.0
17879,17879,-31760.40007195545,-39393.12473591648,83.0,-1,-1,-1.0
17880,17880,-7229.007718057677,-24335.34557159289,40.0,-1,-1,-1.0
17881,17881,-23580.86966877484,-35441.153894386305,322.0,-1,12,-1.0
17882,17882,1340.222977555226,-27381.55326642337,241.0,-1,25,-1.0
17883,17883,5208.638256601647,30501.09428060197,39.0,-1,48,-1.0
17884,17884,38867.97388763832,-3610.5777500031327,92.0,-1,-1,-1.0
17885,17885,-15303.003488575494,17524.7916765782,326.0,-1,-1,-1.0
17886,17886,6490.466111252528,-29600.39600252611,359.0,-1,-1,-1.0
17887,17887,26659.20158353956,17684.636693468863,378.0,-1,-1,-1.0
17888,17888,33957.438887445765,-16258.309026786195,209.0,-1,-1,-1.0
17889,17889,-12915.33344588106,39026.32479807008,66.0,-1,-1,-1.0
17890,17890,31180.02369096597,-8224.675122791421,320.0,-1,-1,-1.0
17891,17891,-36268.840703416776,10094.328777481043,397.0,-1,24,-1.0
17892,17892,-27476.868281023795,-16081.253862982026,51.0,-1,-1,-1.0
17893,17893,-25693.343604932536,-32801.54351109779,308.0,-1,-1,-1.0
17894,17894,-34335.499692660815,-15546.780487849654,71.0,-1,-1,-1.0
17895,17895,2172.756077895545,4507.122586191341,46.0,-1,14,-1.0
17896,17896,-25462.217855164927,-37543.13063120217,6.0,-1,-1,-1.0
17897,17897,-19010.90162998997,-327.01424698050687,39.0,-1,43,-1.0
17898,17898,-3241.9902922752663,-3188.849430982562,362.0,-1,-1,-1.0
17899,17899,20377.48780476452,10030.207939333775,410.0,-1,16,-1.0
17900,17900,-34450.68551668158,-20997.545347279098,373.0,-1,-1,-1.0
17901,17901,21019.46894747593,-36408.34334186812,185.0,-1,-1,-1.0
17902,17902,6214.835595399134,17779.31738280705,352.0,-1,-1,-1.0
17903,17903,-20349.419679831757,7413.721976052977,49.0,-1,-1,-1.0
17904,17904,-38875.20902224549,-39149.55553935081,19.0,-1,-1,-1.0
17905,17905,15688.878258327386,-33239.11938033315,83.0,-1,-1,-1.0
17906,17906,16398.93910899698,-10589.73325327232,384.0,-1,-1,-1.0
17907,17907,-22593.712828505268,8713.638081615143,450.0,-1,-1,-1.0
17908,17908,-24167.949344535955,13502.17904465217,20.0,-1,-1,-1.0
17909,17909,7676.4837484940435,-14502.519813216484,85.0,-1,31,-1.0
17910,17910,-13439.635403245233,27748.41288103482,408.0,-1,48,-1.0
17911,17911,4489.738056191061,36033.75820508548,311.0,-1,-1,-1.0
17912,17912,35123.55727348807,-9998.008554608949,108.0,-1,-1,-1.0
17913,17913,26900.36234893833,23526.575336425514,340.0,-1,-1,-1.0
17914,17914,-22373.255197755083,-36196.74184970244,422.0,-1,12,-1.0
17915,17915,14545.96480403463,-32048.456336247684,401.0,-1,3,-1.0
17916,17916,-36069.40967450301,21545.93556855685,319.0,-1,23,-1.0
17917,17917,2124.2214237953303,8574.742246074158,260.0,-1,27,-1.0
17918,17918,31063.36458150865,-338.43298326488,101.0,-1,-1,-1.0
17919,17919,11881.88470377578,-35865.11892054143,430.0,-1,4,-1.0
17920,17920,19565.950316301634,-2011.404551035921,80.0,-1,13,-1.0
17921,17921,31558.10035206494,33732.96878310118,210.0,-1,-1,-1.0
17922,17922,-26161.91887785294,-37662.848125190685,290.0,-1,-1,-1.0
17923,17923,-37829.36436847915,21419.82716256032,39.0,-1,-1,-1.0
17924,17924,-34995.446953916166,-6654.401749729776,344.0,-1,-1,-1.0
17925,17925,-36147.38858857857,34520.37460760432,106.0,-1,5,-1.0
17926,17926,-24595.14473147553,36599.22494215191,148.0,-1,-1,-1.0
17927,17927,24720.641731398915,36776.48823673863,224.0,-1,-1,-1.0
17928,17928,-38529.243538347815,-16695.84008026182,244.0,-1,-1,-1.0
17929,17929,-15997.223218654177,-11957.415043633193,168.0,-1,-1,-1.0
17930,17930,-5425.249500066631,-16543.670958906445,106.0,-1,-1,-1.0
17931,17931,-33132.86839222111,10593.5160285202,59.0,-1,-1,-1.0
17932,17932,30669.056864335987,-13782.642387846656,76.0,-1,-1,-1.0
17933,17933,15222.45856733247,28375.53960435964,93.0,-1,9,-1.0
17934,17934,32398.784394131668,905.8666607552876,376.0,-1,-1,-1.0
17935,17935,-9824.591991926423,15912.53318514918,67.0,-1,-1,-1.0
17936,17936,-34179.663262794595,-10014.199770214536,464.0,-1,-1,-1.0
17937,17937,7340.803943765277,10668.148910996206,39.0,-1,-1,-1.0
17938,17938,-24653.067558018647,10163.657677456446,90.0,-1,-1,-1.0
17939,17939,-967.5603791735556,15189.499527593784,262.0,-1,-1,-1.0
17940,17940,-24442.072887867427,-4002.691877009085,109.0,-1,-1,-1.0
17941,17941,-29356.85797451094,-31181.46734738193,369.0,-1,-1,-1.0
17942,17942,-19634.701816554392,-11145.954905681156,341.0,-1,-1,-1.0
17943,17943,-4343.822743785386,-8581.157511231333,24.0,-1,31,-1.0
17944,17944,8408.26073774646,-26765.157799606604,50.0,-1,31,35.0
17945,17945,-15683.720572067868,8379.290387897352,154.0,-1,-1,-1.0
17946,17946,-22913.164603048976,-17595.84714440777,360.0,-1,-1,-1.0
17947,17947,-211.24085617623496,29969.16397738186,122.0,-1,48,-1.0
17948,17948,-26787.29208017864,6788.916481315457,456.0,-1,-1,-1.0
17949,17949,7488.2986221558385,-25603.678977292715,259.0,-1,31,-1.0
17950,17950,20550.838003915716,-31212.28959596331,303.0,-1,-1,-1.0
17951,17951,19868.71235810111,-20606.93382071512,399.0,-1,-1,-1.0
17952,17952,27474.994980550822,-32760.02988636914,29.0,-1,-1,-1.0
17953,17953,-6672.445418202828,36412.27308854277,52.0,-1,48,-1.0
17954,17954,28966.991052753147,-16635.82117643899,328.0,-1,-1,-1.0
17955,17955,28964.1531988348,-1786.3525699346428,99.0,-1,-1,-1.0
17956,17956,4066.582243910205,-11896.55951531453,317.0,-1,31,-1.0
17957,17957,7132.9518180117375,31921.41008039025,102.0,-1,-1,-1.0
17958,17958,-38275.025501708056,-26304.072998961263,91.0,-1,-1,-1.0
17959,17959,8284.63818994636,17154.703046067887,245.0,-1,-1,-1.0
17960,17960,-24379.92098660817,-20057.50563332613,147.0,-1,-1,-1.0
17961,17961,-5848.047526247334,26288.450641665127,178.0,-1,48,61.0
17962,17962,6021.945148912928,36112.2353897758,131.0,-1,-1,-1.0
17963,17963,-16919.492807637074,-9133.13057008704,408.0,-1,43,-1.0
17964,17964,-30378.427936339183,-28453.548785087754,334.0,-1,-1,-1.0
17965,17965,16274.537818319826,-24947.61802376475,482.0,-1,-1,-1.0
17966,17966,-12873.377492088664,31373.5281171574,60.0,-1,48,-1.0
17967,17967,-20867.79251606072,-11769.381885192666,193.0,-1,-1,-1.0
17968,17968,-9579.237254705247,-13483.85173298814,52.0,-1,-1,-1.0
17969,17969,16545.36699549273,-27069.94555101585,156.0,-1,-1,-1.0
17970,17970,35933.55675736442,5680.143160116248,460.0,-1,28,-1.0
17971,17971,-31239.350409560186,2935.2668999701345,323.0,-1,29,-1.0
17972,17972,36844.936399208455,1599.4245676093851,298.0,-1,28,-1.0
17973,17973,-4335.007937629867,-27400.832818952505,59.0,-1,-1,-1.0
17974,17974,36026.89497530271,7207.136743793628,114.0,-1,28,-1.0
17975,17975,23860.7082091641,-30363.21030144052,127.0,-1,-1,-1.0
17976,17976,-32428.96203327331,9869.955967999216,112.0,-1,-1,-1.0
17977,17977,21867.422584728083,16784.481314453762,346.0,-1,18,-1.0
17978,17978,36312.44615866919,-36897.27563274461,260.0,-1,21,-1.0
17979,17979,-5720.848120248644,-5598.687125525437,183.0,-1,-1,-1.0
17980,17980,39381.46100041918,18448.064427485064,447.0,-1,-1,-1.0
17981,17981,-31059.57429697093,34572.151824377564,379.0,-1,-1,-1.0
17982,17982,-25933.203726214328,32664.23936494335,241.0,-1,-1,-1.0
17983,17983,21771.997412176504,18473.23950371865,31.0,-1,-1,-1.0
17984,17984,33851.14296790614,-34717.37424083469,39.0,-1,21,-1.0
17985,17985,-39451.62382283686,33801.4314039982,42.0,-1,5,-1.0
17986,17986,-1308.5478886347846,-20574.131756899777,224.0,-1,31,-1.0
17987,17987,-33466.72740422945,-16186.554351541045,387.0,-1,-1,-1.0
17988,17988,-4202.052041256167,-10908.015173212294,341.0,-1,31,-1.0
17989,17989,25650.800798034208,-4533.751429174736,259.0,-1,-1,-1.0
17990,17990,-7840.105070042682,-4121.490675451634,188.0,-1,31,-1.0
17991,17991,3110.0919147369423,24517.87497749024,370.0,-1,-1,-1.0
17992,17992,6094.959560652074,-35811.07419843067,102.0,-1,1,-1.0
17993,17993,2672.3083540671432,-11774.847236427267,233.0,-1,-1,-1.0
17994,17994,-13588.368462773184,35349.21538883867,55.0,-1,-1,-1.0
17995,17995,4514.576712145681,-12062.116860710754,135.0,-1,31,-1.0
17996,17996,6717.218956320721,36507.52295649472,495.0,-1,-1,-1.0
17997,17997,-10977.530029329471,-12160.521120390831,346.0,-1,-1,-1.0
17998,17998,-32895.35781930936,3357.155451509614,486.0,-1,-1,-1.0
17999,17999,-33656.7451818644,-2775.087644934858,493.0,-1,-1,-1.0
18000,18000,8984.424525710725,-26377.958076590105,228.0,-1,31,-1.0
18001,18001,17563.116549579805,-11135.154481143203,373.0,-1,44,-1.0
18002,18002,-20159.69306391069,-28231.173522696845,56.0,-1,-1,-1.0
18003,18003,11576.505769933465,-13383.376350076858,90.0,-1,13,-1.0
18004,18004,-25008.826189282543,36380.03412619255,344.0,-1,-1,-1.0
18005,18005,13733.959157457655,10732.137301607894,299.0,-1,-1,-1.0
18006,18006,9184.549240074624,-37736.37236705722,244.0,-1,-1,-1.0
18007,18007,14867.913668041598,-16085.668898707518,456.0,-1,-1,-1.0
18008,18008,8347.75521934942,-32427.892882434837,307.0,-1,-1,-1.0
18009,18009,-7379.211128653686,-39488.0504084018,162.0,-1,-1,-1.0
18010,18010,-13853.0266810945,-33808.71674485648,462.0,-1,36,-1.0
18011,18011,-16856.88612018039,-26862.019686088955,366.0,-1,36,-1.0
18012,18012,-27593.79293444068,-2682.091800161761,224.0,-1,41,-1.0
18013,18013,-1918.6506961443229,4285.874476830388,451.0,-1,-1,-1.0
18014,18014,28356.341062494077,-24656.18477150165,376.0,-1,-1,-1.0
18015,18015,36261.26170443934,-355.5683073288383,329.0,-1,-1,-1.0
18016,18016,-2739.161053886957,-7734.215235967171,273.0,-1,31,-1.0
18017,18017,-32692.94261113697,-23179.48323030984,101.0,-1,39,-1.0
18018,18018,-33526.92836834164,101.2416162219888,14.0,-1,-1,-1.0
18019,18019,6038.92957682351,-30001.647647242404,447.0,-1,-1,-1.0
18020,18020,-10569.74070320108,17206.98517107572,47.0,-1,-1,-1.0
18021,18021,24660.38765014139,22246.372265661597,258.0,-1,18,-1.0
18022,18022,21341.715011998876,-4930.224690331554,445.0,-1,44,-1.0
18023,18023,23470.99341018583,-16939.487676290853,335.0,-1,-1,-1.0
18024,18024,-11516.34679245971,-26715.19653998916,198.0,-1,17,-1.0
18025,18025,-9355.329192602112,-30868.186077998984,68.0,-1,-1,-1.0
18026,18026,10552.547299489655,-9337.13348680265,52.0,-1,-1,-1.0
18027,18027,30273.847653683144,20491.20757175189,53.0,-1,28,-1.0
18028,18028,10212.798461245236,14676.986398964596,1.0,-1,-1,-1.0
18029,18029,21137.47889526288,6821.118727234985,170.0,-1,-1,-1.0
18030,18030,-31071.36628652447,-34444.70061908264,351.0,-1,-1,-1.0
18031,18031,-8909.5373423526,8944.627951782073,421.0,-1,27,-1.0
18032,18032,-20088.341973887644,35073.86696037809,1.0,-1,-1,-1.0
18033,18033,-1133.5577318788564,-21050.455443041417,70.0,-1,-1,-1.0
18034,18034,23819.29997264284,-31072.98522973614,105.0,-1,-1,-1.0
18035,18035,-27601.400326751027,-13976.907262214954,215.0,-1,-1,-1.0
18036,18036,12942.093150977227,13482.82782475624,388.0,-1,-1,-1.0
18037,18037,3255.5268917774374,-25271.307957263005,93.0,-1,-1,-1.0
18038,18038,20750.329605624647,30491.517357195236,273.0,-1,30,-1.0
18039,18039,-37364.74850690546,31290.13985244854,474.0,-1,-1,-1.0
18040,18040,-16458.48529731463,35403.17322857244,50.0,-1,-1,-1.0
18041,18041,-39483.01668690463,-29975.40650904018,91.0,-1,-1,-1.0
18042,18042,35175.94371613588,-25759.552429803287,24.0,-1,45,-1.0
18043,18043,-1134.502159212403,23339.90823513254,318.0,-1,-1,-1.0
18044,18044,-19640.9232872182,13796.863171210049,385.0,-1,-1,-1.0
18045,18045,-3489.032952017362,-18366.674101169105,457.0,-1,-1,-1.0
18046,18046,15741.60192335827,7737.581047432257,105.0,-1,2,-1.0
18047,18047,-23045.814354341685,-24183.732193473537,120.0,-1,-1,-1.0
18048,18048,12439.282570097525,37474.39699014234,333.0,-1,-1,-1.0
18049,18049,37591.36314681897,-33509.26243393771,405.0,-1,-1,-1.0
18050,18050,-6454.773118441961,-21696.66504454046,275.0,-1,-1,-1.0
18051,18051,-19885.646448429616,19344.55800679245,478.0,-1,-1,-1.0
18052,18052,8991.068481522903,-30918.45831499981,270.0,-1,-1,-1.0
18053,18053,30300.96958382572,39878.34919539427,208.0,-1,-1,-1.0
18054,18054,-37542.5172469992,-38710.03773674617,206.0,-1,-1,-1.0
18055,18055,20988.521884877155,15520.428098949538,418.0,-1,18,-1.0
18056,18056,20260.6557974068,-5344.6134313316725,400.0,-1,-1,-1.0
18057,18057,17789.54010215468,-32273.554602412187,64.0,-1,-1,-1.0
18058,18058,4919.505424752337,9826.980853563204,455.0,-1,27,-1.0
18059,18059,-3032.1253341793345,12756.68742745262,64.0,-1,-1,-1.0
18060,18060,-21030.70752408091,20902.266081614755,313.0,-1,-1,-1.0
18061,18061,20539.942325595017,-9773.015663404374,406.0,-1,44,-1.0
18062,18062,-24533.36870276465,-16145.86148835724,28.0,-1,-1,-1.0
18063,18063,8058.669620520079,3652.51669334749,429.0,-1,14,-1.0
18064,18064,476.8114373102581,-31634.11979477892,383.0,-1,-1,-1.0
18065,18065,28803.19255264527,-9615.129025486516,499.0,-1,-1,-1.0
18066,18066,22180.29226166822,29986.08842951705,282.0,-1,-1,-1.0
18067,18067,29295.65031563022,-4744.851537499126,60.0,-1,-1,-1.0
18068,18068,-6094.471566027882,39484.1219821485,29.0,-1,-1,-1.0
18069,18069,21961.06231299889,39375.13476575633,152.0,-1,-1,-1.0
18070,18070,-15139.992022401397,-38282.619687366896,230.0,-1,-1,-1.0
18071,18071,-31017.277244545578,-31936.037703027818,294.0,-1,-1,-1.0
18072,18072,-28066.270337472397,6817.727460054048,328.0,-1,-1,-1.0
18073,18073,-5203.65174705207,36639.45273614819,297.0,-1,-1,-1.0
18074,18074,-7801.916144421961,-8578.788356615405,80.0,-1,31,-1.0
18075,18075,30786.803889241,-4594.447216380111,280.0,-1,-1,-1.0
18076,18076,39174.75735301284,-16630.886786158295,186.0,-1,-1,-1.0
18077,18077,37725.4870732806,23584.72839769472,414.0,-1,-1,-1.0
18078,18078,-19624.666591792015,-29334.476128174487,164.0,-1,-1,-1.0
18079,18079,17396.44182794427,-28355.59468622152,485.0,-1,-1,-1.0
18080,18080,-34540.02695991637,-15028.862338989617,35.0,-1,-1,-1.0
18081,18081,17267.83358272905,-23913.660254632807,257.0,-1,-1,-1.0
18082,18082,-39846.89354561882,38020.15210202242,139.0,-1,-1,-1.0
18083,18083,-29954.849365365044,-35972.26189338506,162.0,-1,-1,-1.0
18084,18084,-19490.49412070953,19791.09929528839,460.0,-1,-1,-1.0
18085,18085,6941.481324195236,-27389.344453626603,268.0,-1,31,-1.0
18086,18086,-4256.1108794708125,-39007.34880278925,395.0,-1,-1,-1.0
18087,18087,38906.4974856286,-4550.468026799535,334.0,-1,-1,-1.0
18088,18088,27263.504249198668,1242.9799513641335,112.0,-1,-1,-1.0
18089,18089,-3939.622765283115,-704.3075741221037,166.0,-1,-1,-1.0
18090,18090,-1643.2875422821526,32308.50461937273,24.0,-1,48,-1.0
18091,18091,35190.46212713784,26217.69514636979,51.0,-1,10,-1.0
18092,18092,-9713.81574298424,-15308.381512540414,220.0,-1,-1,-1.0
18093,18093,-16946.653144039657,-13067.787733524863,492.0,-1,-1,-1.0
18094,18094,-2512.974182898688,21195.17179269433,381.0,-1,-1,-1.0
18095,18095,19276.994320979844,19025.802353562103,249.0,-1,18,-1.0
18096,18096,-23579.94246025979,-36963.43324629973,117.0,-1,-1,-1.0
18097,18097,-8640.121928858742,-11776.689833511387,119.0,-1,31,-1.0
18098,18098,30620.08219585537,2378.5857267642714,19.0,-1,-1,-1.0
18099,18099,21008.596652611457,8874.16652043003,330.0,-1,-1,-1.0
18100,18100,34835.77014353979,-32530.95379988181,103.0,-1,-1,-1.0
18101,18101,-7285.685465919178,-32174.58160787777,175.0,-1,35,-1.0
18102,18102,-6293.229457502588,-39021.13283874254,225.0,-1,-1,-1.0
18103,18103,29021.06077821716,20137.243790262044,90.0,-1,-1,-1.0
18104,18104,-4238.377478492061,-16995.496347484514,113.0,-1,-1,-1.0
18105,18105,3638.59720373217,-4559.57297470131,273.0,-1,-1,-1.0
18106,18106,-1837.1593900379085,-18801.7607040096,429.0,-1,31,-1.0
18107,18107,13930.617951504806,20616.015721548632,407.0,-1,-1,-1.0
18108,18108,-22237.566661737044,-31579.204972570595,64.0,-1,-1,-1.0
18109,18109,33393.4617365905,-3218.687950072548,160.0,-1,-1,-1.0
18110,18110,30883.180400799247,28466.96518530394,196.0,-1,-1,-1.0
18111,18111,-21228.064206588257,10440.788583808751,254.0,-1,-1,-1.0
18112,18112,39982.99320810614,23426.02542713906,188.0,-1,-1,-1.0
18113,18113,8338.407881766849,-31283.96231183292,444.0,-1,-1,-1.0
18114,18114,33283.842358962705,18465.126129138232,277.0,-1,28,-1.0
18115,18115,32699.75477937228,3391.0374051169856,498.0,-1,-1,-1.0
18116,18116,-9381.59627103796,-21224.95381791387,260.0,-1,-1,-1.0
18117,18117,1178.3789061262069,-8506.499867048555,96.0,-1,31,36.0
18118,18118,-32796.34171511746,34984.533658720015,262.0,-1,-1,-1.0
18119,18119,35584.45583410544,-2466.891790991161,326.0,-1,-1,-1.0
18120,18120,-35354.6556457115,-21173.47207863829,145.0,-1,-1,-1.0
18121,18121,-924.775340966662,12052.250481780298,228.0,-1,-1,-1.0
18122,18122,-10574.305441673803,33949.07908353936,126.0,-1,48,-1.0
18123,18123,31727.50590502951,22952.98103679203,287.0,-1,-1,-1.0
18124,18124,28259.60966614638,-10349.702721541937,77.0,-1,-1,-1.0
18125,18125,23529.85933736793,-25887.728449101454,300.0,-1,-1,-1.0
18126,18126,-13035.676403613064,581.0933144040682,201.0,-1,-1,-1.0
18127,18127,-35937.12504371739,8667.021012139434,25.0,-1,24,-1.0
18128,18128,2246.0836701373555,9955.48013930014,358.0,-1,27,-1.0
18129,18129,-6714.000505942953,31594.487425414336,130.0,-1,-1,-1.0
18130,18130,35794.56586823161,-31024.988673658536,265.0,-1,-1,-1.0
18131,18131,4174.752608165174,-19991.7743703138,193.0,-1,-1,-1.0
18132,18132,-38728.86503128166,-26543.18469749439,248.0,-1,-1,-1.0
18133,18133,-27646.223569189933,20377.483509025813,391.0,-1,-1,-1.0
18134,18134,38233.574654582,25703.33127345686,218.0,-1,-1,-1.0
18135,18135,10205.436072781573,-12005.204885944964,181.0,-1,-1,-1.0
18136,18136,-34764.08451276262,-9795.55121129586,41.0,-1,-1,-1.0
18137,18137,12605.402220229524,30892.740651973232,199.0,-1,-1,-1.0
18138,18138,29648.584676613,19540.63609908261,121.0,-1,-1,-1.0
18139,18139,31357.043308407912,-30933.30258956676,87.0,-1,-1,-1.0
18140,18140,-35330.429443502006,-36352.50201768673,258.0,-1,19,-1.0
18141,18141,26995.713797301505,-33161.88538585289,203.0,-1,-1,-1.0
18142,18142,20702.603159464317,22012.416989337493,281.0,-1,18,-1.0
18143,18143,-28416.95855134599,-12717.174968949095,482.0,-1,-1,-1.0
18144,18144,34358.59749002424,-38138.549125492165,349.0,-1,-1,-1.0
18145,18145,38841.93510835216,31044.2281615532,444.0,-1,-1,-1.0
18146,18146,31161.70827204513,-37981.91369145742,347.0,-1,-1,-1.0
18147,18147,1370.8455462707789,30699.357447935137,121.0,-1,-1,-1.0
18148,18148,-21968.654817845632,-12809.050050563685,218.0,-1,-1,-1.0
18149,18149,32628.4197669172,-20530.079568998768,293.0,-1,-1,-1.0
18150,18150,-30368.072685955045,35212.803215727705,168.0,-1,6,-1.0
18151,18151,-26358.42678241364,-12479.953566476834,309.0,-1,-1,-1.0
18152,18152,11001.041263349563,24042.40407041281,4.0,-1,48,-1.0
18153,18153,35722.5773864089,-29836.534477159417,311.0,-1,-1,-1.0
18154,18154,-32032.258505432044,-20672.406481124737,260.0,-1,-1,-1.0
18155,18155,-15317.430829777495,-981.4640776383604,198.0,-1,-1,-1.0
18156,18156,-29588.10782127026,-4903.236009715547,214.0,-1,41,-1.0
18157,18157,6313.1534166900965,-669.9633593248145,128.0,-1,-1,-1.0
18158,18158,27405.582232578367,20385.301136641283,231.0,-1,-1,-1.0
18159,18159,-33727.699628726376,-7033.620326207303,281.0,-1,-1,-1.0
18160,18160,-20581.142161036085,19341.626076110733,218.0,-1,-1,-1.0
18161,18161,-22331.42019106637,-21648.504730780234,112.0,-1,-1,-1.0
18162,18162,-21756.33197304817,39203.2877572109,428.0,-1,-1,-1.0
18163,18163,-12794.691805267514,20418.027707752888,269.0,-1,-1,-1.0
18164,18164,-32269.8510428904,-7096.039849739551,237.0,-1,-1,-1.0
18165,18165,27627.79723654002,-8739.262593018873,218.0,-1,-1,-1.0
18166,18166,31109.678825202544,-22970.612155889656,159.0,-1,45,-1.0
18167,18167,34874.613897426,-28591.98141812824,275.0,-1,-1,-1.0
18168,18168,-2554.899247316934,26184.50096613547,272.0,-1,-1,-1.0
18169,18169,-920.9790287096984,3885.839761368348,305.0,-1,22,-1.0
18170,18170,-16558.24098426775,299.50411555370374,285.0,-1,-1,-1.0
18171,18171,-33040.25072489884,1633.4505398460242,312.0,-1,-1,-1.0
18172,18172,-3857.064038666904,-14030.37968489506,161.0,-1,31,-1.0
18173,18173,39500.68494586942,-10590.51736226724,299.0,-1,-1,-1.0
18174,18174,890.6080902885515,27589.001138190026,387.0,-1,48,-1.0
18175,18175,470.55230177643534,-11298.228695721084,178.0,-1,31,-1.0
18176,18176,-37113.25195594926,4376.848370953594,196.0,-1,-1,-1.0
18177,18177,39496.01297211272,-37979.180951418086,436.0,-1,-1,-1.0
18178,18178,-15201.570554201957,-34239.14050939103,45.0,-1,36,-1.0
18179,18179,19763.545292172734,-12242.004972419956,458.0,-1,-1,-1.0
18180,18180,-21407.85321858334,-5819.368927062293,306.0,-1,-1,-1.0
18181,18181,35586.62463681416,-19226.500884510377,465.0,-1,-1,-1.0
18182,18182,18030.13429651924,-6829.757586200591,293.0,-1,-1,-1.0
18183,18183,27064.082569467108,89.53624553368718,344.0,-1,-1,-1.0
18184,18184,5077.89818746243,-15099.23981108594,320.0,-1,-1,-1.0
18185,18185,33178.183201141335,13305.437372562768,429.0,-1,28,-1.0
18186,18186,14942.447827903728,1798.0814019184982,414.0,-1,2,-1.0
18187,18187,-10109.26364761314,27834.08470014154,292.0,-1,-1,-1.0
18188,18188,-8701.099993326745,-37783.994229354044,104.0,-1,-1,-1.0
18189,18189,12197.593955708042,22788.79761013479,245.0,-1,-1,-1.0
18190,18190,-7111.318874877958,-9920.45299033837,337.0,-1,31,-1.0
18191,18191,19576.89845641722,-10349.71875477903,364.0,-1,44,-1.0
18192,18192,-34036.91683417163,38430.564850234936,383.0,-1,5,-1.0
18193,18193,363.23210091903456,-34944.82200650075,67.0,-1,-1,-1.0
18194,18194,-840.9002421060504,-14345.363374719156,259.0,-1,31,-1.0
18195,18195,-28.695508874843654,23801.091671873557,455.0,-1,-1,-1.0
18196,18196,15999.624948764103,-26190.073679455694,297.0,-1,3,-1.0
18197,18197,3467.035894146269,-15472.056127638636,301.0,-1,31,-1.0
18198,18198,-17525.157612015984,-18673.984828388904,309.0,-1,-1,-1.0
18199,18199,4457.424380329001,-33275.61590254652,39.0,-1,1,-1.0
18200,18200,-38624.03571772555,11452.54065662306,81.0,-1,-1,-1.0
18201,18201,-1430.2483518166264,22677.06966162452,456.0,-1,-1,-1.0
18202,18202,4680.699027176976,7680.452988748795,185.0,-1,27,-1.0
18203,18203,1728.9931649171194,-30409.95346242747,161.0,-1,-1,-1.0
18204,18204,-32192.01188540112,38295.97729733825,342.0,-1,-1,-1.0
18205,18205,-20968.564641127126,-27426.404085759925,236.0,-1,-1,-1.0
18206,18206,21655.39486684285,-17928.42748295044,168.0,-1,-1,-1.0
18207,18207,32235.369992860607,-24040.03649352556,64.0,-1,45,-1.0
18208,18208,35675.79733829491,4196.418616080875,349.0,-1,28,32.0
18209,18209,-4978.9863747508425,12861.8228402904,44.0,-1,-1,-1.0
18210,18210,10288.966694428658,39179.13904179221,279.0,-1,-1,-1.0
18211,18211,23655.96837655529,-39257.0184434488,307.0,-1,-1,-1.0
18212,18212,16474.991037769993,-31533.767649539703,421.0,-1,-1,-1.0
18213,18213,3380.7565323213494,562.6348520557367,439.0,-1,-1,-1.0
18214,18214,-33268.66458389556,25508.12345212143,111.0,-1,-1,-1.0
18215,18215,-13612.235091598695,-9432.704019937017,46.0,-1,-1,-1.0
18216,18216,25199.231832876176,24753.06165065264,30.0,-1,18,-1.0
18217,18217,33702.09317937597,-31019.963948209508,263.0,-1,-1,-1.0
18218,18218,22708.96105784554,11907.840387275604,63.0,-1,16,-1.0
18219,18219,23132.49289735404,-20178.490784337457,54.0,-1,-1,-1.0
18220,18220,-15366.996530246222,11736.303714595364,55.0,-1,-1,-1.0
18221,18221,-22153.333551482345,-11940.359061923173,15.0,-1,-1,-1.0
18222,18222,9147.097114805656,-37631.14317799492,134.0,-1,1,-1.0
18223,18223,10259.073347581914,-23034.991879699137,359.0,-1,-1,-1.0
18224,18224,-5085.560609803397,-3191.8428381750277,57.0,-1,-1,-1.0
18225,18225,22467.01161252518,-7454.93979763009,264.0,-1,-1,-1.0
18226,18226,27640.552192779985,13762.79003418264,270.0,-1,-1,-1.0
18227,18227,-20397.620807376607,-28018.8287871552,492.0,-1,-1,-1.0
18228,18228,-8563.82653695966,-30950.950624061166,148.0,-1,-1,-1.0
18229,18229,723.9866940617721,-2994.771080595805,9.0,-1,-1,-1.0
18230,18230,-31524.74842214037,7903.872747839232,212.0,-1,-1,-1.0
18231,18231,-8097.689035376981,-24022.78376318565,480.0,-1,-1,-1.0
18232,18232,37757.52099401757,-22836.21592658938,236.0,-1,-1,-1.0
18233,18233,-29280.666624322195,28791.47477571048,148.0,-1,-1,-1.0
18234,18234,-24347.693309841503,3470.636892028313,348.0,-1,-1,-1.0
18235,18235,2685.662499804413,8774.672508728923,472.0,-1,27,-1.0
18236,18236,16341.620854054534,15412.695560119297,92.0,-1,-1,-1.0
18237,18237,23102.46759313743,11505.153472114653,408.0,-1,-1,-1.0
18238,18238,-20796.315752892013,-28240.15442275529,346.0,-1,-1,-1.0
18239,18239,27875.04067716727,4641.399803043925,333.0,-1,-1,-1.0
18240,18240,-20398.179905097768,1002.7561532849722,223.0,-1,-1,-1.0
18241,18241,-27774.37633363058,-15638.906413522736,302.0,-1,-1,-1.0
18242,18242,30079.50684277463,13051.498237577289,27.0,-1,-1,-1.0
18243,18243,-6980.138832756318,-11170.554381897457,422.0,-1,-1,-1.0
18244,18244,24257.059727977336,-25463.24794441993,45.0,-1,-1,-1.0
18245,18245,-31966.84363799455,22179.617341635967,28.0,-1,-1,-1.0
18246,18246,-7734.327956371195,-35118.0998548271,213.0,-1,35,-1.0
18247,18247,-21402.461690164637,24491.26423285985,207.0,-1,-1,-1.0
18248,18248,-2998.215291771143,20894.97869853312,300.0,-1,-1,-1.0
18249,18249,6247.616304562296,13447.368909464916,18.0,-1,8,-1.0
18250,18250,39218.43754954188,-16417.875513533192,351.0,-1,-1,-1.0
18251,18251,29798.06596061254,21357.3824268566,166.0,-1,28,-1.0
18252,18252,38669.30357911023,7165.997647368989,434.0,-1,-1,-1.0
18253,18253,-34623.80626450727,12814.835833021156,466.0,-1,-1,-1.0
18254,18254,-12371.765938860504,-5678.428680887802,31.0,-1,-1,-1.0
18255,18255,31449.47975327642,-39856.686143357416,346.0,-1,-1,-1.0
18256,18256,-24932.29937253816,29221.18629253401,298.0,-1,-1,-1.0
18257,18257,37833.7255753169,39109.36782147009,361.0,-1,-1,-1.0
18258,18258,-33521.10236565593,-14450.04210892902,189.0,-1,-1,-1.0
18259,18259,39157.89057315259,4130.589613986558,197.0,-1,-1,-1.0
18260,18260,1854.6544386154487,-14044.03346977734,22.0,-1,31,-1.0
18261,18261,-30101.743877545297,-2907.7601829902487,306.0,-1,41,-1.0
18262,18262,-32976.55805031973,36393.490525006375,277.0,-1,-1,-1.0
18263,18263,-17194.70296406862,-28023.428848612024,460.0,-1,36,-1.0
18264,18264,34307.83865284003,31553.41627757385,257.0,-1,-1,-1.0
18265,18265,-32006.10115459077,-34392.024818079444,492.0,-1,-1,-1.0
18266,18266,21661.97123139105,-9789.443497188991,138.0,-1,-1,-1.0
18267,18267,-1235.1279892473683,1753.2445123815633,297.0,-1,22,-1.0
18268,18268,-30449.55533472794,-17151.34050554904,164.0,-1,-1,-1.0
18269,18269,10398.771999224336,2635.30351782449,68.0,-1,-1,-1.0
18270,18270,-18726.57863704488,4484.617421735202,139.0,-1,-1,-1.0
18271,18271,-38395.18937604953,9227.238483866488,63.0,-1,-1,-1.0
18272,18272,35470.114642611385,39604.6599852683,232.0,-1,-1,-1.0
18273,18273,21789.659516368974,31854.411045195084,419.0,-1,30,-1.0
18274,18274,-28767.905164754826,39844.9600867828,157.0,-1,-1,-1.0
18275,18275,34554.34741681664,-1414.134061363904,28.0,-1,-1,-1.0
18276,18276,-26336.113297977936,-8883.614429047018,69.0,-1,-1,-1.0
18277,18277,3723.3759577099263,8616.44366190042,173.0,-1,27,-1.0
18278,18278,27612.11499074746,30747.335543553912,112.0,-1,-1,-1.0
18279,18279,7323.987961893421,6824.752110499256,373.0,-1,-1,-1.0
18280,18280,-33187.03237814565,-28278.90865829865,65.0,-1,-1,-1.0
18281,18281,30885.598039595367,-31612.272851827336,385.0,-1,-1,-1.0
18282,18282,-25673.937966422724,36147.36935738719,368.0,-1,-1,-1.0
18283,18283,12971.23360849743,-31583.283165686524,34.0,-1,-1,-1.0
18284,18284,-32079.43168075044,20584.202749702752,170.0,-1,40,-1.0
18285,18285,22068.758215667447,-9341.854696459965,352.0,-1,-1,-1.0
18286,18286,6124.891159682615,-25625.72254899251,252.0,-1,31,-1.0
18287,18287,-30080.50817664492,20101.974624799357,173.0,-1,-1,-1.0
18288,18288,36144.13088921436,36834.6259960067,35.0,-1,-1,-1.0
18289,18289,4930.299322289204,10357.621135969886,183.0,-1,-1,-1.0
18290,18290,32737.603545861974,-29099.310499777384,316.0,-1,-1,-1.0
18291,18291,-27180.272631112137,-25233.951284160303,33.0,-1,-1,-1.0
18292,18292,7749.201901257351,7299.997272186862,364.0,-1,-1,-1.0
18293,18293,-25291.811461973703,-12042.810171222289,110.0,-1,-1,-1.0
18294,18294,27350.53654686596,-25119.0072301571,176.0,-1,-1,-1.0
18295,18295,-27850.56471017714,29515.21227489096,423.0,-1,-1,-1.0
18296,18296,2758.851141149913,2264.656027370256,51.0,-1,-1,-1.0
18297,18297,-21888.747859545347,-6823.411535893807,164.0,-1,-1,-1.0
18298,18298,-31323.510410846404,7664.518206874709,179.0,-1,24,-1.0
18299,18299,-12312.006233310298,30598.063383968605,344.0,-1,48,-1.0
18300,18300,-5428.13495112698,-25885.037806884426,208.0,-1,-1,-1.0
18301,18301,2445.9129340065483,-17523.424729520433,0.0,-1,31,-1.0
18302,18302,-21437.194091548277,-1626.2199643725835,1.0,-1,43,-1.0
18303,18303,-176.68820608820533,26753.29731962923,120.0,-1,48,-1.0
18304,18304,-30217.452532875057,35136.45871957141,482.0,-1,-1,-1.0
18305,18305,14115.160950453152,20690.378534592437,462.0,-1,-1,-1.0
18306,18306,26896.20102859687,20323.47079612448,276.0,-1,-1,-1.0
18307,18307,355.6567830968488,22278.67065064545,281.0,-1,-1,-1.0
18308,18308,-10151.191673210727,-30261.972302474416,413.0,-1,-1,-1.0
18309,18309,-26334.474460235582,39345.571445808455,349.0,-1,-1,-1.0
18310,18310,-12736.310243241704,-1486.5636872029863,441.0,-1,-1,-1.0
18311,18311,-28241.273472629877,-22557.154075234776,250.0,-1,39,-1.0
18312,18312,21988.07591197336,36737.57713198224,294.0,-1,30,-1.0
18313,18313,-9133.324770248351,20364.62670782933,372.0,-1,-1,-1.0
18314,18314,2117.9078315056395,13875.082260826202,362.0,-1,8,-1.0
18315,18315,-28412.368154096752,1649.5617515286722,352.0,-1,-1,-1.0
18316,18316,-39563.4433555501,-21311.87328361201,433.0,-1,-1,-1.0
18317,18317,-6654.539828718858,-8499.475846811474,285.0,-1,31,-1.0
18318,18318,1543.9786854350532,-23206.532300269148,153.0,-1,-1,-1.0
18319,18319,10481.799803059032,-14733.037779531913,140.0,-1,-1,-1.0
18320,18320,6436.2448143683,1964.1830474445087,445.0,-1,14,-1.0
18321,18321,9261.690946361014,33252.716256058775,449.0,-1,47,-1.0
18322,18322,15524.016879805407,2833.3384530630137,441.0,-1,2,-1.0
18323,18323,-3030.650451362308,-17712.999824813425,344.0,-1,31,35.0
18324,18324,18936.27070748473,-9400.840933977186,68.0,-1,44,-1.0
18325,18325,7750.623854890982,-537.6232167689595,301.0,-1,-1,-1.0
18326,18326,22865.048095698083,-26922.72011763894,71.0,-1,-1,-1.0
18327,18327,-18518.84550905289,30327.10913052634,204.0,-1,-1,-1.0
18328,18328,1105.170218068473,5081.937354302194,380.0,-1,-1,-1.0
18329,18329,27770.32465076732,-39725.30948111221,442.0,-1,-1,-1.0
18330,18330,22198.322539434164,39512.32598185488,406.0,-1,-1,-1.0
18331,18331,-17816.912421449073,18307.924778377528,322.0,-1,-1,-1.0
18332,18332,-29173.26484426417,-17455.633978812413,463.0,-1,-1,-1.0
18333,18333,1415.86431980037,-17902.87780462494,116.0,-1,31,-1.0
18334,18334,-3054.912499698534,-9926.18928309147,184.0,-1,31,-1.0
18335,18335,-14018.60066023118,-36211.05478540189,208.0,-1,-1,-1.0
18336,18336,-11086.28984199,15877.51879411658,233.0,-1,-1,-1.0
18337,18337,-30218.864040535456,49.549752010789234,396.0,-1,-1,-1.0
18338,18338,10708.864927910596,37224.69234393032,464.0,-1,-1,-1.0
18339,18339,-33802.34804614166,15320.566251901168,428.0,-1,24,-1.0
18340,18340,4370.451693115436,21670.454139307767,478.0,-1,46,-1.0
18341,18341,3519.1894306348117,-23757.14451234362,469.0,-1,31,-1.0
18342,18342,-34677.119542816625,-10879.680061039024,426.0,-1,-1,-1.0
18343,18343,6936.856422972902,3626.697841417183,170.0,-1,14,-1.0
18344,18344,38480.20300101944,-23537.20657154468,282.0,-1,-1,-1.0
18345,18345,-23305.859537807628,14358.8506052803,203.0,-1,-1,-1.0
18346,18346,-7918.346350348795,-18769.9745551506,14.0,-1,-1,-1.0
18347,18347,-14941.061458514192,27155.909702096866,229.0,-1,48,-1.0
18348,18348,-30017.212502543327,646.2382279129815,39.0,-1,-1,-1.0
18349,18349,-35710.5510836312,-17052.953175113813,88.0,-1,-1,-1.0
18350,18350,32958.342281363584,4975.934396055505,319.0,-1,-1,-1.0
18351,18351,19981.795961325224,-21074.40104540936,450.0,-1,-1,-1.0
18352,18352,-13488.389089376182,-24657.74437667911,336.0,-1,-1,-1.0
18353,18353,7907.058439206914,-13903.416932288008,192.0,-1,31,-1.0
18354,18354,-8338.352506011048,7881.955649281896,354.0,-1,27,-1.0
18355,18355,17195.78326375722,32287.272387112505,314.0,-1,-1,-1.0
18356,18356,-32179.078062658977,-408.8123012861543,251.0,-1,-1,-1.0
18357,18357,-22292.25665745761,22819.956249023933,166.0,-1,-1,-1.0
18358,18358,18006.09557625458,-14273.549928670624,43.0,-1,44,-1.0
18359,18359,-6849.90887309386,-7908.193313227435,250.0,-1,31,36.0
18360,18360,-20823.76074446537,38868.49743170175,93.0,-1,-1,-1.0
18361,18361,31700.36347197692,-18832.23442647535,317.0,-1,-1,-1.0
18362,18362,-20730.75719909382,-2299.6570349762624,311.0,-1,43,-1.0
18363,18363,-2378.4374418105144,-37408.190079646185,265.0,-1,-1,-1.0
18364,18364,-9485.114489892483,18907.343515457032,171.0,-1,-1,-1.0
18365,18365,-34390.836233603535,-10739.83456896129,325.0,-1,-1,-1.0
18366,18366,37344.62874097534,28086.034398290067,409.0,-1,-1,-1.0
18367,18367,-376.61505747082265,9634.280433920148,364.0,-1,-1,-1.0
18368,18368,21623.240527031918,-27750.313536314603,9.0,-1,-1,-1.0
18369,18369,-6461.055942177729,-4361.094215811463,306.0,-1,-1,-1.0
18370,18370,22721.841923435983,12275.389544836791,203.0,-1,16,-1.0
18371,18371,-29422.672990621235,20670.09906617405,451.0,-1,-1,-1.0
18372,18372,36190.25187635202,12043.654985052955,381.0,-1,28,-1.0
18373,18373,-9179.481934095737,4513.514023781092,373.0,-1,27,-1.0
18374,18374,-5896.226757233228,-13189.237945460154,228.0,-1,31,-1.0
18375,18375,-17595.52567701708,-7538.557595200458,496.0,-1,-1,-1.0
18376,18376,-26044.1160899522,-34672.234892859466,108.0,-1,-1,-1.0
18377,18377,22282.77584032526,18825.52831060492,444.0,-1,-1,-1.0
18378,18378,1236.0745265138105,16001.418433647115,0.0,-1,-1,-1.0
18379,18379,-19068.670300063677,33703.27174331318,313.0,-1,-1,-1.0
18380,18380,3382.04913505436,-19444.51671097165,211.0,-1,-1,-1.0
18381,18381,-6089.930296619896,-36023.067272229775,272.0,-1,-1,-1.0
18382,18382,21950.278920623605,18671.940169857957,342.0,-1,-1,-1.0
18383,18383,-29840.425961841014,-31016.10606271131,406.0,-1,-1,-1.0
18384,18384,-14766.39833424204,-16940.15266115576,245.0,-1,31,-1.0
18385,18385,26492.32028960469,9378.192593731115,221.0,-1,15,-1.0
18386,18386,-21266.954246517445,4495.221595727191,61.0,-1,-1,-1.0
18387,18387,-7597.732363782976,25618.742887129163,238.0,-1,-1,-1.0
18388,18388,-1957.2620527434049,30055.896277237727,468.0,-1,-1,-1.0
18389,18389,31909.195492448227,26714.094197877406,405.0,-1,-1,-1.0
18390,18390,-11151.716491829193,-33077.43866740141,410.0,-1,-1,-1.0
18391,18391,-6874.746507108684,30127.127096984288,347.0,-1,-1,-1.0
18392,18392,-21026.58310083636,12029.590979248118,297.0,-1,-1,-1.0
18393,18393,12333.9819867693,11930.902679347942,441.0,-1,-1,-1.0
18394,18394,2200.433585295133,-206.35571214450465,55.0,-1,-1,-1.0
18395,18395,22952.665377152523,28956.364788010356,49.0,-1,-1,-1.0
18396,18396,11996.297819855834,32416.24672298433,477.0,-1,47,-1.0
18397,18397,38292.56615766835,-4804.69385977745,275.0,-1,-1,-1.0
18398,18398,-11029.327900265747,-9368.514807223026,204.0,-1,-1,-1.0
18399,18399,35858.67926588663,18657.274770802425,431.0,-1,28,-1.0
18400,18400,-14170.143311905496,16615.444610296967,424.0,-1,-1,-1.0
18401,18401,35781.39424638734,11236.928400249686,190.0,-1,28,32.0
18402,18402,2313.91838340764,-12920.49224641554,276.0,-1,31,-1.0
18403,18403,-24980.47578750732,-21429.18102924068,53.0,-1,-1,-1.0
18404,18404,-4720.772717399064,-35857.66960265297,168.0,-1,35,-1.0
18405,18405,21299.329390964347,4964.330504670179,418.0,-1,-1,-1.0
18406,18406,12907.04113165351,12651.27189807337,286.0,-1,-1,-1.0
18407,18407,-13469.065403404797,15822.896002167756,132.0,-1,-1,-1.0
18408,18408,-18687.09473103138,21250.745164207467,59.0,-1,-1,-1.0
18409,18409,25686.905293607502,28216.22056887146,9.0,-1,-1,-1.0
18410,18410,12635.10569720305,4261.971620284836,114.0,-1,-1,-1.0
18411,18411,13667.223910815796,36375.48439559352,386.0,-1,-1,-1.0
18412,18412,25154.408942837632,2950.3765539464293,409.0,-1,-1,-1.0
18413,18413,35172.51718800471,-6420.8118677766615,75.0,-1,-1,-1.0
18414,18414,31303.029731739443,30463.09449370588,311.0,-1,-1,-1.0
18415,18415,-35691.34868860808,-20865.562988807804,29.0,-1,-1,-1.0
18416,18416,-4790.562558584999,4299.390687474435,252.0,-1,27,-1.0
18417,18417,-6877.128142551846,-6170.521525436896,397.0,-1,-1,-1.0
18418,18418,28486.30771689098,16613.322502422336,393.0,-1,-1,-1.0
18419,18419,-25017.720128352885,32134.09291752157,52.0,-1,-1,-1.0
18420,18420,-25659.104112660505,11209.857923290265,394.0,-1,-1,-1.0
18421,18421,-10203.113949636896,-2786.657530707438,461.0,-1,-1,-1.0
18422,18422,15037.819301974072,27730.27763423414,248.0,-1,-1,-1.0
18423,18423,15979.404973743956,9976.44224355209,63.0,-1,-1,-1.0
18424,18424,35216.75393859454,-10933.316676687202,130.0,-1,-1,-1.0
18425,18425,-35645.160435022546,14755.510839081231,137.0,-1,24,-1.0
18426,18426,-25526.13416270428,24979.02149987145,297.0,-1,48,59.0
18427,18427,-35595.90799874706,17895.669778123665,111.0,-1,-1,-1.0
18428,18428,-20989.95474408737,-13193.31342523504,316.0,-1,-1,-1.0
18429,18429,-16921.223751411417,-32683.878714319548,327.0,-1,36,-1.0
18430,18430,16176.082054675477,-9022.945741753414,141.0,-1,-1,-1.0
18431,18431,-25779.42693851293,-29815.35665606956,258.0,-1,-1,-1.0
18432,18432,-34709.42750581461,-39895.208064286526,124.0,-1,-1,-1.0
18433,18433,37843.57196024365,-2948.105411157565,457.0,-1,-1,-1.0
18434,18434,26738.481987021223,16104.652117986254,256.0,-1,-1,-1.0
18435,18435,-39121.64402000612,-24110.057636929127,445.0,-1,-1,-1.0
18436,18436,-11768.123968151638,6091.993654979444,302.0,-1,-1,-1.0
18437,18437,38678.89384447437,-11808.50726661311,170.0,-1,-1,-1.0
18438,18438,5237.439399126983,37464.59327458429,463.0,-1,-1,-1.0
18439,18439,29443.44706163062,15886.987624798408,56.0,-1,-1,-1.0
18440,18440,-24617.21463887918,-2098.228202433107,121.0,-1,41,-1.0
18441,18441,-5462.622539525219,21871.639699135616,276.0,-1,-1,-1.0
18442,18442,11658.959438988124,-28785.69203287112,46.0,-1,-1,-1.0
18443,18443,5107.707834275323,-8353.618117175294,149.0,-1,-1,-1.0
18444,18444,-39356.79611363471,-7098.796164306426,91.0,-1,-1,-1.0
18445,18445,34825.74237510066,-4892.630101720548,218.0,-1,-1,-1.0
18446,18446,-30004.00046577525,38398.05576863489,192.0,-1,-1,-1.0
18447,18447,14039.370803178805,10896.521486549507,282.0,-1,-1,-1.0
18448,18448,-9547.133461909089,13193.22498697292,338.0,-1,-1,-1.0
18449,18449,6153.819129625153,29154.809757813306,99.0,-1,48,58.0
18450,18450,-27613.55850519199,-6351.871673310823,338.0,-1,-1,-1.0
18451,18451,-22626.56038534176,25063.94793163241,252.0,-1,-1,-1.0
18452,18452,21219.617874700976,17560.549976588263,8.0,-1,18,-1.0
18453,18453,-21183.95306518941,-13123.863040297363,43.0,-1,-1,-1.0
18454,18454,-662.0629753310932,28020.169480407625,96.0,-1,-1,-1.0
18455,18455,-39872.60838132573,34480.29066861961,9.0,-1,-1,-1.0
18456,18456,9094.886765922056,-21140.10748173572,269.0,-1,-1,-1.0
18457,18457,-15442.457247141208,-3329.092432014848,159.0,-1,-1,-1.0
18458,18458,-3493.3049786970587,5317.143418599138,53.0,-1,27,-1.0
18459,18459,26545.30391958101,31269.88333616196,468.0,-1,-1,-1.0
18460,18460,23689.729273141587,24793.106882885942,403.0,-1,-1,-1.0
18461,18461,31485.99348503709,25206.16791915693,345.0,-1,-1,-1.0
18462,18462,-19800.905352938844,-26297.319389048105,165.0,-1,-1,-1.0
18463,18463,-21359.593807974063,5149.709197752149,387.0,-1,-1,-1.0
18464,18464,-8322.153992196829,-36166.22011878056,453.0,-1,-1,-1.0
18465,18465,17608.620288119484,-3821.0595365828704,125.0,-1,-1,-1.0
18466,18466,7643.758654282101,3247.9003166371917,335.0,-1,-1,-1.0
18467,18467,-23621.59658055425,-6542.425016764595,227.0,-1,-1,-1.0
18468,18468,-3455.386815671321,-12541.942287837535,319.0,-1,31,-1.0
18469,18469,5317.870715120305,-12926.7527893471,29.0,-1,-1,-1.0
18470,18470,-31378.85485167634,-7338.74990241195,433.0,-1,41,-1.0
18471,18471,23006.769730032556,-20142.06613770523,362.0,-1,-1,-1.0
18472,18472,-19596.21310003197,39419.67910564055,51.0,-1,-1,-1.0
18473,18473,-20342.465281669844,33276.68266435064,344.0,-1,-1,-1.0
18474,18474,-11979.534563468833,-33862.29622888344,428.0,-1,-1,-1.0
18475,18475,-1511.8942993613528,13996.62694080112,389.0,-1,-1,-1.0
18476,18476,1505.4864293811552,-27694.85738393441,495.0,-1,25,-1.0
18477,18477,1279.8180708499203,1814.1755166635776,352.0,-1,-1,-1.0
18478,18478,-19898.17003851392,38108.41794542332,382.0,-1,-1,-1.0
18479,18479,-32849.26681741519,35497.7820214449,337.0,-1,-1,-1.0
18480,18480,-19944.4161371778,-30112.285617460024,224.0,-1,-1,-1.0
18481,18481,-38965.510569813225,30322.267571397577,261.0,-1,-1,-1.0
18482,18482,-967.9379907772454,-6879.173817466712,137.0,-1,-1,-1.0
18483,18483,-14795.592495764184,-35405.299206651485,483.0,-1,-1,-1.0
18484,18484,-32782.086626413555,24601.7078437385,335.0,-1,-1,-1.0
18485,18485,17081.953882588772,-11263.133626320328,374.0,-1,-1,-1.0
18486,18486,-16750.571426783907,-26314.2007547936,140.0,-1,36,-1.0
18487,18487,9085.668523633409,25180.38772778028,331.0,-1,-1,-1.0
18488,18488,15453.671709131166,14442.38966213284,1.0,-1,-1,-1.0
18489,18489,7464.821321164949,14012.699460541897,141.0,-1,-1,-1.0
18490,18490,-13488.3999771313,33343.33913227862,461.0,-1,48,-1.0
18491,18491,21503.415191532804,-14033.145943377824,427.0,-1,-1,-1.0
18492,18492,18371.219673748357,-24757.1286143525,167.0,-1,-1,-1.0
18493,18493,-37414.94112102245,26532.62608607761,493.0,-1,-1,-1.0
18494,18494,35653.35037730848,-31555.564919153054,238.0,-1,-1,-1.0
18495,18495,-30999.938630089386,5803.496941085119,241.0,-1,-1,-1.0
18496,18496,16839.971897523174,-28814.173969553,315.0,-1,-1,-1.0
18497,18497,22220.285845883183,10500.835046049877,498.0,-1,16,-1.0
18498,18498,-4697.841792146501,7153.738791418858,246.0,-1,-1,-1.0
18499,18499,38216.87099848378,20197.666941207368,29.0,-1,28,-1.0
18500,18500,19353.64899904425,10361.146145032806,83.0,-1,16,-1.0
18501,18501,17426.278341405276,-33576.00015049382,185.0,-1,-1,-1.0
18502,18502,-26334.564230314943,35865.401501000844,56.0,-1,-1,-1.0
18503,18503,3564.134706470766,8112.664522028892,318.0,-1,27,-1.0
18504,18504,-29372.88342764444,-24174.984639186838,208.0,-1,39,-1.0
18505,18505,-30165.635352933507,1347.8789304386228,486.0,-1,-1,-1.0
18506,18506,1292.3783532589296,-5481.702336749826,142.0,-1,-1,-1.0
18507,18507,14857.16508051924,-16710.644875735543,229.0,-1,45,-1.0
18508,18508,-28676.157257033843,-12287.418899849668,234.0,-1,-1,-1.0
18509,18509,21540.39698114789,17972.293496981765,327.0,-1,18,-1.0
18510,18510,18833.11188455392,-7316.082211834026,478.0,-1,-1,-1.0
18511,18511,38026.75318313179,-16795.722831072748,110.0,-1,-1,-1.0
18512,18512,23172.37344620676,-15783.746281728498,296.0,-1,45,-1.0
18513,18513,-37923.57603253582,30685.87567014355,117.0,-1,-1,-1.0
18514,18514,-17359.68169031981,-10471.945108829948,119.0,-1,-1,-1.0
18515,18515,18485.647171956007,4926.736563186321,189.0,-1,-1,-1.0
18516,18516,-39133.861476335136,33351.817437585414,193.0,-1,5,-1.0
18517,18517,17735.2817660418,-8853.924491801645,399.0,-1,-1,-1.0
18518,18518,-17744.329378956136,-1039.0666425695308,213.0,-1,43,49.0
18519,18519,913.6089169212792,-7055.77891351375,44.0,-1,31,-1.0
18520,18520,38699.42961920641,10145.22594370372,77.0,-1,-1,-1.0
18521,18521,-38530.718341127664,-17411.623395864328,129.0,-1,0,-1.0
18522,18522,-9169.850489314824,24502.18662328666,384.0,-1,-1,-1.0
18523,18523,2152.271841069851,-35947.271192891625,208.0,-1,-1,-1.0
18524,18524,23107.13595247826,-32169.179262238653,296.0,-1,-1,-1.0
18525,18525,-8456.066728142825,-13268.589030580157,363.0,-1,-1,-1.0
18526,18526,-25648.940104857236,26802.870715751797,431.0,-1,-1,-1.0
18527,18527,23095.006618191463,23105.146988367283,365.0,-1,-1,-1.0
18528,18528,-286.2297185452044,-28074.11986408357,276.0,-1,-1,-1.0
18529,18529,-159.665280077832,-38484.83466706724,51.0,-1,-1,-1.0
18530,18530,4485.039884747312,28755.210659129167,222.0,-1,48,-1.0
18531,18531,-17561.07662170083,-11708.851637834588,408.0,-1,42,-1.0
18532,18532,21981.6391321446,-39693.9001547466,454.0,-1,-1,-1.0
18533,18533,35689.15282750258,33081.85707804545,142.0,-1,-1,-1.0
18534,18534,11503.58835241387,-22484.746113352845,101.0,-1,-1,-1.0
18535,18535,-22806.10499153637,34598.643677348184,221.0,-1,-1,-1.0
18536,18536,37652.72881003497,18174.46265350192,365.0,-1,28,-1.0
18537,18537,28312.876703517875,-35797.29962490948,13.0,-1,-1,-1.0
18538,18538,-28456.13967169004,35691.21423285878,467.0,-1,6,-1.0
18539,18539,-30538.708524813555,23709.364114170618,495.0,-1,-1,-1.0
18540,18540,30288.15857019191,-31186.15818148167,158.0,-1,-1,-1.0
18541,18541,37936.8876907008,-3891.945678981392,53.0,-1,-1,-1.0
18542,18542,-680.8764731265692,-19682.4131690694,468.0,-1,31,-1.0
18543,18543,-34612.50898810063,-13318.705754684306,255.0,-1,-1,-1.0
18544,18544,6197.074823044517,-7139.632837955629,455.0,-1,-1,-1.0
18545,18545,-25120.33528951288,24116.375925867596,375.0,-1,-1,-1.0
18546,18546,7197.176341564795,-36745.14047546566,172.0,-1,1,-1.0
18547,18547,16899.995201790727,39972.192093312,59.0,-1,-1,-1.0
18548,18548,25029.78273073725,-17434.324967157285,84.0,-1,-1,-1.0
18549,18549,-11360.967450619297,18672.29308648493,320.0,-1,-1,-1.0
18550,18550,29874.75240995437,-17190.512272789834,58.0,-1,-1,-1.0
18551,18551,-7276.606050004604,23692.77289610209,179.0,-1,-1,-1.0
18552,18552,4073.942395774,-10106.477967612584,483.0,-1,31,-1.0
18553,18553,-12359.26350289062,-30235.92792234544,410.0,-1,-1,-1.0
18554,18554,-37855.88330400765,-18399.231424837624,139.0,-1,0,-1.0
18555,18555,38841.86491514873,34941.4232364112,170.0,-1,-1,-1.0
18556,18556,-4935.263026060311,1538.894300676191,259.0,-1,27,-1.0
18557,18557,3596.5330240995463,25435.75126706249,367.0,-1,48,-1.0
18558,18558,28785.988035066985,-5766.522273536088,219.0,-1,-1,-1.0
18559,18559,34797.258680756306,18093.824503538395,232.0,-1,28,-1.0
18560,18560,-18944.52803186282,-5525.968709199064,282.0,-1,-1,-1.0
18561,18561,-25704.459149297705,21298.905969273463,81.0,-1,-1,-1.0
18562,18562,32091.20912423996,-10581.444899694146,302.0,-1,-1,-1.0
18563,18563,-14718.78095454281,30898.00284556899,462.0,-1,-1,-1.0
18564,18564,-27524.918933159217,24746.40750768172,353.0,-1,48,59.0
18565,18565,-39840.068925446496,-39156.49077322721,159.0,-1,-1,-1.0
18566,18566,15173.999522518085,-28323.75065083384,478.0,-1,-1,-1.0
18567,18567,19520.700410563823,31453.24831633536,21.0,-1,30,-1.0
18568,18568,-16713.31825163776,-36427.99419611174,189.0,-1,-1,-1.0
18569,18569,-35410.86427772347,13025.41920195384,258.0,-1,-1,-1.0
18570,18570,6993.199339712606,37920.6481097864,129.0,-1,-1,-1.0
18571,18571,11065.124536123927,30170.167228283182,273.0,-1,-1,-1.0
18572,18572,34244.98317602201,23844.61597899704,368.0,-1,-1,-1.0
18573,18573,28658.128507932648,29101.158267223727,8.0,-1,10,-1.0
18574,18574,37725.48241827353,1165.1134757201726,258.0,-1,28,-1.0
18575,18575,-474.4932121750462,13800.19815137871,158.0,-1,-1,-1.0
18576,18576,13834.153873836134,-5013.679690498859,478.0,-1,13,-1.0
18577,18577,6135.655486839001,-7488.338044128664,13.0,-1,-1,-1.0
18578,18578,8971.904494052731,-9880.813210368862,331.0,-1,-1,-1.0
18579,18579,18789.851676374667,-7417.402994315038,75.0,-1,-1,-1.0
18580,18580,576.0312565028216,1820.556061006755,237.0,-1,22,-1.0
18581,18581,13594.486552221417,26483.58860910044,194.0,-1,-1,-1.0
18582,18582,36686.251948478704,-2765.778979887444,335.0,-1,-1,-1.0
18583,18583,-27769.358387221106,734.9009635694456,170.0,-1,-1,-1.0
18584,18584,-31217.76814354872,-13752.838491449817,2.0,-1,-1,-1.0
18585,18585,-26970.93252379032,-29645.30978557249,389.0,-1,-1,-1.0
18586,18586,-39053.44168639128,-6111.43332449883,89.0,-1,-1,-1.0
18587,18587,-3074.2250989147437,24641.648158830947,377.0,-1,-1,-1.0
18588,18588,31994.618265892652,4881.479632013936,315.0,-1,-1,-1.0
18589,18589,-2295.7148378305646,8730.667611464203,326.0,-1,-1,-1.0
18590,18590,-13930.901104897675,-33284.81042755074,282.0,-1,-1,-1.0
18591,18591,8090.87284512935,-2734.594063334647,249.0,-1,-1,-1.0
18592,18592,33583.16561889459,-14059.869074317685,92.0,-1,-1,-1.0
18593,18593,-22026.72694508609,15098.02836287261,4.0,-1,-1,-1.0
18594,18594,-12865.247759794958,-19908.76385090684,124.0,-1,-1,-1.0
18595,18595,-11684.637602054638,15962.659183241303,253.0,-1,-1,-1.0
18596,18596,-27894.41436478743,-1600.7481595808058,276.0,-1,41,-1.0
18597,18597,10114.71559687394,18933.011119983777,113.0,-1,-1,-1.0
18598,18598,26157.99681699874,-14366.710970967764,292.0,-1,45,-1.0
18599,18599,-24473.700683575506,-33810.64527573825,336.0,-1,12,-1.0
18600,18600,-28426.794286080847,2215.362320433218,16.0,-1,-1,-1.0
18601,18601,-8501.442786743726,-97.63858038342003,17.0,-1,-1,-1.0
18602,18602,-25487.0716489108,-37102.54393930467,52.0,-1,-1,-1.0
18603,18603,7803.725693157728,38715.33201191228,1.0,-1,-1,-1.0
18604,18604,-31229.169459743964,-38016.0258209958,312.0,-1,-1,-1.0
18605,18605,-18697.79290254213,11889.315350828532,278.0,-1,-1,-1.0
18606,18606,25573.323083553914,-19816.7436205091,372.0,-1,-1,-1.0
18607,18607,3298.536115792551,31499.36078198481,359.0,-1,48,-1.0
18608,18608,10699.84781657344,-8172.959078156276,396.0,-1,13,-1.0
18609,18609,14332.864931602358,439.94930776237015,306.0,-1,2,-1.0
18610,18610,1456.952667989979,-34958.83792362711,258.0,-1,-1,-1.0
18611,18611,31095.934400511207,19111.078346108166,136.0,-1,28,-1.0
18612,18612,29127.901162671056,-37438.84059123336,334.0,-1,-1,-1.0
18613,18613,35577.2752826933,-11447.449280684286,264.0,-1,-1,-1.0
18614,18614,16137.876788570233,-38410.15388652048,382.0,-1,-1,-1.0
18615,18615,-36064.235724836144,-29792.708050532645,51.0,-1,20,-1.0
18616,18616,-34183.40843578193,1001.2141041078504,206.0,-1,29,-1.0
18617,18617,-20235.85477232213,3595.950985102856,247.0,-1,-1,-1.0
18618,18618,-23144.29096229828,-17996.03534672743,10.0,-1,-1,-1.0
18619,18619,29947.64326241284,38614.25939856899,150.0,-1,11,-1.0
18620,18620,-6311.196092187303,-26254.034386866384,178.0,-1,25,-1.0
18621,18621,29253.63351776435,3694.8578552327526,401.0,-1,-1,-1.0
18622,18622,951.9124024730336,-15793.973040557878,239.0,-1,31,-1.0
18623,18623,-3073.172605203676,-9247.661474478024,134.0,-1,31,36.0
18624,18624,-22476.045017535427,6516.554446007984,354.0,-1,-1,-1.0
18625,18625,32129.169363373992,17329.71070151554,206.0,-1,-1,-1.0
18626,18626,-29679.738823990258,-6033.770872471039,416.0,-1,41,-1.0
18627,18627,-8205.703026967949,-8454.755778285002,467.0,-1,31,-1.0
18628,18628,27706.47114280738,-10916.07074584104,108.0,-1,-1,-1.0
18629,18629,-13276.90417480146,1182.1295238431048,55.0,-1,-1,-1.0
18630,18630,26756.896795293596,-25572.178763143835,300.0,-1,45,-1.0
18631,18631,-29247.84813688503,-4459.65019195155,328.0,-1,41,47.0
18632,18632,-17330.45028889033,-7941.097683256092,392.0,-1,43,-1.0
18633,18633,17262.5875578321,-16189.362179217933,384.0,-1,45,-1.0
18634,18634,-15827.804890901698,19707.007907717976,134.0,-1,-1,-1.0
18635,18635,-8966.330630478944,-24965.46809722222,178.0,-1,-1,-1.0
18636,18636,36412.02804395821,-21599.775453063943,190.0,-1,-1,-1.0
18637,18637,-22593.190478026598,28824.77716895027,250.0,-1,-1,-1.0
18638,18638,38323.0400872077,-30143.05426792828,125.0,-1,-1,-1.0
18639,18639,2880.7322910890143,20802.47718260488,127.0,-1,46,54.0
18640,18640,21261.866838954447,2825.299634512805,177.0,-1,-1,-1.0
18641,18641,26269.25138579498,20897.70229414693,399.0,-1,18,-1.0
18642,18642,-19457.44100485807,-26151.30086884088,356.0,-1,-1,-1.0
18643,18643,-16063.19709376727,-16926.825095176657,387.0,-1,31,-1.0
18644,18644,-13465.899359465566,31905.67681344261,96.0,-1,48,-1.0
18645,18645,-17169.092820308302,-9299.920320202767,140.0,-1,-1,-1.0
18646,18646,15715.094461872292,24657.209663150425,290.0,-1,9,-1.0
18647,18647,-3912.744378913325,5317.27770205836,179.0,-1,27,-1.0
18648,18648,37812.709221198034,36895.60843167757,467.0,-1,-1,-1.0
18649,18649,25943.40572529976,-18130.398893460395,329.0,-1,45,-1.0
18650,18650,36157.56712792056,-18127.363550720307,434.0,-1,-1,-1.0
18651,18651,7995.37614748162,-30049.468609151227,254.0,-1,-1,-1.0
18652,18652,-20687.788704276874,5208.890968769847,63.0,-1,-1,-1.0
18653,18653,-13664.08749277426,-34771.34452197004,333.0,-1,36,-1.0
18654,18654,-2107.507435358464,2340.917555615939,135.0,-1,-1,-1.0
18655,18655,-21949.86053715356,36553.46085869261,169.0,-1,-1,-1.0
18656,18656,6504.305457880531,-28455.438474985745,376.0,-1,31,-1.0
18657,18657,-17234.014155123932,36578.16733001338,212.0,-1,-1,-1.0
18658,18658,3693.815697921098,-23449.56513436979,21.0,-1,31,-1.0
18659,18659,13168.33444110091,8506.653425852783,274.0,-1,-1,-1.0
18660,18660,-29866.454049441727,28124.95821726593,121.0,-1,-1,-1.0
18661,18661,15662.35868639972,-10333.075736423929,343.0,-1,-1,-1.0
18662,18662,30682.12339704421,15861.96075919817,465.0,-1,-1,-1.0
18663,18663,28553.95857661801,8476.044990162569,367.0,-1,-1,-1.0
18664,18664,36826.86440088521,-25851.22947842009,173.0,-1,-1,-1.0
18665,18665,38683.49112531828,13652.043675385015,482.0,-1,-1,-1.0
18666,18666,12894.757081957016,-30661.06586443718,196.0,-1,-1,-1.0
18667,18667,-30816.89380655705,-31656.55257410508,314.0,-1,-1,-1.0
18668,18668,19755.33175796716,24073.44312965961,13.0,-1,18,-1.0
18669,18669,-35374.71938951204,-26103.847859681773,233.0,-1,-1,-1.0
18670,18670,-21971.86732926341,-20622.509507021357,301.0,-1,-1,-1.0
18671,18671,-19228.85065069284,22468.07918967607,151.0,-1,-1,-1.0
18672,18672,-15658.952856636504,2171.721875199932,313.0,-1,-1,-1.0
18673,18673,11869.899926595426,-14151.175940298712,281.0,-1,-1,-1.0
18674,18674,20221.46893028925,-11055.47180936985,460.0,-1,-1,-1.0
18675,18675,27012.358390080044,-7601.339277369589,288.0,-1,-1,-1.0
18676,18676,-39243.87342961258,-6601.693223496084,409.0,-1,-1,-1.0
18677,18677,3584.0558457008883,-2374.35876315675,206.0,-1,-1,-1.0
18678,18678,10584.127741786047,4531.247111107747,22.0,-1,-1,-1.0
18679,18679,-27383.99318380247,31982.715429636766,131.0,-1,-1,-1.0
18680,18680,37617.46314977444,-30907.80772490548,159.0,-1,-1,-1.0
18681,18681,39622.64039149037,1170.995312005347,35.0,-1,-1,-1.0
18682,18682,17504.793322843536,-33293.86191546908,245.0,-1,-1,-1.0
18683,18683,2790.7248955024115,14952.01209692368,270.0,-1,8,-1.0
18684,18684,-34170.44529783023,34917.34690978173,410.0,-1,-1,-1.0
18685,18685,13430.99887445075,-16022.125612068372,212.0,-1,-1,-1.0
18686,18686,-39231.686095426805,-12335.516271098462,241.0,-1,-1,-1.0
18687,18687,9181.585677185336,-30784.932725688974,336.0,-1,-1,-1.0
18688,18688,-22345.457002238512,29861.33983487045,420.0,-1,-1,-1.0
18689,18689,37359.8023423977,-37567.29490950602,219.0,-1,21,-1.0
18690,18690,-15298.364122368548,-20043.24221123751,53.0,-1,-1,-1.0
18691,18691,-7201.564140202805,34328.07596520145,378.0,-1,-1,-1.0
18692,18692,19519.35754621486,-23441.687847594163,177.0,-1,-1,-1.0
18693,18693,-19865.772541763818,-37100.56925209789,5.0,-1,-1,-1.0
18694,18694,-34793.03668398111,-3579.6286973101523,251.0,-1,-1,-1.0
18695,18695,-23702.38197011293,33961.940725557884,179.0,-1,-1,-1.0
18696,18696,23062.01753193223,9230.354728474522,427.0,-1,-1,-1.0
18697,18697,-27303.01871997115,16073.212677049014,370.0,-1,-1,-1.0
18698,18698,23571.913997020965,37923.8308646809,449.0,-1,-1,-1.0
18699,18699,-34624.37703860889,23013.51574156434,310.0,-1,23,-1.0
18700,18700,7957.406686879709,36265.424439428665,446.0,-1,-1,-1.0
18701,18701,9376.129472133509,3950.987694124662,195.0,-1,-1,-1.0
18702,18702,-38693.35966282888,33311.513690977474,319.0,-1,5,6.0
18703,18703,-35387.55903542231,-21251.19290197976,194.0,-1,-1,-1.0
18704,18704,-12046.64357094912,-10686.688292041948,128.0,-1,-1,-1.0
18705,18705,7747.244433096639,-34549.50162105773,492.0,-1,1,-1.0
18706,18706,30697.17528000119,-4185.137469965543,438.0,-1,-1,-1.0
18707,18707,-5360.970951309129,12875.202789136529,186.0,-1,-1,-1.0
18708,18708,32201.03951808684,-25390.244406167807,71.0,-1,-1,-1.0
18709,18709,-13851.261262160682,-9906.771596205246,115.0,-1,-1,-1.0
18710,18710,34273.46563430839,30382.44681811359,411.0,-1,10,-1.0
18711,18711,14342.664752310367,1725.1199054014578,12.0,-1,2,-1.0
18712,18712,4965.747087379437,28518.683319542422,58.0,-1,48,-1.0
18713,18713,31136.993629914898,-3431.780093654779,86.0,-1,-1,-1.0
18714,18714,9378.582956464445,36271.02717740909,310.0,-1,-1,-1.0
18715,18715,18351.94679966325,30860.45689945339,228.0,-1,-1,-1.0
18716,18716,-7468.236282849928,-33391.22488107787,8.0,-1,35,-1.0
18717,18717,18551.82061033125,-5040.11909826121,395.0,-1,-1,-1.0
18718,18718,27140.04628252503,-718.79081922982,182.0,-1,33,-1.0
18719,18719,5480.928471026629,25561.7362421359,287.0,-1,48,56.0
18720,18720,-38586.74630738874,-10088.43704724094,98.0,-1,-1,-1.0
18721,18721,-7031.914192916367,38755.06094376123,41.0,-1,-1,-1.0
18722,18722,-29069.45574539886,-8481.464873020686,160.0,-1,41,47.0
18723,18723,3564.475736667213,-11613.948214516724,417.0,-1,-1,-1.0
18724,18724,-27464.784280116477,-22329.0744581657,39.0,-1,-1,-1.0
18725,18725,2754.3410761244013,-9761.819409576525,391.0,-1,31,-1.0
18726,18726,8333.23997537337,-11337.134388760522,130.0,-1,-1,-1.0
18727,18727,4319.664949508158,29518.1584307889,195.0,-1,-1,-1.0
18728,18728,-15629.450081429946,3415.6241435585544,99.0,-1,-1,-1.0
18729,18729,-34030.99074569264,2755.5194638389294,130.0,-1,-1,-1.0
18730,18730,-4372.0052332783525,1384.9725299965794,116.0,-1,27,-1.0
18731,18731,38791.98318567329,-33276.28397007623,299.0,-1,-1,-1.0
18732,18732,-33337.764533134585,-30326.097016616597,274.0,-1,34,-1.0
18733,18733,28368.02992849576,-20720.2265762418,136.0,-1,45,-1.0
18734,18734,-39290.56687772813,-15047.96273574984,14.0,-1,-1,-1.0
18735,18735,24245.052695139544,-3686.501385071562,297.0,-1,-1,-1.0
18736,18736,-30868.071131302542,6936.329652170709,257.0,-1,-1,-1.0
18737,18737,8972.288283039423,1311.5812521806874,268.0,-1,-1,-1.0
18738,18738,-11809.309033524887,-36827.02170805996,101.0,-1,-1,-1.0
18739,18739,24914.403927733176,25920.70546220208,18.0,-1,-1,-1.0
18740,18740,-13670.817818474152,-14443.784756981098,414.0,-1,-1,-1.0
18741,18741,32464.004552979823,11197.22973818294,357.0,-1,-1,-1.0
18742,18742,37837.54855010976,-22190.73515056267,365.0,-1,-1,-1.0
18743,18743,25713.965656837347,-12976.014097326071,51.0,-1,-1,-1.0
18744,18744,21605.724508749285,-8178.2887604024,382.0,-1,-1,-1.0
18745,18745,22549.77899914218,251.39243982287732,79.0,-1,-1,-1.0
18746,18746,-38482.211888864535,-9846.886315645352,277.0,-1,-1,-1.0
18747,18747,-15438.319637691064,-38878.83872523887,131.0,-1,-1,-1.0
18748,18748,6008.47010121942,-29598.27289619468,255.0,-1,31,-1.0
18749,18749,24826.25884522224,-25262.99889153405,217.0,-1,-1,-1.0
18750,18750,27998.202544512227,-15329.996292393,370.0,-1,-1,-1.0
18751,18751,39012.02598979119,23641.74457034248,131.0,-1,-1,-1.0
18752,18752,-17388.671231317003,-10180.521190332383,123.0,-1,-1,-1.0
18753,18753,16566.087437448172,36447.96455223384,54.0,-1,-1,-1.0
18754,18754,35332.13374274621,-38753.16167988024,126.0,-1,-1,-1.0
18755,18755,5825.686174491071,9151.257069710451,317.0,-1,-1,-1.0
18756,18756,17055.77649685948,3964.292334411737,284.0,-1,-1,-1.0
18757,18757,18572.1995596848,-10652.001145568236,400.0,-1,44,-1.0
18758,18758,26624.487465992104,28482.596510944204,230.0,-1,-1,-1.0
18759,18759,16512.270032414985,36888.01757726022,245.0,-1,-1,-1.0
18760,18760,14327.125735139103,-16974.418799767667,221.0,-1,45,-1.0
18761,18761,29402.369015184624,-3314.06092756163,322.0,-1,-1,-1.0
18762,18762,32705.613419323665,12396.768240937325,217.0,-1,28,-1.0
18763,18763,-19408.717378663023,-22224.55508715913,251.0,-1,-1,-1.0
18764,18764,2562.5902240806463,32048.677244715625,305.0,-1,48,-1.0
18765,18765,-17979.03486041383,20567.14142063928,405.0,-1,-1,-1.0
18766,18766,-7427.366779785221,-29986.152208482235,155.0,-1,-1,-1.0
18767,18767,-19417.01661437033,35352.9090209867,346.0,-1,-1,-1.0
18768,18768,21721.189423556243,21744.80076897936,372.0,-1,-1,-1.0
18769,18769,32783.732658343026,-18939.33786371325,283.0,-1,-1,-1.0
18770,18770,-5762.802381658483,-34688.74768821373,64.0,-1,35,-1.0
18771,18771,-29552.539234569667,-7132.8497647606855,189.0,-1,41,47.0
18772,18772,9898.10995891477,-2284.350966264436,68.0,-1,-1,-1.0
18773,18773,-33225.07774483178,30672.11343361596,415.0,-1,6,-1.0
18774,18774,-5472.6249438632,34503.63901889145,496.0,-1,48,-1.0
18775,18775,35046.92989493349,-9442.265312040465,253.0,-1,-1,-1.0
18776,18776,-29005.80083402639,21064.686050204877,61.0,-1,-1,-1.0
18777,18777,-28383.766122247387,-32586.23381793049,38.0,-1,-1,-1.0
18778,18778,26462.80608361392,3164.935173171325,297.0,-1,-1,-1.0
18779,18779,16615.127874780737,-17575.579241221745,6.0,-1,45,-1.0
18780,18780,8222.693198432731,29259.9921274097,109.0,-1,48,58.0
18781,18781,29237.36264301515,-11857.945416995444,161.0,-1,-1,-1.0
18782,18782,27580.069188333626,-17365.561510976466,352.0,-1,45,-1.0
18783,18783,-36250.03838700758,8290.501694404862,466.0,-1,24,-1.0
18784,18784,-24292.624977287145,-13020.78057337142,144.0,-1,-1,-1.0
18785,18785,-13098.986270203197,-12111.18663908877,178.0,-1,-1,-1.0
18786,18786,-9990.970653173514,15076.539916414768,29.0,-1,-1,-1.0
18787,18787,38656.19837365739,18376.758335595085,435.0,-1,28,-1.0
18788,18788,7165.817589824728,20568.835208666467,425.0,-1,-1,-1.0
18789,18789,-25357.39152957253,23428.651880666395,362.0,-1,-1,-1.0
18790,18790,-6939.027652815486,28045.19988447448,96.0,-1,48,56.0
18791,18791,35149.52161429879,13935.615133723302,78.0,-1,28,32.0
18792,18792,-37183.60409002892,8256.154743192215,3.0,-1,24,-1.0
18793,18793,-10594.281778948334,-2504.291304748156,141.0,-1,-1,-1.0
18794,18794,-28144.936641876426,1144.2099623509205,117.0,-1,-1,-1.0
18795,18795,18264.480437545404,-25264.116530981628,203.0,-1,-1,-1.0
18796,18796,14631.531817031331,2492.0394763855948,300.0,-1,2,-1.0
18797,18797,-15016.967339027022,-476.5808198679006,298.0,-1,-1,-1.0
18798,18798,25552.76556987634,-9288.59427220636,140.0,-1,-1,-1.0
18799,18799,-36718.7593836477,-18717.618092145636,131.0,-1,-1,-1.0
18800,18800,-25350.864417274373,-4673.719113187624,340.0,-1,-1,-1.0
18801,18801,-13278.238477247489,18526.240452868595,301.0,-1,-1,-1.0
18802,18802,-32673.598208331045,13477.491709831696,393.0,-1,24,-1.0
18803,18803,-22765.609570412755,1829.976835100766,267.0,-1,-1,-1.0
18804,18804,19118.91964716825,-31985.577854338044,150.0,-1,-1,-1.0
18805,18805,-33641.7599704462,33048.50497090486,93.0,-1,-1,-1.0
18806,18806,21036.449756561167,15578.32216929926,459.0,-1,18,-1.0
18807,18807,-23908.75731171616,24235.318912281316,272.0,-1,-1,-1.0
18808,18808,37720.63508112046,4880.056239446916,463.0,-1,28,-1.0
18809,18809,35817.645656324254,39476.71572092506,35.0,-1,-1,-1.0
18810,18810,-30169.91937450473,-5372.609479896724,490.0,-1,41,-1.0
18811,18811,-38218.39932527784,-3878.799361759004,235.0,-1,-1,-1.0
18812,18812,13326.560838036296,-3669.7542135666654,17.0,-1,-1,-1.0
18813,18813,-29500.22290106675,22369.015583657037,469.0,-1,-1,-1.0
18814,18814,-31628.578874045343,20119.72855659301,486.0,-1,40,-1.0
18815,18815,12570.24186093096,39459.44696809273,389.0,-1,-1,-1.0
18816,18816,-12453.94023394206,-785.1762220203746,255.0,-1,-1,-1.0
18817,18817,14432.573369178084,-30424.992070993416,225.0,-1,3,-1.0
18818,18818,22032.91165375933,6899.555825723117,377.0,-1,16,-1.0
18819,18819,25294.087211051687,8256.314994097578,487.0,-1,15,-1.0
18820,18820,-35463.05643009117,-9157.240660122134,285.0,-1,32,38.0
18821,18821,-11154.05230890292,-11460.04537078542,363.0,-1,-1,-1.0
18822,18822,-29680.3312410887,31597.750076422177,55.0,-1,-1,-1.0
18823,18823,-15898.253702710292,-19914.4247647204,259.0,-1,-1,-1.0
18824,18824,33514.3759304921,-20634.64830066421,156.0,-1,-1,-1.0
18825,18825,35026.162563212914,16562.811399791608,457.0,-1,28,-1.0
18826,18826,-5312.546748685832,25821.46747294633,229.0,-1,48,-1.0
18827,18827,-21649.02392853181,-14216.144582926623,55.0,-1,-1,-1.0
18828,18828,18984.408705468915,-7096.736407156117,48.0,-1,-1,-1.0
18829,18829,15824.983525733296,-13178.014243809972,493.0,-1,-1,-1.0
18830,18830,32929.73464934155,-25600.310180583125,459.0,-1,45,-1.0
18831,18831,-23563.024545732176,-38417.50765304225,298.0,-1,-1,-1.0
18832,18832,13832.85711308664,-34810.656765415595,309.0,-1,4,-1.0
18833,18833,-11032.180925591096,-1217.3487133639064,77.0,-1,-1,-1.0
18834,18834,16908.633589616467,-37842.27800863339,445.0,-1,-1,-1.0
18835,18835,32918.41877040193,-11402.51404648307,348.0,-1,-1,-1.0
18836,18836,13970.682881771158,-12035.31121002234,248.0,-1,-1,-1.0
18837,18837,-33237.12233226749,-28241.674995366964,146.0,-1,-1,-1.0
18838,18838,6150.102706982878,-28938.153266279827,72.0,-1,31,35.0
18839,18839,-45.55629753379617,9451.068034151876,230.0,-1,-1,-1.0
18840,18840,1999.2627597637768,-28158.32346594287,196.0,-1,25,-1.0
18841,18841,-25318.526596743966,-26220.043735072133,436.0,-1,38,-1.0
18842,18842,-18032.36623820128,-2590.106554506601,70.0,-1,43,-1.0
18843,18843,-24185.892694575567,96.08967595821014,358.0,-1,-1,-1.0
18844,18844,-24155.935866024327,35058.98174672696,483.0,-1,-1,-1.0
18845,18845,18573.69206102094,-2653.3795781524896,4.0,-1,-1,-1.0
18846,18846,-4806.257434742045,22980.32056507279,401.0,-1,-1,-1.0
18847,18847,38783.3144883662,29851.7135206954,251.0,-1,10,-1.0
18848,18848,-31462.25096720381,-2379.6797450823287,218.0,-1,-1,-1.0
18849,18849,1068.5101561385236,-12865.293180209446,446.0,-1,31,-1.0
18850,18850,11435.380623879362,-34426.98548134169,106.0,-1,-1,-1.0
18851,18851,17556.225309529837,31083.5800415783,16.0,-1,-1,-1.0
18852,18852,-5265.69755603659,-29331.136801608365,17.0,-1,25,-1.0
18853,18853,-36933.35228636892,24177.22408359153,380.0,-1,23,-1.0
18854,18854,9955.246824229383,38657.63291255495,355.0,-1,-1,-1.0
18855,18855,36034.2959473199,-8135.394286391885,356.0,-1,33,-1.0
18856,18856,-15773.1834826473,-22992.33910449166,8.0,-1,-1,-1.0
18857,18857,38356.29689313176,-24039.79707123736,342.0,-1,-1,-1.0
18858,18858,-27461.61537255752,61.98590923505981,320.0,-1,41,-1.0
18859,18859,-11996.261774019851,33041.15775927169,88.0,-1,48,-1.0
18860,18860,-29386.245339480676,13102.777020284731,19.0,-1,-1,-1.0
18861,18861,-34310.07809719151,-19174.58692491126,231.0,-1,-1,-1.0
18862,18862,15316.370042722068,13443.286807794995,234.0,-1,-1,-1.0
18863,18863,-38961.32447885511,-29773.997838219744,224.0,-1,-1,-1.0
18864,18864,-13304.86566149511,2764.233648543035,20.0,-1,-1,-1.0
18865,18865,27317.74392349641,-1853.178611485688,111.0,-1,-1,-1.0
18866,18866,10101.402081659857,11506.00795233975,440.0,-1,-1,-1.0
18867,18867,-34761.03304184382,30754.114246847777,69.0,-1,-1,-1.0
18868,18868,-39005.31852036724,-26205.20236326888,266.0,-1,-1,-1.0
18869,18869,3341.4721211326614,-37038.25876034175,416.0,-1,1,-1.0
18870,18870,1674.681923469616,35910.84671442553,56.0,-1,-1,-1.0
18871,18871,-9386.596325236576,5701.553346343295,84.0,-1,-1,-1.0
18872,18872,19620.63054832515,-17691.300085071154,70.0,-1,-1,-1.0
18873,18873,39158.8296465834,-7826.501223315914,337.0,-1,-1,-1.0
18874,18874,-26037.5757886419,33934.38169077087,26.0,-1,-1,-1.0
18875,18875,-38580.47375951253,-10384.406369071185,473.0,-1,-1,-1.0
18876,18876,24239.824117534605,21057.45151220735,202.0,-1,-1,-1.0
18877,18877,39727.54607700893,-19790.950062800795,483.0,-1,-1,-1.0
18878,18878,-21169.187772757603,249.35523279343036,377.0,-1,-1,-1.0
18879,18879,-3541.4700879399097,-29516.19184410537,51.0,-1,-1,-1.0
18880,18880,37545.492738744375,36920.03768208614,277.0,-1,-1,-1.0
18881,18881,-39384.20008989751,12860.180653577496,468.0,-1,-1,-1.0
18882,18882,-15946.487106510362,-31621.644071325674,498.0,-1,36,-1.0
18883,18883,35885.32132700016,15578.181010000044,148.0,-1,28,-1.0
18884,18884,18692.85959093135,-33872.61760577418,198.0,-1,-1,-1.0
18885,18885,-31527.190648961805,-30952.53986231556,5.0,-1,34,-1.0
18886,18886,-12746.274519998276,-24589.538000881737,402.0,-1,-1,-1.0
18887,18887,16130.92069544069,34926.247910717706,252.0,-1,-1,-1.0
18888,18888,-25856.82944613568,-39111.04136547205,300.0,-1,-1,-1.0
18889,18889,38583.12129668912,3988.672647279709,119.0,-1,28,-1.0
18890,18890,-37660.473841517865,37605.98853290413,406.0,-1,5,-1.0
18891,18891,-11397.599903254384,-699.3365840264596,493.0,-1,-1,-1.0
18892,18892,7953.72530045153,39664.18581979713,69.0,-1,-1,-1.0
18893,18893,26047.861507023303,-37594.76449907649,425.0,-1,-1,-1.0
18894,18894,-14233.85005454648,-27467.875073846877,351.0,-1,-1,-1.0
18895,18895,23769.276383049924,-32810.92729539379,249.0,-1,-1,-1.0
18896,18896,24538.460741612987,-17668.858333794626,433.0,-1,-1,-1.0
18897,18897,-7492.751622853026,391.91148867185257,440.0,-1,-1,-1.0
18898,18898,18152.087725521505,-32259.998289629824,72.0,-1,-1,-1.0
18899,18899,-6533.565154872573,-18202.372685260543,119.0,-1,-1,-1.0
18900,18900,-21783.203255928063,-13222.495949134563,311.0,-1,-1,-1.0
18901,18901,12740.234978891,-27817.28931655981,314.0,-1,3,-1.0
18902,18902,-5453.106956796219,-17576.5944175995,473.0,-1,-1,-1.0
18903,18903,39248.71100882096,-27547.53466059957,107.0,-1,-1,-1.0
18904,18904,35187.69682533575,-4390.894902836008,86.0,-1,-1,-1.0
18905,18905,38034.556007726496,-22859.513512124235,185.0,-1,-1,-1.0
18906,18906,21356.76562944012,15423.682002466428,3.0,-1,18,-1.0
18907,18907,-8094.585369789947,-9008.92113422686,183.0,-1,31,-1.0
18908,18908,-34739.038436411414,38162.353470896414,7.0,-1,5,-1.0
18909,18909,30507.52933402808,-15118.16927759569,297.0,-1,-1,-1.0
18910,18910,-9924.222714941956,-12118.8591842911,137.0,-1,31,-1.0
18911,18911,-5499.827058095711,38368.79172381123,277.0,-1,-1,-1.0
18912,18912,-35318.73863450257,-32255.135452437644,468.0,-1,-1,-1.0
18913,18913,-20288.08566347979,-3354.473419171285,445.0,-1,-1,-1.0
18914,18914,28228.131935260608,-3175.491369812393,314.0,-1,-1,-1.0
18915,18915,22810.304639859613,35762.58058892866,136.0,-1,-1,-1.0
18916,18916,29848.064217783078,-3068.0648136363307,388.0,-1,-1,-1.0
18917,18917,23024.692773471343,5617.160924256925,27.0,-1,-1,-1.0
18918,18918,-9733.516950662535,5401.541807477319,371.0,-1,-1,-1.0
18919,18919,27316.982421464447,-22061.13920288792,170.0,-1,45,-1.0
18920,18920,-6004.242449556346,-2693.9021018324565,255.0,-1,-1,-1.0
18921,18921,-33667.686752502785,-36501.5575249134,329.0,-1,19,-1.0
18922,18922,38394.13075893298,-35553.553332917094,466.0,-1,-1,-1.0
18923,18923,-39058.22461781819,-34094.39925561135,473.0,-1,-1,-1.0
18924,18924,33483.32038182348,27770.176908689624,297.0,-1,-1,-1.0
18925,18925,37880.2263231065,26508.304416066225,84.0,-1,-1,-1.0
18926,18926,-38865.369853142176,35428.97853282241,283.0,-1,5,-1.0
18927,18927,17192.167004021474,29701.248778107823,77.0,-1,-1,-1.0
18928,18928,39134.77968045132,34422.34482947641,386.0,-1,-1,-1.0
18929,18929,-34434.56516642097,27797.207563317963,12.0,-1,-1,-1.0
18930,18930,-22342.089335430355,-33889.83456767324,189.0,-1,-1,-1.0
18931,18931,-13195.324742340898,-11952.545504316997,238.0,-1,-1,-1.0
18932,18932,-866.0887566054589,14125.7956394449,193.0,-1,-1,-1.0
18933,18933,27249.138066066167,-6573.650986326749,477.0,-1,-1,-1.0
18934,18934,5116.378171580815,31353.19836776737,438.0,-1,48,-1.0
18935,18935,13903.471705347149,-25839.72935793658,457.0,-1,3,-1.0
18936,18936,-37817.51154539254,-30745.57299968438,81.0,-1,20,23.0
18937,18937,7170.371957567972,-35438.877012773526,6.0,-1,1,-1.0
18938,18938,26377.82984216114,-37810.83689105513,323.0,-1,-1,-1.0
18939,18939,-20070.245113025157,-9440.3443762038,372.0,-1,-1,-1.0
18940,18940,-4507.274380875177,23885.84697601588,484.0,-1,-1,-1.0
18941,18941,-39003.44477155645,14723.669615259969,489.0,-1,-1,-1.0
18942,18942,-29583.140849693875,-32120.100495926494,373.0,-1,34,-1.0
18943,18943,-524.0678522841627,-23153.758066914244,469.0,-1,-1,-1.0
18944,18944,23889.62015124817,-494.6180570283177,300.0,-1,-1,-1.0
18945,18945,25430.249595661066,-17654.435931465072,90.0,-1,-1,-1.0
18946,18946,15102.727543245666,33316.68627192982,271.0,-1,47,-1.0
18947,18947,-38529.58254142226,37829.29696211689,278.0,-1,-1,-1.0
18948,18948,16500.00950179124,17655.144017013765,237.0,-1,-1,-1.0
18949,18949,23324.83976975726,28189.05701037489,337.0,-1,-1,-1.0
18950,18950,-33247.435612579175,-35610.66952655575,276.0,-1,19,-1.0
18951,18951,18897.372468440364,4343.251847738073,46.0,-1,-1,-1.0
18952,18952,25597.06702926892,23732.58079197781,9.0,-1,18,-1.0
18953,18953,28360.476306506665,-725.9349704486376,383.0,-1,33,-1.0
18954,18954,24173.82196278213,38451.7335836173,304.0,-1,-1,-1.0
18955,18955,5154.404744053827,22171.028772179023,39.0,-1,46,-1.0
18956,18956,-21003.757369214745,20705.732830145484,62.0,-1,-1,-1.0
18957,18957,13524.526528420009,-36793.31899320299,376.0,-1,4,-1.0
18958,18958,-36431.04865671468,-405.3928713537389,254.0,-1,-1,-1.0
18959,18959,-25451.08274274046,27739.39634824275,453.0,-1,-1,-1.0
18960,18960,-34550.1278249412,-17598.86086992638,156.0,-1,-1,-1.0
18961,18961,1035.4171353591885,6622.060294677794,299.0,-1,-1,-1.0
18962,18962,2432.251337824593,36531.15100671556,254.0,-1,48,-1.0
18963,18963,-6329.403688176433,-9891.299969863176,41.0,-1,-1,-1.0
18964,18964,-33856.4181996482,39126.21412507084,463.0,-1,5,-1.0
18965,18965,874.7839998082636,14617.77236999468,81.0,-1,-1,-1.0
18966,18966,-28574.55943854167,10731.887536392242,409.0,-1,-1,-1.0
18967,18967,-17713.379977227665,-28915.84816607586,444.0,-1,36,-1.0
18968,18968,-2867.3461335355314,-29139.06434493372,111.0,-1,-1,-1.0
18969,18969,-3881.54522403048,10865.510636682971,466.0,-1,-1,-1.0
18970,18970,20522.95873394799,-2669.2649979681955,290.0,-1,-1,-1.0
18971,18971,5550.573110475227,23846.38785532605,15.0,-1,-1,-1.0
18972,18972,-24696.226389498443,-25861.360250024594,134.0,-1,38,-1.0
18973,18973,-29863.74740706385,2539.674069150504,343.0,-1,29,-1.0
18974,18974,19115.65452868538,38305.56410452392,398.0,-1,-1,-1.0
18975,18975,-34697.81332764556,-26862.77566162306,232.0,-1,-1,-1.0
18976,18976,31852.328914039143,-28798.067017565536,455.0,-1,-1,-1.0
18977,18977,-27090.43629595535,-29085.26990645378,223.0,-1,-1,-1.0
18978,18978,15840.162141372704,25909.401508842187,375.0,-1,9,-1.0
18979,18979,-31766.81601070357,-26960.337077601143,90.0,-1,34,-1.0
18980,18980,2380.276902610276,-19558.383359295494,288.0,-1,31,-1.0
18981,18981,28430.17297798743,35929.87177023255,499.0,-1,-1,-1.0
18982,18982,13281.30786807306,11994.338735818608,21.0,-1,-1,-1.0
18983,18983,35081.60373491718,-19050.6924777989,439.0,-1,-1,-1.0
18984,18984,37386.43399367969,769.2039996773092,154.0,-1,28,-1.0
18985,18985,-25364.126951142804,7723.061333063706,102.0,-1,-1,-1.0
18986,18986,-26764.381092072825,-1538.0048696538724,185.0,-1,41,-1.0
18987,18987,-18138.39499163592,-2192.7011460044305,252.0,-1,43,-1.0
18988,18988,33816.825537279816,7687.484050963954,93.0,-1,-1,-1.0
18989,18989,32564.178389327964,37239.37340609601,312.0,-1,11,-1.0
18990,18990,8165.085944544728,2863.776168264776,294.0,-1,-1,-1.0
18991,18991,31448.31990710934,33411.50974789199,14.0,-1,-1,-1.0
18992,18992,-31645.670944311907,23273.08963580693,448.0,-1,-1,-1.0
18993,18993,10593.61700158503,36511.55139945331,136.0,-1,-1,-1.0
18994,18994,30750.73747197365,565.137901623697,228.0,-1,-1,-1.0
18995,18995,34940.7476702845,-20791.11561202777,123.0,-1,-1,-1.0
18996,18996,-27954.879728312717,-13971.343231109,117.0,-1,-1,-1.0
18997,18997,-35601.913788666774,17299.63086618115,186.0,-1,-1,-1.0
18998,18998,37837.24763149861,-22638.124688926822,394.0,-1,-1,-1.0
18999,18999,23978.21448497015,28850.867853289004,486.0,-1,-1,-1.0
19000,19000,-29296.175235319657,11795.01090194231,251.0,-1,-1,-1.0
19001,19001,5279.851481679623,31610.70026269329,397.0,-1,47,-1.0
19002,19002,-8551.05932248601,20807.163056655765,413.0,-1,-1,-1.0
19003,19003,-16996.412490666666,-9645.297301042356,320.0,-1,-1,-1.0
19004,19004,-24471.931177663573,-6047.473393571076,14.0,-1,-1,-1.0
19005,19005,-8695.289054703378,22996.1627461844,4.0,-1,-1,-1.0
19006,19006,34110.59673842404,7683.188181929676,365.0,-1,-1,-1.0
19007,19007,-28661.63474102943,-39348.06186561487,39.0,-1,-1,-1.0
19008,19008,-36705.3834822775,5727.47925125045,241.0,-1,-1,-1.0
19009,19009,21268.06661019139,1707.1998706749364,162.0,-1,-1,-1.0
19010,19010,-13281.756698645671,-7701.078409143058,447.0,-1,-1,-1.0
19011,19011,-15531.477353953163,20396.683921856165,104.0,-1,-1,-1.0
19012,19012,-31295.13316681605,26849.62711807573,280.0,-1,-1,-1.0
19013,19013,-20477.177480931045,31899.784171331907,144.0,-1,-1,-1.0
19014,19014,28063.55541183457,-34712.38372660249,389.0,-1,-1,-1.0
19015,19015,31155.563275361405,-15557.261219545486,405.0,-1,-1,-1.0
19016,19016,33639.71786740952,-22636.686862937364,241.0,-1,-1,-1.0
19017,19017,377.0171675428428,1355.6529405690237,390.0,-1,-1,-1.0
19018,19018,-13221.213015791163,-39247.20002402286,14.0,-1,-1,-1.0
19019,19019,-23119.280894988777,5316.7606476033325,286.0,-1,-1,-1.0
19020,19020,-16044.691699025054,-10322.453817804912,490.0,-1,42,-1.0
19021,19021,11578.542291019165,-35845.69947272206,336.0,-1,4,-1.0
19022,19022,-32139.909635474985,-21657.46187796408,263.0,-1,39,-1.0
19023,19023,33156.27652958501,-5325.290622387525,365.0,-1,33,-1.0
19024,19024,-35110.044515077054,5935.831270224597,4.0,-1,-1,-1.0
19025,19025,-22575.913639177696,-4988.222453020848,126.0,-1,-1,-1.0
19026,19026,-21626.512032582763,18435.892349428424,10.0,-1,-1,-1.0
19027,19027,480.686730034744,-4367.9299227540105,316.0,-1,-1,-1.0
19028,19028,-39682.04677573284,33601.45906042357,458.0,-1,5,-1.0
19029,19029,8970.83247106587,20238.94727017525,347.0,-1,-1,-1.0
19030,19030,26528.36048686228,13854.187750169993,171.0,-1,-1,-1.0
19031,19031,-24546.913406802247,-37405.37534518836,421.0,-1,-1,-1.0
19032,19032,-29571.146788253653,14533.55831265456,296.0,-1,-1,-1.0
19033,19033,13000.091449065854,13876.353242747944,283.0,-1,-1,-1.0
19034,19034,36567.76564118748,171.79570138873532,178.0,-1,-1,-1.0
19035,19035,21603.303905306813,28272.43083396617,390.0,-1,-1,-1.0
19036,19036,25196.645308706487,1156.1104314425902,14.0,-1,-1,-1.0
19037,19037,37946.05948367898,-1645.1081668581464,334.0,-1,-1,-1.0
19038,19038,30689.30591096531,-21368.955342282723,337.0,-1,45,-1.0
19039,19039,16888.59035584887,27999.64991540425,258.0,-1,9,-1.0
19040,19040,39332.63314465474,21893.91291802024,494.0,-1,-1,-1.0
19041,19041,-27403.40453440641,-35692.61202815725,344.0,-1,-1,-1.0
19042,19042,-1050.8643399633147,-9053.918371279222,54.0,-1,31,36.0
19043,19043,-28853.47143086504,31714.703501554483,301.0,-1,-1,-1.0
19044,19044,-18829.442307303427,9526.951324774423,270.0,-1,-1,-1.0
19045,19045,13800.59253216219,15528.142748520702,8.0,-1,-1,-1.0
19046,19046,-4631.81133030128,-35414.899497785584,145.0,-1,-1,-1.0
19047,19047,17797.190640115303,-26702.6061387542,79.0,-1,3,-1.0
19048,19048,-15969.442824731166,-32939.632706187025,129.0,-1,36,-1.0
19049,19049,-26754.243297681664,12339.567455366328,224.0,-1,-1,-1.0
19050,19050,33366.006450305606,-18407.175753555293,213.0,-1,-1,-1.0
19051,19051,9470.50387766298,-27680.2458754856,416.0,-1,31,-1.0
19052,19052,8751.985257139786,-31072.21153448819,438.0,-1,-1,-1.0
19053,19053,32662.414269058616,-12816.371412568718,138.0,-1,-1,-1.0
19054,19054,-34667.31930772461,18217.008891925863,387.0,-1,-1,-1.0
19055,19055,25227.99738078619,15654.91477604807,388.0,-1,-1,-1.0
19056,19056,13180.388553812532,-22047.8706462868,100.0,-1,-1,-1.0
19057,19057,-20190.76558759408,26357.39955374888,249.0,-1,48,-1.0
19058,19058,-20768.996378618933,-29636.36104177097,55.0,-1,-1,-1.0
19059,19059,5615.015138279312,-21322.751394104147,484.0,-1,-1,-1.0
19060,19060,8168.525517489426,-27421.9845587806,46.0,-1,31,35.0
19061,19061,37340.65338419123,-11951.977517076226,112.0,-1,-1,-1.0
19062,19062,30446.5321342258,-2283.744577286961,137.0,-1,33,-1.0
19063,19063,4382.930256964755,22543.113797324128,327.0,-1,46,-1.0
19064,19064,-4301.488588487096,-24481.832335690568,132.0,-1,25,-1.0
19065,19065,-16046.928010307252,18008.14047182737,210.0,-1,-1,-1.0
19066,19066,-27424.01582706437,1597.215084159041,65.0,-1,-1,-1.0
19067,19067,39204.26347479332,16354.92957169941,57.0,-1,-1,-1.0
19068,19068,-70.16960412671324,39506.97592140986,367.0,-1,-1,-1.0
19069,19069,-7767.923281555679,-34096.027885642594,135.0,-1,35,-1.0
19070,19070,11759.7914458151,10612.14877917074,36.0,-1,-1,-1.0
19071,19071,-12363.168880324898,-990.1725376003088,84.0,-1,-1,-1.0
19072,19072,26355.042850533937,10442.032087342865,312.0,-1,15,-1.0
19073,19073,33462.685044892554,-21151.476109745905,200.0,-1,-1,-1.0
19074,19074,-31511.552473450058,-30570.76734487764,367.0,-1,34,-1.0
19075,19075,11453.498671763416,-28154.677115545757,443.0,-1,-1,-1.0
19076,19076,34538.06144555373,-35111.80038593632,82.0,-1,-1,-1.0
19077,19077,32921.69625240678,27781.212188769045,399.0,-1,-1,-1.0
19078,19078,15853.079082683633,21379.896165121383,18.0,-1,-1,-1.0
19079,19079,4075.05112704244,23880.42728713907,318.0,-1,-1,-1.0
19080,19080,-943.2147817767764,16942.831846951718,461.0,-1,46,-1.0
19081,19081,464.3179481557454,-13073.086032526096,41.0,-1,31,-1.0
19082,19082,31648.23065528227,-25991.2114274305,346.0,-1,-1,-1.0
19083,19083,-19973.20191668802,16108.06234631104,351.0,-1,-1,-1.0
19084,19084,346.6158775455042,-24734.02355131312,453.0,-1,-1,-1.0
19085,19085,1151.8003712054997,-39368.10100192035,323.0,-1,-1,-1.0
19086,19086,-30971.21236590972,34100.01998464046,82.0,-1,-1,-1.0
19087,19087,30514.482700332694,-30067.341754985107,446.0,-1,-1,-1.0
19088,19088,7036.410891098421,32136.768337192043,249.0,-1,-1,-1.0
19089,19089,-7032.598495116406,-8805.27074972088,210.0,-1,31,36.0
19090,19090,13071.673777864984,-16724.926139363222,336.0,-1,-1,-1.0
19091,19091,-24969.505972667543,-25481.023735874507,414.0,-1,38,-1.0
19092,19092,-2725.431953903935,14092.128654784356,294.0,-1,-1,-1.0
19093,19093,-3100.678907026486,2112.622271886139,215.0,-1,-1,-1.0
19094,19094,10356.033721312131,-9259.232809474022,273.0,-1,-1,-1.0
19095,19095,-35244.890137066366,22164.476510216235,96.0,-1,-1,-1.0
19096,19096,-1051.6883877636938,-23449.319073707866,163.0,-1,-1,-1.0
19097,19097,-1639.3648640757965,24098.71731755609,463.0,-1,-1,-1.0
19098,19098,-18150.791358373877,21689.695397006995,294.0,-1,-1,-1.0
19099,19099,-18454.24806839983,-5297.48858466906,280.0,-1,-1,-1.0
19100,19100,-30419.48912424557,4653.61086186031,109.0,-1,29,-1.0
19101,19101,-18908.068057068253,12554.39157491157,424.0,-1,-1,-1.0
19102,19102,-39395.74924086104,18151.59484483797,448.0,-1,-1,-1.0
19103,19103,-18269.813076767365,26424.900865993943,145.0,-1,-1,-1.0
19104,19104,-1757.0072055308483,30818.07977281829,5.0,-1,-1,-1.0
19105,19105,-9044.197274339804,-21118.430380354854,432.0,-1,-1,-1.0
19106,19106,1367.4107093533676,-26613.58922261617,395.0,-1,25,-1.0
19107,19107,-27014.01069978908,39446.56009652237,160.0,-1,-1,-1.0
19108,19108,31653.42991874565,36347.74142392387,246.0,-1,11,-1.0
19109,19109,-10870.858794002415,-28539.41222939409,421.0,-1,-1,-1.0
19110,19110,-19898.28060916678,-20880.47798700173,366.0,-1,36,-1.0
19111,19111,-23677.464723790046,14685.65638486897,42.0,-1,-1,-1.0
19112,19112,-11412.672334689909,31912.554823146813,381.0,-1,48,-1.0
19113,19113,-14938.59077092864,-16763.07533856633,474.0,-1,31,-1.0
19114,19114,14548.788591450735,37450.67794319063,390.0,-1,-1,-1.0
19115,19115,-38106.71548896004,-11484.609329993493,283.0,-1,32,38.0
19116,19116,19410.585798248503,-2594.2840177561084,156.0,-1,-1,-1.0
19117,19117,34362.42012356452,30821.22761949811,62.0,-1,-1,-1.0
19118,19118,19141.554439654938,-21519.97824299527,417.0,-1,-1,-1.0
19119,19119,653.3596064874146,1737.319585872472,366.0,-1,-1,-1.0
19120,19120,23567.020130971337,-36406.81381324371,9.0,-1,-1,-1.0
19121,19121,-13659.944336072816,35083.777810530504,143.0,-1,-1,-1.0
19122,19122,11681.940925662971,9874.59339232133,485.0,-1,-1,-1.0
19123,19123,-28119.28708445648,21151.999079473324,299.0,-1,-1,-1.0
19124,19124,-10095.378062225784,4998.336012675158,292.0,-1,-1,-1.0
19125,19125,7867.8614195538175,38810.15789261386,481.0,-1,-1,-1.0
19126,19126,-15876.147738571148,32320.0266166166,261.0,-1,-1,-1.0
19127,19127,5672.212341303595,4562.894150990629,82.0,-1,-1,-1.0
19128,19128,31555.591375293327,-16582.313499402622,403.0,-1,-1,-1.0
19129,19129,38371.668112325046,4002.231326303576,293.0,-1,28,-1.0
19130,19130,-10022.481517330703,8203.860430170993,348.0,-1,27,-1.0
19131,19131,2833.351100333908,-21159.15421603681,12.0,-1,31,-1.0
19132,19132,-39287.46096466891,-37314.44604177692,260.0,-1,-1,-1.0
19133,19133,24985.822693157417,-32999.84402528912,54.0,-1,-1,-1.0
19134,19134,10706.031892300256,7724.578563154944,138.0,-1,2,-1.0
19135,19135,-27330.76147819255,-38815.15936929114,66.0,-1,-1,-1.0
19136,19136,14695.136053205708,1436.0218163101235,177.0,-1,2,-1.0
19137,19137,-1282.3763662933998,-212.1335187523,28.0,-1,-1,-1.0
19138,19138,12400.176429832884,-4974.820875426594,233.0,-1,-1,-1.0
19139,19139,5010.581607754422,10669.939327529435,74.0,-1,-1,-1.0
19140,19140,972.3221521861706,6553.731473078813,278.0,-1,-1,-1.0
19141,19141,-20436.242460735848,-37885.95600447926,132.0,-1,12,-1.0
19142,19142,-10096.348284108017,-6177.1561776568415,156.0,-1,-1,-1.0
19143,19143,-13505.479734278711,-38645.83334288959,146.0,-1,36,-1.0
19144,19144,3841.2136655082495,32634.70175777201,255.0,-1,48,58.0
19145,19145,-37472.47751543563,21371.391310229148,89.0,-1,-1,-1.0
19146,19146,-7476.608161503365,27051.478601319744,121.0,-1,48,-1.0
19147,19147,1090.566551459429,-6682.172094314505,219.0,-1,31,-1.0
19148,19148,-2894.7788873197205,35240.581529114424,440.0,-1,48,-1.0
19149,19149,7335.7242410574545,2597.9981497165863,41.0,-1,14,-1.0
19150,19150,13694.391034808556,1805.437389394916,226.0,-1,-1,-1.0
19151,19151,15083.523162171798,-30778.13292001257,285.0,-1,3,-1.0
19152,19152,-34151.27112154594,-33183.36313661991,237.0,-1,-1,-1.0
19153,19153,-29331.717608564308,-31510.243042171496,143.0,-1,-1,-1.0
19154,19154,-31228.234569446417,16191.78426760887,359.0,-1,-1,-1.0
19155,19155,39054.11409990725,10693.96878436474,110.0,-1,-1,-1.0
19156,19156,23325.10861730597,5891.240109635997,110.0,-1,-1,-1.0
19157,19157,9329.300772247298,25429.22567947045,279.0,-1,-1,-1.0
19158,19158,24896.078273589083,-12348.15786074882,94.0,-1,-1,-1.0
19159,19159,15193.945308639491,25074.62112774518,256.0,-1,9,-1.0
19160,19160,-27586.10727320972,8107.731037118341,145.0,-1,-1,-1.0
19161,19161,36615.51697607037,-34362.22874666829,197.0,-1,-1,-1.0
19162,19162,1137.7265042091967,-19058.981971894085,435.0,-1,31,-1.0
19163,19163,-26223.226244951344,19519.449490363804,57.0,-1,37,-1.0
19164,19164,-35674.456582473205,-30857.423238943804,311.0,-1,20,-1.0
19165,19165,27622.254901038265,31841.613361991946,478.0,-1,-1,-1.0
19166,19166,-4472.056804953987,-1618.3678693862605,65.0,-1,-1,-1.0
19167,19167,19884.59925463613,2616.3067317600508,343.0,-1,-1,-1.0
19168,19168,30435.59590023881,-19714.81341961048,28.0,-1,-1,-1.0
19169,19169,17627.75802754111,-1112.7013239041771,232.0,-1,-1,-1.0
19170,19170,-25507.656997109018,33523.58218005796,268.0,-1,-1,-1.0
19171,19171,-29059.38188327119,16444.734336904643,218.0,-1,-1,-1.0
19172,19172,370.7457173546427,11309.514523744185,12.0,-1,-1,-1.0
19173,19173,-13177.745771811758,-22797.749438669496,345.0,-1,-1,-1.0
19174,19174,-31218.485160925164,6324.501055090514,392.0,-1,-1,-1.0
19175,19175,199.3309971775816,6577.999876958893,325.0,-1,27,-1.0
19176,19176,72.30904809658387,33935.61002603349,174.0,-1,-1,-1.0
19177,19177,5376.402119811166,-25036.07612146124,247.0,-1,31,-1.0
19178,19178,-16596.055991468744,27035.14279864221,65.0,-1,-1,-1.0
19179,19179,26831.73349441092,15475.540810435356,225.0,-1,-1,-1.0
19180,19180,-17896.632330685956,-13754.08844289342,305.0,-1,42,48.0
19181,19181,-32306.13968734581,-16229.210979801055,446.0,-1,-1,-1.0
19182,19182,15944.276478228783,25053.152436594944,185.0,-1,9,-1.0
19183,19183,-34466.83655324264,-15194.894184871668,411.0,-1,-1,-1.0
19184,19184,-36187.94310052841,-33298.09956594054,196.0,-1,20,-1.0
19185,19185,17573.330979097722,-39802.45557667744,163.0,-1,-1,-1.0
19186,19186,-10257.351508074822,23579.58388540696,47.0,-1,-1,-1.0
19187,19187,23777.88812408481,-3980.669013471597,424.0,-1,-1,-1.0
19188,19188,-4498.260649455806,39029.26686455442,222.0,-1,-1,-1.0
19189,19189,4466.481952183567,15621.78296188084,49.0,-1,8,-1.0
19190,19190,4425.727502136906,-6109.339054645578,214.0,-1,-1,-1.0
19191,19191,-2688.2582995252887,9213.781807864812,40.0,-1,27,-1.0
19192,19192,24759.34661940945,-3308.0798137343227,12.0,-1,-1,-1.0
19193,19193,-21307.603304185694,-8936.396427576696,90.0,-1,-1,-1.0
19194,19194,-5830.058731619567,18108.555672052964,298.0,-1,-1,-1.0
19195,19195,-39491.49985582442,1093.860345524583,431.0,-1,-1,-1.0
19196,19196,-9459.123569679545,18821.952181074117,146.0,-1,-1,-1.0
19197,19197,-3917.904067826188,33956.59544836178,301.0,-1,48,-1.0
19198,19198,-10584.464072598188,7734.04406529777,450.0,-1,-1,-1.0
19199,19199,-16138.423563883658,-15612.30637930296,218.0,-1,-1,-1.0
19200,19200,-9278.831585362008,-1774.8985897453094,302.0,-1,-1,-1.0
19201,19201,30388.16644690116,14469.07996439535,199.0,-1,-1,-1.0
19202,19202,781.6351218535274,33157.40113886658,374.0,-1,-1,-1.0
19203,19203,-2388.359244025429,7338.810521068983,145.0,-1,27,-1.0
19204,19204,-3631.9750191721614,1267.9294997399993,239.0,-1,27,-1.0
19205,19205,-586.259381535885,26205.048436696237,30.0,-1,48,-1.0
19206,19206,-38292.41321917487,16181.611630719228,415.0,-1,-1,-1.0
19207,19207,-3292.512355490646,-1851.8078902265845,153.0,-1,-1,-1.0
19208,19208,-13908.238039326672,-27229.293773062334,88.0,-1,17,-1.0
19209,19209,-11311.752724097969,-14383.448265161183,462.0,-1,-1,-1.0
19210,19210,-28677.86862751121,-27244.02208125893,373.0,-1,-1,-1.0
19211,19211,4301.221696439723,-10141.002668281046,491.0,-1,-1,-1.0
19212,19212,-815.490913037087,33553.981389738605,421.0,-1,-1,-1.0
19213,19213,-23228.48625822745,-3301.5984080628405,472.0,-1,-1,-1.0
19214,19214,36272.80894053195,-13564.093862768072,353.0,-1,-1,-1.0
19215,19215,33558.85758210893,-17528.714584456033,465.0,-1,-1,-1.0
19216,19216,34391.35480626176,-36704.59769041772,487.0,-1,21,-1.0
19217,19217,-20146.348450128957,-31197.411268153854,119.0,-1,-1,-1.0
19218,19218,-21847.01633042989,11056.658484086947,220.0,-1,-1,-1.0
19219,19219,-19307.254421732498,-32499.35136074602,140.0,-1,-1,-1.0
19220,19220,-24377.67647717063,12998.033058535591,381.0,-1,-1,-1.0
19221,19221,353.08636580321763,-13775.054507153924,281.0,-1,31,-1.0
19222,19222,18663.57350604891,-24530.159985565217,384.0,-1,-1,-1.0
19223,19223,-1795.0640915576369,5635.325842533821,301.0,-1,27,-1.0
19224,19224,15609.983448066458,20562.20312710383,395.0,-1,-1,-1.0
19225,19225,5664.023202602359,20126.65408687681,318.0,-1,-1,-1.0
19226,19226,-30635.7188086894,31273.550468112284,232.0,-1,-1,-1.0
19227,19227,-22846.942432935968,-16397.625776431734,459.0,-1,-1,-1.0
19228,19228,-17270.99623957873,-572.6098927767962,64.0,-1,43,-1.0
19229,19229,17432.482228182016,-21909.65303810193,180.0,-1,-1,-1.0
19230,19230,39367.57374896103,29225.73395614537,282.0,-1,-1,-1.0
19231,19231,19916.67482407501,35288.63170965109,223.0,-1,30,-1.0
19232,19232,-37783.4282433641,-31692.78969764336,170.0,-1,20,-1.0
19233,19233,-4315.189276129677,-32837.78365552434,295.0,-1,-1,-1.0
19234,19234,-34455.520131306286,-35276.61034859463,115.0,-1,-1,-1.0
19235,19235,28870.20489955439,7367.511842068758,408.0,-1,15,-1.0
19236,19236,10663.316323204366,-35777.73219230262,105.0,-1,-1,-1.0
19237,19237,10085.646364684811,20648.173650511133,58.0,-1,-1,-1.0
19238,19238,-17265.197818525638,7451.47934192566,37.0,-1,-1,-1.0
19239,19239,14090.07317259843,2310.4851729266447,110.0,-1,-1,-1.0
19240,19240,-37503.7801123359,24375.23320693448,86.0,-1,23,-1.0
19241,19241,-18354.69475969311,-29215.185745886032,90.0,-1,36,-1.0
19242,19242,-3257.430814992753,26872.4903082878,140.0,-1,48,56.0
19243,19243,-33144.647747870986,1025.7209858531278,408.0,-1,-1,-1.0
19244,19244,-17868.539832649636,-11230.743058297696,55.0,-1,-1,-1.0
19245,19245,34230.62371239244,2161.151639985299,350.0,-1,-1,-1.0
19246,19246,-31789.07036319597,-38182.93257702344,125.0,-1,-1,-1.0
19247,19247,29918.047728377,-12742.347686271522,77.0,20,45,52.0
19248,19248,29938.91304710052,-12815.454887025213,78.0,20,45,52.0
19249,19249,29861.54990388542,-12746.30348461132,79.0,20,45,52.0
19250,19250,29885.685322492613,-12720.080844488908,79.0,20,45,52.0
19251,19251,29781.90283902317,-12670.167431214006,81.0,20,45,52.0
19252,19252,29769.42039219634,-12740.082288048035,81.0,20,45,52.0
19253,19253,29777.25599256086,-12755.915327354913,81.0,20,45,52.0
19254,19254,29787.608930960178,-12841.559473792562,81.0,20,45,52.0
19255,19255,29683.9305415694,-12788.987998307432,82.0,20,45,52.0
19256,19256,29669.124885460573,-12793.043444286282,82.0,20,45,52.0
19257,19257,29643.423183324783,-12695.937799986985,82.0,20,45,52.0
19258,19258,29721.557148700445,-12750.134494653032,82.0,20,45,52.0
19259,19259,29736.13067882832,-12855.860166197386,82.0,20,45,52.0
19260,19260,29611.266190465594,-12825.856417779149,84.0,20,45,52.0
19261,19261,29545.85752187047,-12793.63998881412,85.0,20,45,52.0
19262,19262,29428.73743101594,-12786.744170704613,89.0,20,45,52.0
19263,19263,29537.37013550524,-12874.25088831003,89.0,20,45,52.0
19264,19264,29427.452279029934,-12937.648671947689,90.0,20,45,52.0
19265,19265,29436.97434247349,-13017.228552621727,92.0,20,45,52.0
19266,19266,29302.68909627632,-13046.888924112358,93.0,20,45,52.0
19267,19267,29215.16739724834,-13049.02375131628,95.0,20,45,52.0
19268,19268,29194.24301308928,-13155.016782757975,96.0,20,45,52.0
19269,19269,29085.021447963794,-13180.19243937008,97.0,20,45,52.0
19270,19270,28988.82780563789,-13254.009197308991,98.0,20,45,52.0
19271,19271,28880.29971109548,-13329.963616030269,99.0,20,45,52.0
19272,19272,28988.81710501089,-13349.035497163084,99.0,20,45,52.0
19273,19273,28844.072093977065,-13323.116382916176,100.0,20,45,52.0
19274,19274,28715.53952107404,-13387.72967154861,102.0,20,45,52.0
19275,19275,28645.901054248447,-13423.346535687378,105.0,20,45,52.0
19276,19276,28632.14303372438,-13345.15117633894,105.0,20,45,52.0
19277,19277,28581.993059023276,-13419.72419356713,105.0,20,45,52.0
19278,19278,28516.93936199198,-13434.0765071488,106.0,20,45,52.0
19279,19279,28444.18565543697,-13415.41665742888,107.0,20,45,52.0
19280,19280,28393.41278404777,-13506.921342244452,108.0,20,45,52.0
19281,19281,28383.03427004637,-13453.19704422077,108.0,20,45,52.0
19282,19282,28293.29519644713,-13552.087609080538,109.0,20,45,52.0
19283,19283,28207.403041187463,-13605.57328222114,113.0,20,45,52.0
19284,19284,28094.88615521565,-13620.06791549041,114.0,20,45,52.0
19285,19285,27984.78759223756,-13613.694066698805,115.0,20,45,52.0
19286,19286,27981.36126593732,-13560.060357860297,115.0,20,45,52.0
19287,19287,28000.10926804745,-13652.892441139506,115.0,20,45,52.0
19288,19288,28088.991863001567,-13698.315282111938,115.0,20,45,52.0
19289,19289,27924.476612813905,-13664.76521314692,116.0,20,45,52.0
19290,19290,27954.30373629303,-13594.276253475522,116.0,20,45,52.0
19291,19291,27916.688188544387,-13602.34000811241,116.0,20,45,52.0
19292,19292,27838.464469095965,-13553.708503139564,118.0,20,45,52.0
19293,19293,27872.2699303096,-13506.707023434434,118.0,20,45,52.0
19294,19294,27803.717801555405,-13572.803524342497,118.0,20,45,52.0
19295,19295,27752.208745370677,-13635.930195785864,121.0,20,45,52.0
19296,19296,27645.795385352456,-13663.97633138375,122.0,20,45,52.0
19297,19297,27602.29064611705,-13722.38987391991,123.0,20,45,52.0
19298,19298,27566.688709097456,-13579.332522188077,123.0,20,45,52.0
19299,19299,27533.348366317827,-13733.786945358148,124.0,20,45,52.0
19300,19300,27498.043267737365,-13669.11509233238,125.0,20,45,52.0
19301,19301,27433.52570171976,-13716.67161719134,125.0,20,45,52.0
19302,19302,27465.729222366837,-13646.862241649218,125.0,20,45,52.0
19303,19303,27399.472833166503,-13764.997275359368,126.0,20,45,52.0
19304,19304,27310.70157308534,-13710.08707995943,128.0,20,45,52.0
19305,19305,27226.492996457146,-13705.972306513448,129.0,20,45,52.0
19306,19306,27209.14284729627,-13711.02075846806,129.0,20,45,52.0
19307,19307,27184.76174030136,-13786.720429319466,130.0,20,45,52.0
19308,19308,27063.6074899262,-13786.31158827341,133.0,20,45,52.0
19309,19309,27077.378884334965,-13767.934131691512,133.0,20,45,52.0
19310,19310,27003.195687329044,-13758.591857420188,134.0,20,45,52.0
19311,19311,26924.46280919059,-13789.696612215168,138.0,20,45,52.0
19312,19312,26889.358733456116,-13685.59239141314,139.0,20,45,52.0
19313,19313,26861.68613962145,-13829.333771808591,139.0,20,45,52.0
19314,19314,26787.369797295785,-13710.343985073096,142.0,20,45,52.0
19315,19315,26681.838871273063,-13673.728982303568,143.0,20,45,52.0
19316,19316,26559.58152615136,-13613.545634472674,146.0,20,45,52.0
19317,19317,26637.836762604777,-13612.211599382284,146.0,20,45,52.0
19318,19318,26555.89915496114,-13707.51016536085,148.0,20,45,52.0
19319,19319,26596.30202645088,-13722.950143264585,148.0,20,45,52.0
19320,19320,26586.290161696485,-13634.112587220969,150.0,20,45,52.0
19321,19321,26532.88598898393,-13650.159469455615,151.0,20,45,52.0
19322,19322,26525.173906912365,-13562.290321736104,151.0,20,45,52.0
19323,19323,26406.20919901657,-13623.843291230964,152.0,20,45,52.0
19324,19324,26506.827602174304,-13522.368518015204,152.0,20,45,52.0
19325,19325,26463.17077473502,-13699.603425041372,152.0,20,45,52.0
19326,19326,26391.154656962524,-13712.949773365754,153.0,20,45,52.0
19327,19327,26308.711387973646,-13721.984783259171,154.0,20,45,52.0
19328,19328,26229.52402459645,-13704.398620439735,155.0,20,45,52.0
19329,19329,26247.44806769384,-13774.87964044947,155.0,20,45,52.0
19330,19330,26232.968954614164,-13686.67772247636,158.0,20,45,52.0
19331,19331,26137.28292063413,-13753.484939923785,159.0,20,45,52.0
19332,19332,26185.347596170293,-13805.043371668133,159.0,20,45,52.0
19333,19333,26062.02836742401,-13855.735871829793,162.0,20,45,52.0
19334,19334,26043.717913733453,-13964.213372267384,163.0,20,45,52.0
19335,19335,25980.4287590554,-13832.066519591255,163.0,20,45,52.0
19336,19336,26001.17822010437,-14027.505377299058,164.0,20,45,52.0
19337,19337,25998.13232995932,-14106.38663544932,165.0,20,45,52.0
19338,19338,25972.16700857768,-14021.538813068117,166.0,20,45,52.0
19339,19339,25889.84100305127,-14082.377882613497,167.0,20,45,52.0
19340,19340,25804.085619589838,-14069.254392662962,168.0,20,45,52.0
19341,19341,25789.834347258064,-14138.706743674293,168.0,20,45,52.0
19342,19342,25733.77948505951,-14143.941038465142,169.0,20,45,52.0
19343,19343,25626.784946301435,-14157.715998934094,171.0,20,45,52.0
19344,19344,25540.429005275644,-14073.377781488296,172.0,20,45,52.0
19345,19345,25425.36310575358,-14125.212744248896,173.0,20,45,52.0
19346,19346,25466.5944814907,-14093.941818620504,173.0,20,45,52.0
19347,19347,25318.309573493338,-14071.918514420178,175.0,20,45,52.0
19348,19348,25228.289221966435,-14061.257155711275,177.0,20,45,52.0
19349,19349,25179.265382837664,-14140.621778323755,180.0,20,45,52.0
19350,19350,25080.45159204279,-14195.561901962375,181.0,20,45,52.0
19351,19351,25014.06818788588,-14258.082168001323,182.0,20,45,52.0
19352,19352,25085.404951790613,-14093.058581321397,182.0,20,45,52.0
19353,19353,25106.891401985868,-14239.88139775774,183.0,20,45,52.0
19354,19354,24983.424564091634,-14113.200730934452,183.0,20,45,52.0
19355,19355,24924.59170699732,-14216.911742283735,185.0,20,45,52.0
19356,19356,24843.77391403177,-14164.573936129253,188.0,20,45,52.0
19357,19357,24878.70477420447,-14273.6377022455,190.0,20,45,52.0
19358,19358,24861.756644737347,-14393.000229547337,191.0,20,45,52.0
19359,19359,24798.98309140438,-14292.146615358042,191.0,20,45,52.0
19360,19360,24788.751688663688,-14247.564570406666,191.0,20,45,52.0
19361,19361,24794.342195779023,-14377.064095052698,192.0,20,45,52.0
19362,19362,24766.34164784837,-14265.53495769798,192.0,20,45,52.0
19363,19363,24672.36330190084,-14328.285580593738,193.0,20,45,52.0
19364,19364,24567.80428534794,-14301.40340439292,196.0,20,45,52.0
19365,19365,24642.707181665293,-14424.863440833044,196.0,20,45,52.0
19366,19366,24550.75660891923,-14366.1419981246,197.0,20,45,52.0
19367,19367,24523.111560782952,-14381.504991388343,197.0,20,45,52.0
19368,19368,24485.624994478687,-14408.804371017635,199.0,20,45,52.0
19369,19369,24347.74427500454,-14447.707136546878,202.0,20,45,52.0
19370,19370,24435.210333926658,-14480.78730581064,202.0,20,45,52.0
19371,19371,24313.629021296976,-14516.242910528792,203.0,20,45,52.0
19372,19372,24290.824202392465,-14435.671062298758,203.0,20,45,52.0
19373,19373,24212.61614065346,-14499.7723097677,204.0,20,45,52.0
19374,19374,24216.14993288201,-14448.8552968294,204.0,20,45,52.0
19375,19375,24134.20174003392,-14564.226953494044,205.0,20,45,52.0
19376,19376,24014.40665984785,-14542.55321960653,207.0,20,45,52.0
19377,19377,23966.47005073247,-14656.481081414531,208.0,20,45,52.0
19378,19378,23922.347107809164,-14722.093673195595,211.0,20,45,52.0
19379,19379,23913.84994467734,-14796.654073796772,213.0,20,45,52.0
19380,19380,23801.994299472837,-14788.725752675016,214.0,20,45,52.0
19381,19381,23836.372824450864,-14759.55639418793,214.0,20,45,52.0
19382,19382,23755.636486542284,-14777.875257249663,215.0,20,45,52.0
19383,19383,23698.15274031124,-14810.15237918869,215.0,20,45,52.0
19384,19384,23628.348724129115,-14872.636919199394,217.0,20,45,52.0
19385,19385,23546.32095447796,-14921.023551071296,218.0,20,45,52.0
19386,19386,23548.01873467414,-14957.192410611782,218.0,20,45,52.0
19387,19387,23527.018934683136,-14973.456856584668,218.0,20,45,52.0
19388,19388,23594.76684604051,-15051.688011838376,219.0,20,45,52.0
19389,19389,23451.431987626245,-15003.351325053853,219.0,20,45,52.0
19390,19390,23437.879239823917,-14983.75382456765,220.0,20,45,52.0
19391,19391,23374.87795814841,-15056.670213313382,221.0,20,45,52.0
19392,19392,23281.03624646716,-15103.017507012111,223.0,20,45,52.0
19393,19393,23232.924120250547,-15185.124703315363,224.0,20,45,52.0
19394,19394,23189.195294144247,-15289.732246601376,227.0,20,45,52.0
19395,19395,23161.01158048177,-15110.879641924606,227.0,20,45,52.0
19396,19396,23079.034266220457,-15141.473629390955,228.0,20,45,52.0
19397,19397,22975.878785275017,-15191.266107465608,230.0,20,45,52.0
19398,19398,22867.19912492685,-15119.873839432448,231.0,20,45,52.0
19399,19399,22821.283681259283,-15151.030121834105,232.0,20,45,52.0
19400,19400,22833.948382975737,-15044.239870872529,232.0,20,45,52.0
19401,19401,22813.10724406406,-15069.666010734383,232.0,20,45,52.0
19402,19402,22763.021424940387,-15185.698948666011,232.0,20,45,52.0
19403,19403,22727.342810633007,-15180.858515553944,233.0,20,45,52.0
19404,19404,22762.094195852645,-15109.432526574645,233.0,20,45,52.0
19405,19405,22650.79002227049,-15133.14028803107,234.0,20,45,52.0
19406,19406,22698.30589278823,-15242.481771349228,234.0,20,45,52.0
19407,19407,22672.25332267075,-15179.17374698835,234.0,20,45,52.0
19408,19408,22681.10491059977,-15217.86376708134,234.0,20,45,52.0
19409,19409,22615.944664896662,-15264.945173056303,235.0,20,45,52.0
19410,19410,22593.807829331367,-15306.31256921248,236.0,20,45,52.0
19411,19411,22612.921991336723,-15176.622364838357,236.0,20,45,52.0
19412,19412,22634.114103431428,-15185.217874355514,236.0,20,45,52.0
19413,19413,22531.411789181824,-15239.009494567086,238.0,20,45,52.0
19414,19414,22537.53564652148,-15343.087637919469,239.0,20,45,52.0
19415,19415,22485.316129863157,-15238.5931001068,239.0,20,45,52.0
19416,19416,22438.06636213753,-15217.963417582669,240.0,20,45,52.0
19417,19417,22494.719738309715,-15310.154758047312,241.0,20,45,52.0
19418,19418,22432.5066685253,-15323.576406373291,242.0,20,45,52.0
19419,19419,22322.38527301515,-15319.36064020166,243.0,20,45,52.0
19420,19420,22230.903922587204,-15390.027159234627,245.0,20,45,52.0
19421,19421,22194.427192683077,-15340.159279904618,245.0,20,45,52.0
19422,19422,22126.219243963413,-15384.106809664185,246.0,20,45,52.0
19423,19423,22137.32325251822,-15381.535354535215,246.0,20,45,52.0
19424,19424,22093.322594496407,-15461.23067565912,249.0,20,45,52.0
19425,19425,22032.371144561494,-15399.606288475949,251.0,20,45,52.0
19426,19426,21944.03062636938,-15384.203980692017,253.0,20,45,52.0
19427,19427,21944.112079031514,-15480.587450087667,254.0,20,45,52.0
19428,19428,21882.39971793683,-15567.968173743511,256.0,20,45,52.0
19429,19429,21854.47291272006,-15420.018915542534,256.0,20,45,52.0
19430,19430,21817.999659823443,-15537.424780921245,258.0,20,45,52.0
19431,19431,21718.744811998444,-15571.73952061367,259.0,20,45,52.0
19432,19432,21698.11433119347,-15453.626441466193,259.0,20,45,52.0
19433,19433,21738.44364282563,-15586.90372610927,259.0,20,45,52.0
19434,19434,21741.04021141707,-15515.705769533824,259.0,20,45,52.0
19435,19435,21676.082562757525,-15632.4590392321,260.0,20,45,52.0
19436,19436,21610.751564073784,-15644.542062140696,261.0,20,45,52.0
19437,19437,21579.079266372883,-15718.49211523418,261.0,20,45,52.0
19438,19438,21618.246701790657,-15662.62879348146,261.0,20,45,52.0
19439,19439,21509.35887273805,-15662.75390293884,263.0,20,45,52.0
19440,19440,21504.30806786557,-15668.706358630629,263.0,20,45,52.0
19441,19441,21442.24042642251,-15681.62494065382,264.0,20,45,52.0
19442,19442,21358.158948992088,-15663.775713130217,265.0,20,45,52.0
19443,19443,21313.06052563514,-15762.080019592384,266.0,20,45,52.0
19444,19444,21324.480322423864,-15724.455801146589,266.0,20,45,52.0
19445,19445,21239.750711556502,-15711.765679928778,267.0,20,45,52.0
19446,19446,21145.97295830827,-15793.710053847735,268.0,20,45,52.0
19447,19447,21060.268998382107,-15736.141762134834,272.0,20,45,52.0
19448,19448,21142.941947290237,-15889.241594424631,272.0,20,45,52.0
19449,19449,21063.073099568934,-15850.37203383251,272.0,20,45,52.0
19450,19450,21075.16431098727,-15723.928269714252,272.0,20,45,52.0
19451,19451,21056.956134475167,-15735.07158822981,272.0,20,45,52.0
19452,19452,20992.543655082925,-15874.82920027154,275.0,20,45,52.0
19453,19453,20896.195637335368,-15879.761482822632,277.0,20,45,52.0
19454,19454,20909.783037012792,-15844.942030805172,277.0,20,45,52.0
19455,19455,20850.77232658595,-15939.581698134793,278.0,20,45,52.0
19456,19456,20851.573115115327,-15872.573823417457,278.0,20,45,52.0
19457,19457,20793.15530215788,-15873.779026274344,279.0,20,45,52.0
19458,19458,20790.020849533907,-15849.50092642545,279.0,20,45,52.0
19459,19459,20774.295152572777,-15964.077969665732,280.0,20,45,52.0
19460,19460,20740.080857011395,-16052.894675501831,281.0,20,45,52.0
19461,19461,20710.3058789748,-16151.035362698884,283.0,20,45,52.0
19462,19462,20654.48934538417,-16100.317699899497,284.0,20,45,52.0
19463,19463,20617.502752875764,-16158.612024168257,284.0,20,45,52.0
19464,19464,20508.577902730147,-16158.719915627922,286.0,20,45,52.0
19465,19465,20596.426426931783,-16202.502413438824,286.0,20,45,52.0
19466,19466,20491.677363345363,-16129.01084527071,287.0,20,45,52.0
19467,19467,20462.308726898933,-16176.413365454093,287.0,20,45,52.0
19468,19468,20444.496189216174,-16288.769439078687,288.0,20,45,52.0
19469,19469,20414.019791977884,-16161.699202724352,288.0,20,45,52.0
19470,19470,20394.00579419668,-16296.83906676723,290.0,20,45,52.0
19471,19471,20282.54739148505,-16324.425498129842,295.0,20,45,52.0
19472,19472,20287.56235891737,-16235.462193621865,295.0,20,45,52.0
19473,19473,20168.17361278232,-16257.138577441576,296.0,20,45,52.0
19474,19474,20232.03317991291,-16197.931942041674,296.0,20,45,52.0
19475,19475,20170.297328079974,-16222.522716301686,296.0,20,45,52.0
19476,19476,20093.0876694865,-16224.912616292557,297.0,20,45,52.0
19477,19477,20112.837623956715,-16264.649185520258,297.0,20,45,52.0
19478,19478,20116.024923100427,-16286.11128168807,297.0,20,45,52.0
19479,19479,19988.82571562659,-16262.186516964886,298.0,20,45,52.0
19480,19480,19882.1579048644,-16243.730861632044,299.0,20,45,52.0
19481,19481,19803.665152169277,-16293.003464505446,300.0,20,45,52.0
19482,19482,19711.99655186402,-16207.62929857604,301.0,20,45,52.0
19483,19483,19667.297118514147,-16286.65493402712,302.0,20,45,52.0
19484,19484,19647.322889241077,-16189.098873645942,302.0,20,45,52.0
19485,19485,19616.192642355192,-16340.193872279224,304.0,20,45,52.0
19486,19486,19530.836901086128,-16350.77594598668,306.0,20,45,52.0
19487,19487,19397.32139699619,-16340.876193964206,307.0,20,45,52.0
19488,19488,19300.57247589238,-16356.895763607728,308.0,20,45,52.0
19489,19489,19286.253772781864,-16445.387871309667,309.0,20,45,52.0
19490,19490,19239.10736872624,-16536.882436887725,312.0,20,45,52.0
19491,19491,19148.219042796445,-16581.052522048696,316.0,20,45,52.0
19492,19492,19149.940885424265,-16537.575326227583,316.0,20,45,52.0
19493,19493,19228.95463508692,-16449.90988694316,316.0,20,45,52.0
19494,19494,19128.23425503689,-16580.149066576985,317.0,20,45,52.0
19495,19495,19133.58681719193,-16435.219519058934,317.0,20,45,52.0
19496,19496,19076.272633820037,-16420.592137324347,319.0,20,45,52.0
19497,19497,19035.660306459253,-16516.581582762887,320.0,20,45,52.0
19498,19498,18941.82135566516,-16410.41216150878,320.0,20,45,52.0
19499,19499,18893.51232497779,-16478.968672332343,322.0,20,45,52.0
19500,19500,18791.19862491447,-16457.32539643663,323.0,20,45,52.0
19501,19501,18796.768882594053,-16464.477883994703,323.0,20,45,52.0
19502,19502,18797.95919284363,-16426.942874982582,323.0,20,45,52.0
19503,19503,18718.594319083517,-16476.94834189945,324.0,20,45,52.0
19504,19504,18690.70558193701,-16356.735674979504,324.0,20,45,52.0
19505,19505,18606.175996376427,-16455.004976692162,325.0,20,45,52.0
19506,19506,18604.61291220449,-16337.644207349424,326.0,20,45,52.0
19507,19507,18511.487433570976,-16388.96070997011,327.0,20,45,52.0
19508,19508,18411.76742464642,-16394.195770012695,328.0,20,45,52.0
19509,19509,18415.552549364664,-16419.36249200879,328.0,20,45,52.0
19510,19510,18549.086150942912,-16524.281464585743,328.0,20,45,52.0
19511,19511,18352.83181566109,-16551.62175261047,329.0,20,45,52.0
19512,19512,18221.29405486608,-16535.899119204896,332.0,20,45,52.0
19513,19513,18161.09322572077,-16610.089803439907,333.0,20,45,52.0
19514,19514,18125.97063095122,-16557.362694100444,333.0,20,45,52.0
19515,19515,18104.188317865908,-16499.516969735985,335.0,20,45,52.0
19516,19516,18057.879149536016,-16559.989409958507,337.0,20,45,52.0
19517,19517,17996.366420925588,-16598.674524619055,339.0,20,45,52.0
19518,19518,17881.59853210983,-16625.082180630638,340.0,20,45,52.0
19519,19519,17882.53932236906,-16611.440325963486,340.0,20,45,52.0
19520,19520,17809.17815032876,-16705.158464143617,342.0,20,45,52.0
19521,19521,17832.256534763645,-16675.39430330897,342.0,20,45,52.0
19522,19522,17826.65827199574,-16702.925664606362,342.0,20,45,52.0
19523,19523,17767.375010730557,-16589.300141040123,343.0,20,45,52.0
19524,19524,17720.125536893305,-16693.811096758414,344.0,20,45,52.0
19525,19525,17608.05276586266,-16716.487903319696,348.0,20,45,52.0
19526,19526,17536.500474909957,-16761.402252192474,350.0,20,45,52.0
19527,19527,17456.97156497884,-16706.078606353643,351.0,20,45,52.0
19528,19528,17379.71651039018,-16752.49437240399,353.0,20,45,52.0
19529,19529,17304.945407940308,-16764.974317807282,354.0,20,45,52.0
19530,19530,17201.13271235416,-16748.30514841593,355.0,20,45,52.0
19531,19531,17125.325986266773,-16781.42813688087,357.0,20,45,52.0
19532,19532,17056.979810119563,-16855.88493524877,358.0,20,45,52.0
19533,19533,17082.837042114865,-16704.81396377308,358.0,20,45,52.0
19534,19534,17013.019314507135,-16686.625200954262,360.0,20,45,52.0
19535,19535,17016.66487520876,-16730.63360177467,360.0,20,45,52.0
19536,19536,17025.97625259452,-16661.13936153307,360.0,20,45,52.0
19537,19537,16912.29304372986,-16703.51329997407,361.0,20,45,52.0
19538,19538,16897.610002509446,-16629.245265645113,361.0,20,45,52.0
19539,19539,16971.211097172007,-16758.74968338297,361.0,20,45,52.0
19540,19540,16831.67283400058,-16701.785618456634,362.0,20,45,52.0
19541,19541,16836.554573839912,-16744.429275078073,362.0,20,45,52.0
19542,19542,16793.93213894178,-16743.670819111514,363.0,20,45,52.0
19543,19543,16725.75974053164,-16743.223324276823,364.0,20,45,52.0
19544,19544,16764.654270467065,-16813.26528451167,364.0,20,45,52.0
19545,19545,16650.616843897325,-16773.17203790374,365.0,20,45,52.0
19546,19546,16658.632607156942,-16899.699128743072,365.0,20,45,52.0
19547,19547,16662.68756982394,-16745.275527850976,365.0,20,45,52.0
19548,19548,16595.66174755264,-16720.65577017026,366.0,20,45,52.0
19549,19549,16563.693768781253,-16820.676930422676,366.0,20,45,52.0
19550,19550,16484.503739195054,-16705.75544492953,367.0,20,45,52.0
19551,19551,16459.85285232454,-16610.9640327904,368.0,20,45,52.0
19552,19552,16352.064951130727,-16672.33579171039,368.0,20,45,52.0
19553,19553,16324.832456954002,-16702.426252563455,369.0,20,45,52.0
19554,19554,16275.156200163538,-16780.845370835672,373.0,20,45,52.0
19555,19555,16342.035769434464,-16763.2851749052,373.0,20,45,52.0
19556,19556,16234.343825608825,-16862.861577273266,374.0,20,45,52.0
19557,19557,16212.3039758149,-16746.950854804865,374.0,20,45,52.0
19558,19558,16182.088451099482,-16889.66992518541,375.0,20,45,52.0
19559,19559,16128.796386272596,-16812.77755793431,377.0,20,45,52.0
19560,19560,16114.30081454946,-16971.169201440047,377.0,20,45,52.0
19561,19561,16017.18494470026,-16858.515542360976,379.0,20,45,52.0
19562,19562,16150.462155571904,-16981.384259908507,379.0,20,45,52.0
19563,19563,15997.103694211995,-16995.31571820615,380.0,20,45,52.0
19564,19564,16070.980120323258,-17015.098569408925,380.0,20,45,52.0
19565,19565,15985.777580500271,-16892.40098958166,380.0,20,45,52.0
19566,19566,15881.126499148548,-16956.876961329453,381.0,20,45,52.0
19567,19567,15836.392777398238,-17037.423166407072,383.0,20,45,52.0
19568,19568,15831.731330835502,-17131.822166654605,387.0,20,45,52.0
19569,19569,15764.245526843057,-17061.151375024834,393.0,20,45,52.0
19570,19570,15667.499427836376,-17048.534979059532,394.0,20,45,52.0
19571,19571,15581.49804064445,-17001.29491986706,395.0,20,45,52.0
19572,19572,15550.592868419122,-17087.663168794592,395.0,20,45,52.0
19573,19573,15566.313177535125,-17021.918681559073,395.0,20,45,52.0
19574,19574,15512.790128941524,-17043.34649173091,397.0,20,45,52.0
19575,19575,15486.442768657378,-17120.704654597877,399.0,20,45,52.0
19576,19576,15431.05169979763,-17055.372005640536,399.0,20,45,52.0
19577,19577,15315.572902016886,-17080.840250085726,400.0,20,45,52.0
19578,19578,15312.331281208915,-17063.897583799022,400.0,20,45,52.0
19579,19579,15226.62882897536,-17117.991856008466,402.0,20,45,52.0
19580,19580,15179.767852962395,-17176.472034451028,406.0,20,45,52.0
19581,19581,15174.680666231188,-17274.062315748986,407.0,20,45,52.0
19582,19582,15078.85659990648,-17236.838987365412,410.0,20,45,52.0
19583,19583,15097.844960064953,-17301.79036090872,410.0,20,45,52.0
19584,19584,14991.478547133744,-17318.799643687325,413.0,20,45,52.0
19585,19585,15003.880874740556,-17292.508491738416,413.0,20,45,52.0
19586,19586,14893.759850629966,-17287.256019710265,415.0,20,45,52.0
19587,19587,14850.48445064433,-17146.91716608292,417.0,20,45,52.0
19588,19588,14827.852576679588,-17177.398631426073,417.0,20,45,52.0
19589,19589,14738.332253952807,-17111.15446569612,418.0,20,45,52.0
19590,19590,14858.518301071694,-17281.963054027845,418.0,20,45,52.0
19591,19591,14691.939831061563,-17278.822553668844,421.0,20,45,52.0
19592,19592,14564.403768225926,-17295.75226306546,422.0,20,45,52.0
19593,19593,14474.455528739409,-17271.680873968544,423.0,20,45,52.0
19594,19594,14364.876115885503,-17211.417352523004,425.0,20,45,52.0
19595,19595,14467.337337135925,-17373.729925224274,425.0,20,45,52.0
19596,19596,14323.819965514138,-17337.61537399032,426.0,20,45,52.0
19597,19597,-8424.386253288718,-29608.66180914709,443.0,-1,-1,-1.0
19598,19598,-21932.32586826656,6713.537691512989,217.0,-1,-1,-1.0
19599,19599,38311.93815625466,-30016.53161771744,315.0,-1,-1,-1.0
19600,19600,14272.800573872191,-13369.126461746106,336.0,-1,-1,-1.0
19601,19601,-35330.112374750104,22804.626844354905,339.0,-1,-1,-1.0
19602,19602,-7672.977122329405,17748.904326413343,240.0,-1,-1,-1.0
19603,19603,-20801.099185883755,13769.350417683389,218.0,-1,-1,-1.0
19604,19604,31603.436974287903,17235.530852999305,106.0,-1,-1,-1.0
19605,19605,-31087.292433165123,32255.10861572485,1.0,-1,6,-1.0
19606,19606,-35502.12470633692,-8665.284657123306,409.0,-1,32,38.0
19607,19607,-20473.643660050137,14666.852576894824,217.0,-1,-1,-1.0
19608,19608,-21117.04549692547,37998.992557591424,461.0,-1,-1,-1.0
19609,19609,-3726.8233157612194,-14972.466714835557,300.0,-1,31,-1.0
19610,19610,-31559.45638402579,30083.325622420933,392.0,-1,-1,-1.0
19611,19611,34942.98215113982,-4236.7763866763125,161.0,-1,-1,-1.0
19612,19612,31138.143152330624,1755.0886881675178,130.0,-1,-1,-1.0
19613,19613,-18054.989965127515,-2462.556119348432,28.0,-1,43,-1.0
19614,19614,39448.77834617748,16111.049133986236,199.0,-1,-1,-1.0
19615,19615,-4834.457994425116,-12685.20575456094,395.0,-1,31,-1.0
19616,19616,-28226.080736657022,-31972.19873271868,376.0,-1,-1,-1.0
19617,19617,-19592.60918577555,14971.17867619168,110.0,-1,-1,-1.0
19618,19618,-19676.744739506456,37292.3897874752,186.0,-1,-1,-1.0
19619,19619,8039.17623295213,-22954.726512609708,235.0,-1,-1,-1.0
19620,19620,21169.2265880513,16813.867023887542,405.0,-1,18,-1.0
19621,19621,-9336.490301924485,3131.9326749285174,113.0,-1,-1,-1.0
19622,19622,32314.65170432464,31297.196340790862,22.0,-1,-1,-1.0
19623,19623,-23069.474203115307,-23253.109753329165,263.0,-1,-1,-1.0
19624,19624,-36303.56539562948,18303.011568867056,311.0,-1,23,-1.0
19625,19625,-13814.871778792529,2221.876533515089,334.0,-1,-1,-1.0
19626,19626,26408.16927730957,8100.695836006336,374.0,-1,15,-1.0
19627,19627,-3615.857104523268,-39172.2585131462,152.0,-1,-1,-1.0
19628,19628,-17949.38373272484,-1220.7853936956235,360.0,-1,43,-1.0
19629,19629,39546.5098001679,2393.665868478427,360.0,-1,-1,-1.0
19630,19630,28864.927252363166,-18807.07122040901,474.0,-1,-1,-1.0
19631,19631,36760.50079825982,6225.918573464216,239.0,-1,28,-1.0
19632,19632,29545.25362960772,4238.171827980208,177.0,-1,-1,-1.0
19633,19633,15299.806895373986,25004.05768298587,406.0,-1,9,-1.0
19634,19634,22576.034651252063,-34455.0162336694,275.0,-1,-1,-1.0
19635,19635,26368.82020576994,8507.669224925688,400.0,-1,15,-1.0
19636,19636,35323.19793737789,-7254.836082892496,76.0,-1,33,-1.0
19637,19637,-9317.412110886024,9837.277180690253,0.0,-1,27,-1.0
19638,19638,-37925.66685642136,-7793.28462103874,395.0,-1,32,38.0
19639,19639,-35077.19018001155,-18559.193900980208,18.0,-1,-1,-1.0
19640,19640,-10235.593971622697,-39109.5248496968,317.0,-1,-1,-1.0
19641,19641,17233.215599991694,-4682.037702916787,352.0,-1,-1,-1.0
19642,19642,-22231.877229206417,-26362.06884851192,232.0,-1,-1,-1.0
19643,19643,26893.84021818072,34065.75683817551,141.0,-1,-1,-1.0
19644,19644,28344.21394362024,-9075.18978878329,226.0,-1,-1,-1.0
19645,19645,5572.704814028068,37692.662742397006,499.0,-1,-1,-1.0
19646,19646,-35742.54517931096,1642.877209375838,193.0,-1,-1,-1.0
19647,19647,-15178.888810091084,-189.97936457470496,244.0,-1,-1,-1.0
19648,19648,-12828.523974572086,3285.651543409651,433.0,-1,-1,-1.0
19649,19649,29955.763658196596,-39798.36428274184,267.0,-1,-1,-1.0
19650,19650,-25590.164321460208,8674.220438224744,291.0,-1,-1,-1.0
19651,19651,-33720.950250149705,15100.18323709444,452.0,-1,24,-1.0
19652,19652,-35704.36865449749,39415.13174237612,470.0,-1,-1,-1.0
19653,19653,13889.342038625684,-35615.53884213264,182.0,-1,4,-1.0
19654,19654,3105.266975193736,-35488.5698631671,91.0,-1,-1,-1.0
19655,19655,9731.121416972004,22619.37480895446,12.0,-1,48,-1.0
19656,19656,9332.36970987705,6097.871657098389,443.0,-1,2,-1.0
19657,19657,36330.21954667885,-6576.6076064034205,234.0,-1,-1,-1.0
19658,19658,16309.020305648774,35057.13371351593,251.0,-1,-1,-1.0
19659,19659,24351.64268221691,38830.927172068245,65.0,-1,-1,-1.0
19660,19660,-26148.44481083974,20306.867617933294,368.0,-1,-1,-1.0
19661,19661,-30919.446338069123,8511.410199248414,25.0,-1,-1,-1.0
19662,19662,12962.640376465242,-34618.91842920509,63.0,-1,4,-1.0
19663,19663,35801.09610173288,35173.07748711946,86.0,-1,-1,-1.0
19664,19664,-27232.414164593945,-11358.16227118087,109.0,-1,-1,-1.0
19665,19665,-14287.317060332814,-14847.45720618802,247.0,-1,-1,-1.0
19666,19666,37594.46132007864,23937.163541013186,325.0,-1,-1,-1.0
19667,19667,37367.31701558629,24522.35233761029,265.0,-1,-1,-1.0
19668,19668,4525.340676248663,-33273.482404741866,113.0,-1,1,-1.0
19669,19669,-36924.50793748451,-38677.368629377925,260.0,-1,-1,-1.0
19670,19670,3106.63653876265,-452.8594042932528,281.0,-1,-1,-1.0
19671,19671,14171.71022034993,7156.62852927472,44.0,-1,-1,-1.0
19672,19672,15668.851322241906,26391.57048052916,472.0,-1,9,-1.0
19673,19673,-26433.97570789006,-16221.307579017031,380.0,-1,-1,-1.0
19674,19674,-9689.24015780849,2176.5931109354933,389.0,-1,-1,-1.0
19675,19675,-37399.62639342387,17178.47455365253,222.0,-1,23,-1.0
19676,19676,-24220.270308489908,-9400.282092093988,268.0,-1,-1,-1.0
19677,19677,11572.466095500597,16672.12054322414,289.0,-1,-1,-1.0
19678,19678,11978.452457110428,-29241.21888530068,99.0,-1,-1,-1.0
19679,19679,21488.43970264584,-2515.945588669616,199.0,-1,-1,-1.0
19680,19680,-25795.366913867896,-39971.6610856265,199.0,-1,-1,-1.0
19681,19681,893.714231098762,-26273.55259743672,293.0,-1,25,-1.0
19682,19682,15874.971044652775,15551.234836797375,166.0,-1,-1,-1.0
19683,19683,27619.532349991077,-29847.5548468412,38.0,-1,-1,-1.0
19684,19684,3557.996716487185,29152.952347271712,375.0,-1,-1,-1.0
19685,19685,-32589.51762621054,33805.67185559297,12.0,-1,-1,-1.0
19686,19686,35807.70620777205,33730.628897590475,381.0,-1,-1,-1.0
19687,19687,28276.080803914418,32644.564176791,118.0,-1,-1,-1.0
19688,19688,-8355.4752346174,-10508.301713106754,51.0,-1,31,-1.0
19689,19689,-36840.16799167047,12121.38308883307,23.0,-1,-1,-1.0
19690,19690,3689.562347649255,-4550.654642669833,443.0,-1,-1,-1.0
19691,19691,23196.575518592326,-39729.23725179999,283.0,-1,-1,-1.0
19692,19692,-26757.819460508283,-24066.87817228547,382.0,-1,38,-1.0
19693,19693,-31422.057348596783,20241.50464721254,363.0,-1,40,-1.0
19694,19694,18512.65674595476,15045.107242377708,498.0,-1,18,-1.0
19695,19695,-37645.67377673617,35209.51455437853,334.0,-1,5,6.0
19696,19696,-31283.195158048176,-8783.417811531297,10.0,-1,41,47.0
19697,19697,9498.035081914311,13681.37831748691,340.0,-1,-1,-1.0
19698,19698,11571.895172681776,-18104.5340590422,59.0,-1,-1,-1.0
19699,19699,33331.73731508615,-33396.256625751426,129.0,-1,-1,-1.0
19700,19700,19753.14221697214,13253.47931792884,28.0,-1,-1,-1.0
19701,19701,35283.13534809208,-22389.259797212544,54.0,-1,-1,-1.0
19702,19702,-22732.13906561902,38786.14429266181,466.0,-1,-1,-1.0
19703,19703,38235.19383376895,16919.15872242758,263.0,-1,-1,-1.0
19704,19704,-19992.45898310967,35331.47429220879,105.0,-1,-1,-1.0
19705,19705,24144.61675897152,37633.38657066492,54.0,-1,-1,-1.0
19706,19706,-3625.3059746563295,4392.070578306812,17.0,-1,27,-1.0
19707,19707,-10739.960242272078,32076.79828649074,447.0,-1,-1,-1.0
19708,19708,-21122.42293242664,8361.061596382184,144.0,-1,-1,-1.0
19709,19709,-35560.00550055957,18888.2375615896,161.0,-1,23,-1.0
19710,19710,24519.554687389405,5712.818095012117,456.0,-1,-1,-1.0
19711,19711,8425.34561109008,16627.559473911526,413.0,-1,-1,-1.0
19712,19712,3.6346518205900793,-31648.375135083115,78.0,-1,-1,-1.0
19713,19713,-30706.117891608046,-20848.69520006203,81.0,-1,39,-1.0
19714,19714,-18850.041324510246,-8268.77529014718,427.0,-1,-1,-1.0
19715,19715,-3118.2742463521427,-39834.43217067816,425.0,-1,-1,-1.0
19716,19716,-4352.784123957303,12602.09233649804,139.0,-1,-1,-1.0
19717,19717,-32817.1117018835,9850.668942365724,53.0,-1,-1,-1.0
19718,19718,-30510.794804231933,19908.776581196515,357.0,-1,-1,-1.0
19719,19719,25154.79379991439,5107.6304141368455,210.0,-1,-1,-1.0
19720,19720,-19379.99250216346,35577.39347811983,381.0,-1,-1,-1.0
19721,19721,-14695.444484461052,-12816.81409380104,307.0,-1,-1,-1.0
19722,19722,35151.81495444363,-24789.14336266687,100.0,-1,45,-1.0
19723,19723,11314.641822447054,-23353.114466914765,314.0,-1,-1,-1.0
19724,19724,-30862.802179346727,-33694.66061291148,405.0,-1,34,-1.0
19725,19725,-20653.91586013499,29729.47860306379,292.0,-1,48,-1.0
19726,19726,2730.591690042871,34674.335070067915,310.0,-1,-1,-1.0
19727,19727,35077.796068491225,-22242.870579885825,264.0,-1,-1,-1.0
19728,19728,7707.505056912661,38369.1206985738,188.0,-1,-1,-1.0
19729,19729,17471.491602283437,33910.73800891881,162.0,-1,-1,-1.0
19730,19730,-27664.283628721903,-22124.372886857676,28.0,-1,39,-1.0
19731,19731,-7028.067413971672,-4292.467349821884,490.0,-1,-1,-1.0
19732,19732,36259.282464445874,17462.612788183185,57.0,-1,28,-1.0
19733,19733,27682.12372086005,-10767.053562493762,335.0,-1,-1,-1.0
19734,19734,30189.095003178954,35559.181246620705,427.0,-1,-1,-1.0
19735,19735,19797.80099217494,38894.18339379497,423.0,-1,-1,-1.0
19736,19736,7162.221112216044,-27351.38597345684,428.0,-1,31,-1.0
19737,19737,-22481.844847767843,621.906201607424,461.0,-1,-1,-1.0
19738,19738,-22592.964386936903,-8838.2968762175,367.0,-1,-1,-1.0
19739,19739,33647.63584095008,-37966.04007437179,374.0,-1,-1,-1.0
19740,19740,4295.913925584871,19721.46840651988,321.0,-1,-1,-1.0
19741,19741,9815.15806900691,-7141.349350093922,482.0,-1,-1,-1.0
19742,19742,6129.464518171364,-15040.830635411134,402.0,-1,31,-1.0
19743,19743,-16034.307236056618,-37641.190615378,190.0,-1,-1,-1.0
19744,19744,-39773.865486569775,-20881.75951990493,379.0,-1,-1,-1.0
19745,19745,37406.60350740014,36311.56193315535,482.0,-1,-1,-1.0
19746,19746,-21563.73308028809,-38602.37269476547,196.0,-1,-1,-1.0
19747,19747,12443.040874228747,3942.3028841931737,306.0,-1,-1,-1.0
19748,19748,-8874.80013604484,15704.912012132983,203.0,-1,-1,-1.0
19749,19749,15391.10170761202,34850.20809312785,245.0,-1,-1,-1.0
19750,19750,-9424.727989884668,5516.893946545672,457.0,-1,-1,-1.0
19751,19751,33587.9254808625,35637.2076719942,319.0,-1,11,-1.0
19752,19752,30870.076644181347,18286.655124934776,40.0,-1,-1,-1.0
19753,19753,-13010.236954012047,-22165.80017658899,166.0,-1,-1,-1.0
19754,19754,3810.8011743442985,-29135.7574576087,118.0,-1,-1,-1.0
19755,19755,30956.612707836077,-16321.771383500392,220.0,-1,-1,-1.0
19756,19756,-13542.014788705404,-14510.787331066767,390.0,-1,-1,-1.0
19757,19757,25842.620492731512,-20033.99847890693,42.0,-1,45,-1.0
19758,19758,3774.620611208237,-7226.355075175146,10.0,-1,-1,-1.0
19759,19759,35032.65880891014,-3555.633136264092,401.0,-1,-1,-1.0
19760,19760,5155.3141868923485,6919.10535659967,178.0,-1,-1,-1.0
19761,19761,27405.520944330405,18034.240135039247,126.0,-1,-1,-1.0
19762,19762,37691.78004543633,22319.512129094623,374.0,-1,-1,-1.0
19763,19763,-11860.928020997264,15833.777945495713,282.0,-1,-1,-1.0
19764,19764,26855.51048607129,-11398.313613568618,204.0,-1,45,-1.0
19765,19765,-12815.991092305703,-20100.526487541894,486.0,-1,-1,-1.0
19766,19766,25740.5248360649,-25695.184178109364,41.0,-1,45,-1.0
19767,19767,-5759.625003049536,2466.586063314528,445.0,-1,-1,-1.0
19768,19768,-21388.169175898125,29538.00053721921,268.0,-1,-1,-1.0
19769,19769,-18849.64394459665,9766.035642529074,216.0,-1,-1,-1.0
19770,19770,12280.697015287004,37977.25149214399,403.0,-1,-1,-1.0
19771,19771,22678.35028744259,31434.169206572027,436.0,-1,-1,-1.0
19772,19772,-13395.425840006174,-10015.251804092157,80.0,-1,-1,-1.0
19773,19773,793.7309788425991,-32572.53809993856,455.0,-1,-1,-1.0
19774,19774,6292.470345581911,4008.1407431056505,53.0,-1,-1,-1.0
19775,19775,27606.150841789145,16397.80505189598,267.0,-1,-1,-1.0
19776,19776,-18382.8007516747,32704.84362225216,428.0,-1,-1,-1.0
19777,19777,22539.30785658688,853.0315746213018,403.0,-1,-1,-1.0
19778,19778,-27954.369668935746,-35736.46786927701,285.0,-1,-1,-1.0
19779,19779,35901.82900762168,-20380.75037299609,437.0,-1,-1,-1.0
19780,19780,17329.659630783193,18489.104214167277,246.0,-1,-1,-1.0
19781,19781,-1743.0223627625385,5604.949896411381,47.0,-1,27,-1.0
19782,19782,28329.895872263573,-36109.01707270173,303.0,-1,-1,-1.0
19783,19783,-34545.45994147344,-12470.227321669434,217.0,-1,32,38.0
19784,19784,19028.564750345555,24185.9031296304,66.0,-1,18,-1.0
19785,19785,-29693.76373395195,32081.858046876587,277.0,-1,-1,-1.0
19786,19786,-12784.143321409632,3772.1238321717537,454.0,-1,-1,-1.0
19787,19787,35791.61315186253,-22151.00261236105,71.0,-1,-1,-1.0
19788,19788,-31001.01979440437,-28371.654382309083,378.0,-1,34,-1.0
19789,19789,-21625.143210698647,-19158.821316050868,200.0,-1,-1,-1.0
19790,19790,-2612.7266804428364,-4385.51168001398,17.0,-1,-1,-1.0
19791,19791,38538.26401299938,487.52651507480914,481.0,-1,28,-1.0
19792,19792,-23658.000382661743,4817.155344283136,452.0,-1,-1,-1.0
19793,19793,-14861.907278305556,-19219.381627445626,2.0,-1,-1,-1.0
19794,19794,-13868.348879893856,-25568.44240506291,426.0,-1,-1,-1.0
19795,19795,16166.485435365692,-2604.069615936598,336.0,-1,-1,-1.0
19796,19796,-17474.311538888924,-9100.423843338704,302.0,-1,-1,-1.0
19797,19797,34451.810802052554,-27953.473739520006,416.0,-1,-1,-1.0
19798,19798,-24830.888471500784,-16396.74643133609,84.0,-1,-1,-1.0
19799,19799,-2731.93277316646,-34864.600024736166,267.0,-1,-1,-1.0
19800,19800,8797.338071707054,14769.085200685804,377.0,-1,-1,-1.0
19801,19801,-23035.197858970078,-18144.21162589606,73.0,-1,-1,-1.0
19802,19802,31311.60800476944,34226.28911382194,30.0,-1,-1,-1.0
19803,19803,26077.356509624035,7837.541607643754,340.0,-1,15,-1.0
19804,19804,33196.610365597866,24948.05099807863,65.0,-1,-1,-1.0
19805,19805,10700.15098173129,9136.50602620116,497.0,-1,-1,-1.0
19806,19806,-39359.01072409128,-30709.15037723742,320.0,-1,-1,-1.0
19807,19807,36040.61752563466,-21303.26535728745,112.0,-1,-1,-1.0
19808,19808,33502.24546040833,-25078.219619722277,278.0,-1,45,-1.0
19809,19809,14154.05754397664,-8152.200829859816,168.0,-1,-1,-1.0
19810,19810,-37830.06713658866,-14571.108678828456,484.0,-1,-1,-1.0
19811,19811,21189.69967127328,23029.751126394585,77.0,-1,18,-1.0
19812,19812,36570.93413312624,-26955.6383801004,77.0,-1,-1,-1.0
19813,19813,174.59015201644797,-18022.30805185995,439.0,-1,31,-1.0
19814,19814,14152.189842681471,23850.124253244077,104.0,-1,-1,-1.0
19815,19815,33373.37815103259,9290.65538460976,261.0,-1,-1,-1.0
19816,19816,26251.554628826318,12103.042572655388,300.0,-1,-1,-1.0
19817,19817,-23371.10987172846,306.0857815976269,487.0,-1,-1,-1.0
19818,19818,-25885.011683658908,1873.0781796866577,484.0,-1,41,47.0
19819,19819,19195.293243944965,8705.93473887584,211.0,-1,-1,-1.0
19820,19820,-14286.791883902231,-16662.173603743246,465.0,-1,-1,-1.0
19821,19821,11708.680593592197,22582.070441278207,139.0,-1,-1,-1.0
19822,19822,-8149.483270612032,-5340.54721626707,25.0,-1,-1,-1.0
19823,19823,13230.640535558734,11295.940730475137,40.0,-1,-1,-1.0
19824,19824,7294.022904335441,25300.538783097945,308.0,-1,48,-1.0
19825,19825,-7507.796027189899,27095.45448634533,401.0,-1,48,-1.0
19826,19826,35194.989552816274,4311.632460925546,308.0,-1,28,-1.0
19827,19827,22321.1059117779,-23342.229381372083,4.0,-1,-1,-1.0
19828,19828,6814.655817516723,-17903.158278154115,202.0,-1,-1,-1.0
19829,19829,-31428.98094286,24847.616493390007,8.0,-1,-1,-1.0
19830,19830,-27948.38329611074,-7321.772849598692,138.0,-1,-1,-1.0
19831,19831,-6851.490322578495,-17839.40431574506,26.0,-1,-1,-1.0
19832,19832,-37839.57688240272,-21929.22553053164,178.0,-1,0,-1.0
19833,19833,34370.54627169676,-26879.331300640653,490.0,-1,-1,-1.0
19834,19834,23350.67290979038,36312.63114373159,271.0,-1,-1,-1.0
19835,19835,26885.57600832895,-5910.736216013524,459.0,-1,-1,-1.0
19836,19836,19906.215674599956,-16221.31123095574,243.0,-1,45,-1.0
19837,19837,19551.81630852136,-25940.59503537723,427.0,-1,-1,-1.0
19838,19838,-12347.946500888083,16182.876489865754,251.0,-1,-1,-1.0
19839,19839,14538.174311681663,-5330.932147960913,87.0,-1,13,-1.0
19840,19840,-8804.799346642085,4048.9757290615744,6.0,-1,27,-1.0
19841,19841,-1394.178350322727,-37447.30230651819,296.0,-1,-1,-1.0
19842,19842,-9058.147285287596,13704.825129144432,144.0,-1,27,-1.0
19843,19843,99.09184422241378,37194.51717414048,131.0,-1,48,-1.0
19844,19844,-9000.555732131525,-39827.8977024965,260.0,-1,-1,-1.0
19845,19845,6573.590454036108,-9601.75959694574,34.0,-1,31,-1.0
19846,19846,14858.340431762932,9136.717415246312,212.0,-1,-1,-1.0
19847,19847,-8741.447271654979,20033.9626288995,42.0,-1,-1,-1.0
19848,19848,4406.802804493767,26477.47827405561,333.0,-1,48,-1.0
19849,19849,-24606.63544213034,7053.446786392793,208.0,-1,-1,-1.0
19850,19850,206.5530164643933,-4828.851130482777,261.0,-1,-1,-1.0
19851,19851,20713.6680435519,-31772.42210418971,295.0,-1,-1,-1.0
19852,19852,2931.533343923344,-38340.49891916367,1.0,-1,1,-1.0
19853,19853,-37254.72490975295,-9611.476945784483,345.0,-1,32,38.0
19854,19854,25600.587101950383,32547.806074235225,252.0,-1,-1,-1.0
19855,19855,7945.658773470546,20763.66785983352,188.0,-1,-1,-1.0
19856,19856,16268.5566989047,-13478.505133959545,488.0,-1,-1,-1.0
19857,19857,20502.02181788372,-5310.420962604949,449.0,-1,44,-1.0
19858,19858,-10688.62817375228,15179.740917542673,225.0,-1,-1,-1.0
19859,19859,-30494.191188114422,-16916.110849450084,43.0,-1,-1,-1.0
19860,19860,12238.851420430772,-18821.436327770407,23.0,-1,-1,-1.0
19861,19861,27744.591274875216,38302.12218078553,174.0,-1,-1,-1.0
19862,19862,-10963.564438997066,7373.381424321167,249.0,-1,-1,-1.0
19863,19863,30439.569023161544,29590.75117718079,305.0,-1,10,-1.0
19864,19864,17280.362808273494,-8660.217826086562,434.0,-1,-1,-1.0
19865,19865,33972.007676148074,-39852.30713013216,45.0,-1,-1,-1.0
19866,19866,11284.657791259226,20708.53282289076,434.0,-1,-1,-1.0
19867,19867,24256.913931447743,17380.35222946763,412.0,-1,-1,-1.0
19868,19868,-10635.008779306503,-8303.705464880437,396.0,-1,31,-1.0
19869,19869,16695.500995281982,14458.607067820963,297.0,-1,-1,-1.0
19870,19870,-20145.34296543803,20206.995860048984,459.0,-1,-1,-1.0
19871,19871,-1985.242441532806,1716.4350991244355,232.0,-1,22,-1.0
19872,19872,11185.44605234226,22765.883477942603,276.0,-1,-1,-1.0
19873,19873,10359.03086795826,-24688.747541241253,167.0,-1,-1,-1.0
19874,19874,-12230.448346659536,-27583.151571197417,283.0,-1,17,-1.0
19875,19875,-34454.965699176624,-36152.34348648554,198.0,-1,19,-1.0
19876,19876,-30944.051715883907,-32481.55327402065,17.0,-1,34,-1.0
19877,19877,2769.872921460337,-38021.91358497658,359.0,-1,1,-1.0
19878,19878,-27586.57471213492,28362.18700756633,373.0,-1,-1,-1.0
19879,19879,-24741.781929092613,16441.309252489053,461.0,-1,-1,-1.0
19880,19880,-32086.87556716604,12381.014214408531,471.0,-1,-1,-1.0
19881,19881,-1930.819215209347,-37851.59279366158,130.0,-1,-1,-1.0
19882,19882,14396.04081392743,23389.17978818377,193.0,-1,-1,-1.0
19883,19883,33060.54973766887,5288.121540472399,257.0,-1,-1,-1.0
19884,19884,-17523.590906995298,-38367.7529905309,495.0,-1,-1,-1.0
19885,19885,3848.031467732908,-16768.355407337986,432.0,-1,31,-1.0
19886,19886,21116.024953274216,-31767.674720496703,335.0,-1,-1,-1.0
19887,19887,-3337.5426059150705,-25618.637940119617,148.0,-1,-1,-1.0
19888,19888,7102.00258385342,-37642.257033517846,480.0,-1,1,-1.0
19889,19889,19821.781436641744,22369.38193937404,475.0,-1,18,-1.0
19890,19890,21379.136816722406,30458.21533124804,497.0,-1,30,-1.0
19891,19891,-29607.86087379473,-560.3563393748045,446.0,-1,-1,-1.0
19892,19892,7152.941048791836,-27105.05650383191,473.0,-1,31,-1.0
19893,19893,3823.966145146224,25540.75710736928,153.0,-1,48,-1.0
19894,19894,-10136.918584230069,29519.667173697235,491.0,-1,-1,-1.0
19895,19895,32148.977264966263,-27813.083542425527,192.0,-1,-1,-1.0
19896,19896,-29918.82756729528,8239.516835369664,409.0,-1,-1,-1.0
19897,19897,10381.978709279494,-5504.089166917933,470.0,-1,-1,-1.0
19898,19898,28940.146442818357,-27287.505518594044,157.0,-1,-1,-1.0
19899,19899,-30259.880718728014,25001.331254796823,437.0,-1,-1,-1.0
19900,19900,38619.17677539856,11856.54575638436,220.0,-1,-1,-1.0
19901,19901,18119.01476334556,-11011.645001281326,343.0,-1,44,50.0
19902,19902,27125.99544107275,-12534.409249107644,203.0,-1,45,-1.0
19903,19903,25805.46406803612,10396.87700609544,81.0,-1,15,-1.0
19904,19904,5564.188204133345,8933.375521149435,130.0,-1,-1,-1.0
19905,19905,-27465.363289822264,8665.319833337533,284.0,-1,-1,-1.0
19906,19906,-20737.371472809264,-32085.809768491352,168.0,-1,-1,-1.0
19907,19907,-30707.186182248617,24607.09871304866,115.0,-1,-1,-1.0
19908,19908,-12580.536229374024,13064.134896355245,75.0,-1,-1,-1.0
19909,19909,-4488.139479645819,20057.95168183136,266.0,-1,-1,-1.0
19910,19910,37677.6838119997,-23631.30925671164,346.0,-1,-1,-1.0
19911,19911,-30219.03458896535,-32821.03512450298,146.0,-1,34,-1.0
19912,19912,-30032.984399806857,-5753.02275573236,416.0,-1,41,-1.0
19913,19913,14557.651972838838,27146.103044794683,442.0,-1,9,-1.0
19914,19914,10115.106873686527,19000.66798272854,201.0,-1,-1,-1.0
19915,19915,-35128.58550115566,38806.768094163286,147.0,-1,5,-1.0
19916,19916,-28861.605715434904,-26963.95387459675,396.0,-1,-1,-1.0
19917,19917,-5285.402926579074,11385.663491388288,351.0,-1,-1,-1.0
19918,19918,-25601.319800710506,-21033.848142189243,191.0,-1,-1,-1.0
19919,19919,-31071.123862776207,-39885.25272033737,435.0,-1,-1,-1.0
19920,19920,-9158.321826759224,-13790.401324758845,23.0,-1,31,-1.0
19921,19921,-6498.351443267871,-36157.080075000624,350.0,-1,-1,-1.0
19922,19922,6953.196601352633,12166.654692275835,257.0,-1,8,-1.0
19923,19923,-17079.56615144078,-15062.439158164834,315.0,-1,-1,-1.0
19924,19924,12554.012692384727,-35716.26370656617,64.0,-1,4,-1.0
19925,19925,4522.075564566723,-17204.314417433685,241.0,-1,31,-1.0
19926,19926,36405.42780179382,-20865.850229312928,1.0,-1,-1,-1.0
19927,19927,-31302.96356304959,4509.581837653386,279.0,-1,29,-1.0
19928,19928,4331.164894431822,-2410.260720482125,357.0,-1,-1,-1.0
19929,19929,39656.63736816548,2252.5264216931173,290.0,-1,-1,-1.0
19930,19930,-16841.389909896272,17204.767515945816,4.0,-1,-1,-1.0
19931,19931,-35193.26502271636,-25979.993721770392,76.0,-1,-1,-1.0
19932,19932,36219.87232336169,29609.826932778265,489.0,-1,-1,-1.0
19933,19933,-11365.19296935595,-31024.64907105157,464.0,-1,-1,-1.0
19934,19934,18713.4570005317,34392.191222873866,487.0,-1,-1,-1.0
19935,19935,-28867.701894462218,-36531.3816278986,160.0,-1,-1,-1.0
19936,19936,29417.145820705,-22411.32663885173,324.0,-1,45,51.0
19937,19937,-6323.123293540542,-18998.01571543973,54.0,-1,-1,-1.0
19938,19938,-19413.55746573671,-1686.531140793959,429.0,-1,43,-1.0
19939,19939,-5925.829774162325,32802.03232503016,160.0,-1,-1,-1.0
19940,19940,8516.984895080386,31212.830452269016,221.0,-1,48,-1.0
19941,19941,-38659.915445366336,9867.484006640072,94.0,-1,-1,-1.0
19942,19942,-38324.88146434458,20989.97656946911,275.0,-1,-1,-1.0
19943,19943,33701.8929650888,-1659.4674968558393,6.0,-1,-1,-1.0
19944,19944,-12342.72981328566,2812.6602807738527,376.0,-1,26,-1.0
19945,19945,-34016.8062205758,-27623.54058489138,367.0,-1,-1,-1.0
19946,19946,11614.48471075717,-23917.11076796599,55.0,-1,3,-1.0
19947,19947,-30130.8542939553,18353.58251359297,364.0,-1,-1,-1.0
19948,19948,-11438.890027427473,35867.02442576023,85.0,-1,48,-1.0
19949,19949,20279.40692277705,-8161.915123451654,96.0,-1,44,-1.0
19950,19950,37009.16841159678,19473.235516560417,249.0,-1,28,-1.0
19951,19951,29536.56912557858,37696.91888316978,477.0,-1,11,-1.0
19952,19952,31427.47801318494,-31059.31563116001,15.0,-1,-1,-1.0
19953,19953,-35597.0208630288,22503.22618537755,78.0,-1,23,-1.0
19954,19954,-32764.876733078097,26976.267431206437,41.0,-1,-1,-1.0
19955,19955,35516.60636230343,-4318.914422511727,417.0,-1,-1,-1.0
19956,19956,18946.1717331202,-38022.42152770953,246.0,-1,-1,-1.0
19957,19957,34727.26770432705,38773.43560654805,211.0,-1,-1,-1.0
19958,19958,23611.902276316352,20236.85936666525,25.0,-1,-1,-1.0
19959,19959,38098.35792589812,-8608.826606910541,466.0,-1,-1,-1.0
19960,19960,2174.103044114112,-13623.35292594727,3.0,-1,31,-1.0
19961,19961,-17047.48606845434,-12580.71437028753,404.0,-1,42,-1.0
19962,19962,4988.3360035775695,11724.169607801728,397.0,-1,-1,-1.0
19963,19963,36538.33429637896,38068.27877671819,329.0,-1,-1,-1.0
19964,19964,20539.70718693354,-36094.74212207969,276.0,-1,-1,-1.0
19965,19965,-26977.978055118117,21743.9017420978,166.0,-1,-1,-1.0
19966,19966,-18408.31816241544,3595.6957146911154,122.0,-1,-1,-1.0
19967,19967,-1134.735251103084,12988.135307302306,41.0,-1,-1,-1.0
19968,19968,21758.86704676415,-2969.075302360586,264.0,-1,44,-1.0
19969,19969,-2688.9888830751443,1117.6104507709097,25.0,-1,22,-1.0
19970,19970,38620.03024771325,-37230.47492908565,408.0,-1,21,-1.0
19971,19971,-24116.64947400413,-12434.2487466258,370.0,-1,-1,-1.0
19972,19972,33645.43298556877,35069.8055801259,481.0,-1,11,-1.0
19973,19973,-15979.348221184811,27460.085684256323,82.0,-1,48,59.0
19974,19974,-3856.954926419421,19379.202883027065,476.0,-1,-1,-1.0
19975,19975,23323.941560011684,-29037.73691013062,203.0,-1,-1,-1.0
19976,19976,6498.026890940215,33718.49556280018,1.0,-1,47,-1.0
19977,19977,-34320.13976074112,24805.24441770497,254.0,-1,-1,-1.0
19978,19978,31857.37909112392,18282.46102226254,495.0,-1,28,-1.0
19979,19979,-2064.9177316109563,17141.96940571099,268.0,-1,46,-1.0
19980,19980,-14744.3232837914,-38445.11863861366,55.0,-1,-1,-1.0
19981,19981,-2904.7985618555467,26427.760504533013,220.0,-1,48,-1.0
19982,19982,-21976.068362432958,5595.823240055004,194.0,-1,-1,-1.0
19983,19983,28773.85626850011,23272.57565139571,266.0,-1,-1,-1.0
19984,19984,22214.699605178263,-35705.529218849886,177.0,-1,-1,-1.0
19985,19985,1626.8681561811682,-2041.9685862812112,495.0,-1,-1,-1.0
19986,19986,-26096.68463257214,-20567.88139255805,106.0,-1,-1,-1.0
19987,19987,-15765.637271113694,-18819.384057670457,462.0,-1,-1,-1.0
19988,19988,-7253.582082966979,24691.5234074388,191.0,-1,-1,-1.0
19989,19989,-14347.926304573768,-3634.363839251637,100.0,-1,-1,-1.0
19990,19990,13917.743239318144,33386.697805397955,375.0,-1,47,-1.0
19991,19991,-37101.54771676609,-5699.0751401877205,416.0,-1,-1,-1.0
19992,19992,7366.215670572579,35503.749969155586,338.0,-1,-1,-1.0
19993,19993,-21941.387620689755,22681.249595067144,380.0,-1,-1,-1.0
19994,19994,-32952.129587738615,14801.285951593289,320.0,-1,24,-1.0
19995,19995,9151.629728885457,17917.234126357274,117.0,-1,-1,-1.0
19996,19996,26996.40127105417,-36816.37699176407,400.0,-1,-1,-1.0
19997,19997,26196.66612795068,-37306.92772068021,455.0,-1,-1,-1.0
19998,19998,-16936.27864574409,19098.91564780996,33.0,-1,-1,-1.0
19999,19999,12000.805574031683,-5522.466898637176,94.0,-1,-1,-1.0
20000,20000,11913.224746063708,25181.914901938595,427.0,-1,-1,-1.0
20001,20001,29839.020310151303,-8374.540693927876,11.0,-1,-1,-1.0
20002,20002,19438.42990601872,-17043.994870607203,234.0,-1,45,-1.0
20003,20003,-1307.5805573765465,-3628.337306992456,117.0,-1,-1,-1.0
20004,20004,31014.91615861481,-11771.173456858756,414.0,-1,-1,-1.0
20005,20005,37918.20858501461,-3699.205761443889,416.0,-1,-1,-1.0
20006,20006,-1770.676229969169,-37858.79052454978,286.0,-1,-1,-1.0
20007,20007,-36735.73509108357,-32843.42251661405,364.0,-1,20,-1.0
20008,20008,-19840.681938099,-24116.1447618772,351.0,-1,36,-1.0
20009,20009,-12198.074206970085,32050.76599149989,30.0,-1,48,-1.0
20010,20010,33121.7833485313,4808.760403219312,61.0,-1,-1,-1.0
20011,20011,-708.9298165424188,-20650.048182766557,466.0,-1,31,-1.0
20012,20012,-3430.8830653872647,15640.315815499314,412.0,-1,-1,-1.0
20013,20013,-2013.687792271914,17707.601167734312,343.0,-1,46,54.0
20014,20014,-22577.677989789667,22548.56075294908,88.0,-1,-1,-1.0
20015,20015,-12916.393823999988,-13226.803573747344,32.0,-1,-1,-1.0
20016,20016,19007.87037959435,19748.69894477709,470.0,-1,18,-1.0
20017,20017,-35435.3043059155,13670.170736596256,41.0,-1,-1,-1.0
20018,20018,21676.68066614844,-21645.505728040727,51.0,-1,-1,-1.0
20019,20019,6068.843490446619,-4592.4795914805945,63.0,-1,-1,-1.0
20020,20020,26693.989974624667,20957.73134020571,83.0,-1,-1,-1.0
20021,20021,-34088.66708114084,-18687.80667767048,10.0,-1,-1,-1.0
20022,20022,-13671.956860955135,8367.071939882277,244.0,-1,-1,-1.0
20023,20023,35962.50687952424,11690.080190583874,272.0,-1,28,-1.0
20024,20024,-16894.606371306374,-19588.25396650716,474.0,-1,-1,-1.0
20025,20025,-36322.66962052444,35529.02073614483,304.0,-1,5,-1.0
20026,20026,-35058.407973182744,-39847.29818364008,14.0,-1,-1,-1.0
20027,20027,-17118.206263050874,-25550.241896887597,388.0,-1,36,-1.0
20028,20028,14155.815872655912,19279.98606171704,426.0,-1,-1,-1.0
20029,20029,-32798.22863659289,-27491.395354130087,487.0,-1,34,-1.0
20030,20030,-31284.907993446493,-36225.332286736535,448.0,-1,-1,-1.0
20031,20031,-26006.95785082678,-24943.38477940152,374.0,-1,38,-1.0
20032,20032,-4499.618715831231,24150.08454351744,165.0,-1,-1,-1.0
20033,20033,-609.6614521805386,14427.409184381771,413.0,-1,-1,-1.0
20034,20034,-28418.054448525705,-36357.32232353619,172.0,-1,-1,-1.0
20035,20035,-34370.11058483501,-16977.848960053972,316.0,-1,-1,-1.0
20036,20036,-17235.284143813602,-24728.994059740704,37.0,-1,36,42.0
20037,20037,-10458.523383364243,29158.51577633132,444.0,-1,-1,-1.0
20038,20038,18314.28979014161,19764.185286175983,351.0,-1,18,-1.0
20039,20039,14231.803839517095,-13580.325891515577,192.0,-1,-1,-1.0
20040,20040,3545.98002369819,-28301.117408481,155.0,-1,-1,-1.0
20041,20041,-23748.08909652126,-38925.666100590606,119.0,-1,-1,-1.0
20042,20042,17371.05990650499,-9500.180750526262,431.0,-1,-1,-1.0
20043,20043,6363.686747753178,19307.251154282123,327.0,-1,-1,-1.0
20044,20044,31188.83126923809,-34002.173837017544,358.0,-1,-1,-1.0
20045,20045,-29947.19063491263,20694.58494322572,62.0,-1,-1,-1.0
20046,20046,14637.80107338314,1804.118727118599,235.0,-1,2,-1.0
20047,20047,-27518.30303800566,16672.863180719934,140.0,-1,-1,-1.0
20048,20048,19705.75258933053,-35536.02183199963,94.0,-1,-1,-1.0
20049,20049,-37226.781291322375,-33053.88107089761,276.0,-1,20,-1.0
20050,20050,-23561.33272748809,-14026.375001935394,279.0,-1,-1,-1.0
20051,20051,10825.959225063523,-34828.71505434896,231.0,-1,-1,-1.0
20052,20052,-23255.2516430305,-19635.06969714798,90.0,-1,-1,-1.0
20053,20053,30626.226708047587,6143.707806486331,216.0,-1,-1,-1.0
20054,20054,26883.70275362926,-23641.20420378772,454.0,-1,45,-1.0
20055,20055,25808.81280001048,-33799.4943333244,429.0,-1,-1,-1.0
20056,20056,2942.620121612592,-19291.21555424212,317.0,-1,-1,-1.0
20057,20057,-14698.483519142566,-22759.222281379047,130.0,-1,-1,-1.0
20058,20058,4074.366788514228,26361.265680310305,215.0,-1,48,-1.0
20059,20059,30527.74955580308,20501.23772764257,484.0,-1,-1,-1.0
20060,20060,-13329.120904649111,33939.4355594558,58.0,-1,48,-1.0
20061,20061,21048.10999721421,38167.68598023156,141.0,-1,-1,-1.0
20062,20062,-23294.54188292085,-83.36396286714444,485.0,-1,-1,-1.0
20063,20063,-29212.484104060924,-10722.68869426713,38.0,-1,-1,-1.0
20064,20064,-24002.80647280209,-19671.216962899853,149.0,-1,-1,-1.0
20065,20065,-36517.80336677839,-34939.400134943215,464.0,-1,-1,-1.0
20066,20066,6547.511727212615,-20328.19293075544,242.0,-1,-1,-1.0
20067,20067,-6835.079620860881,37925.89437540398,427.0,-1,-1,-1.0
20068,20068,23229.513534516213,18451.104591290317,155.0,-1,-1,-1.0
20069,20069,-6377.517309249779,12052.008577379434,472.0,-1,-1,-1.0
20070,20070,11560.748855120248,5085.741192421301,74.0,-1,2,-1.0
20071,20071,37333.20498157083,23938.299899091668,111.0,-1,-1,-1.0
20072,20072,-8124.291558242741,13226.481097095828,387.0,-1,-1,-1.0
20073,20073,-36962.1280884176,-18457.399744575298,261.0,-1,0,-1.0
20074,20074,-27649.32269533202,39064.301598644,53.0,-1,-1,-1.0
20075,20075,-15213.868795145878,-1841.5056941823127,448.0,-1,-1,-1.0
20076,20076,23524.476463351144,5716.631807906859,226.0,-1,-1,-1.0
20077,20077,-27963.777038932534,-36182.24513140068,45.0,-1,-1,-1.0
20078,20078,2164.393720088381,-32389.3971703608,485.0,-1,1,-1.0
20079,20079,-8642.778343217418,26113.37397521037,207.0,-1,48,61.0
20080,20080,-26846.908448152248,36842.706901384096,197.0,-1,-1,-1.0
20081,20081,-37985.2598724731,-39345.23957613937,254.0,-1,-1,-1.0
20082,20082,-2412.113849186797,38447.01672534752,214.0,-1,48,-1.0
20083,20083,-26214.319572375985,30001.463526207284,340.0,-1,-1,-1.0
20084,20084,3132.313305787225,-36388.652645679496,5.0,-1,-1,-1.0
20085,20085,-13184.347479376647,-11305.700783161044,250.0,-1,-1,-1.0
20086,20086,-26971.508596167667,17862.99343633357,182.0,-1,-1,-1.0
20087,20087,-39363.00680307084,-11068.265560310858,131.0,-1,-1,-1.0
20088,20088,38748.13364057112,24437.79373109219,261.0,-1,-1,-1.0
20089,20089,9541.913498853544,21621.814278894148,407.0,-1,-1,-1.0
20090,20090,20748.54216949245,29899.385972560038,315.0,-1,30,-1.0
20091,20091,-35395.07083491466,20008.399276302465,240.0,-1,-1,-1.0
20092,20092,-31861.58265972342,23141.10172005534,451.0,-1,-1,-1.0
20093,20093,-35349.39664257587,7132.173089357064,22.0,-1,24,-1.0
20094,20094,-32950.2970242646,30394.67832744615,498.0,-1,-1,-1.0
20095,20095,8267.789179373845,-3586.8724035416235,179.0,-1,-1,-1.0
20096,20096,-19131.786209073754,-10291.275702663255,325.0,-1,-1,-1.0
20097,20097,-27220.56373244773,25037.205479528435,489.0,-1,48,-1.0
20098,20098,-2685.112899517808,-31177.15257948664,362.0,-1,-1,-1.0
20099,20099,16777.23502009239,-3469.9431166817085,25.0,-1,-1,-1.0
20100,20100,-634.1259161524722,28937.064076462848,240.0,-1,-1,-1.0
20101,20101,2.9679083146547782,-34470.767825191244,328.0,-1,-1,-1.0
20102,20102,-337.2461435068908,-24290.072551398625,228.0,-1,-1,-1.0
20103,20103,23031.78557719363,6041.889585294091,152.0,-1,-1,-1.0
20104,20104,12682.72043825325,-21429.27534078331,166.0,-1,-1,-1.0
20105,20105,37190.7175084936,-5296.003016903189,497.0,-1,-1,-1.0
20106,20106,24689.053146083985,-34055.23009769446,412.0,-1,-1,-1.0
20107,20107,-7605.174241301407,38672.756046350056,144.0,-1,-1,-1.0
20108,20108,-35283.7112708496,-4835.817611534374,466.0,-1,-1,-1.0
20109,20109,-31401.55130519208,-8974.693569013547,60.0,-1,41,47.0
20110,20110,-5177.934601495326,20596.82943478189,52.0,-1,-1,-1.0
20111,20111,33299.73297262518,-3788.5439011695416,252.0,-1,-1,-1.0
20112,20112,20844.298005474466,-7147.410818351018,313.0,-1,44,-1.0
20113,20113,-13093.197553833072,37912.38123974946,144.0,-1,-1,-1.0
20114,20114,-28981.00506784693,9207.420565586472,74.0,-1,-1,-1.0
20115,20115,-7397.67081909136,-16917.188988647096,292.0,-1,-1,-1.0
20116,20116,-28029.37462610421,-27427.26619864082,4.0,-1,-1,-1.0
20117,20117,-33627.32280390188,33732.286508329664,7.0,-1,-1,-1.0
20118,20118,4460.293536777841,26684.569625431133,279.0,-1,-1,-1.0
20119,20119,38816.59619484548,32475.975191030277,450.0,-1,10,-1.0
20120,20120,-33955.452622328216,-17013.756856625165,169.0,-1,-1,-1.0
20121,20121,-15784.1788899559,28604.20700843685,18.0,-1,48,-1.0
20122,20122,-7708.459480009234,-7760.698959247395,229.0,-1,31,36.0
20123,20123,-20324.426415895286,28316.611303455604,35.0,-1,-1,-1.0
20124,20124,-26105.72013719626,25765.002545075928,97.0,-1,48,-1.0
20125,20125,-37819.28026311873,39933.622267738014,473.0,-1,-1,-1.0
20126,20126,21156.84670603642,38860.47632288505,5.0,-1,-1,-1.0
20127,20127,-7814.215333522567,15424.85298707633,471.0,-1,-1,-1.0
20128,20128,-34777.60783573964,18104.84224366592,28.0,-1,-1,-1.0
20129,20129,8532.666079331095,6257.298266723541,493.0,-1,-1,-1.0
20130,20130,-28259.54327614727,25204.95569851555,430.0,-1,-1,-1.0
20131,20131,-25144.848325985888,-31151.60778478861,316.0,-1,-1,-1.0
20132,20132,-26942.85209373474,-16475.186606105333,463.0,-1,-1,-1.0
20133,20133,15844.341466229567,22398.73970754672,142.0,-1,-1,-1.0
20134,20134,28452.433782714725,-37161.89682286602,229.0,-1,-1,-1.0
20135,20135,-12339.797308193229,12131.682447542144,246.0,-1,-1,-1.0
20136,20136,13148.365949133367,28489.48306298026,142.0,-1,-1,-1.0
20137,20137,-17469.726369526325,-32187.50710125394,215.0,-1,36,-1.0
20138,20138,-25733.15840948448,2310.285923017902,300.0,-1,-1,-1.0
20139,20139,-28073.100996790192,7998.022189342453,348.0,-1,-1,-1.0
20140,20140,-1255.0030421121485,-37582.34207660347,389.0,-1,-1,-1.0
20141,20141,16346.670326385778,-2038.8343388903013,284.0,-1,-1,-1.0
20142,20142,-29909.014455914083,24914.05444532441,276.0,-1,-1,-1.0
20143,20143,-25556.73502862639,15921.798031341,464.0,-1,-1,-1.0
20144,20144,4047.7946431213495,-39243.0424302982,456.0,-1,1,-1.0
20145,20145,-8609.398588804477,-34318.39695399943,149.0,-1,-1,-1.0
20146,20146,6914.472494352653,8389.07781346763,366.0,-1,-1,-1.0
20147,20147,-8261.359195014233,-38708.12298546948,333.0,-1,-1,-1.0
20148,20148,27919.652149708734,1299.2233419999902,121.0,-1,-1,-1.0
20149,20149,-29628.816361819823,18228.955751637688,67.0,-1,40,-1.0
20150,20150,-12910.979989612251,-35863.25770496433,313.0,-1,36,-1.0
20151,20151,16681.631633354147,-5383.326782943077,104.0,-1,13,-1.0
20152,20152,37919.020739801126,-13763.14083664516,16.0,-1,-1,-1.0
20153,20153,23430.040470331056,-33062.92663153559,378.0,-1,-1,-1.0
20154,20154,8214.909588917224,38866.92953026568,362.0,-1,-1,-1.0
20155,20155,-37818.44972473463,1577.007801887179,242.0,-1,-1,-1.0
20156,20156,-38541.832877795496,35110.56973070261,183.0,-1,5,-1.0
20157,20157,18421.007612323505,10101.889384492308,494.0,-1,-1,-1.0
20158,20158,-17510.866819440787,-32727.384300044218,331.0,-1,36,-1.0
20159,20159,-35119.561332369856,10982.763695600406,74.0,-1,24,-1.0
20160,20160,10419.699383492669,-1789.9719260780255,90.0,-1,-1,-1.0
20161,20161,-12662.364789084128,-26755.967087318088,295.0,-1,17,-1.0
20162,20162,-25241.69098607849,-8156.609303072004,142.0,-1,-1,-1.0
20163,20163,15186.894821497706,5547.73351316437,493.0,-1,-1,-1.0
20164,20164,-25438.32103348241,-19203.09731074476,344.0,-1,-1,-1.0
20165,20165,12621.45194337138,-11492.188279237042,223.0,-1,-1,-1.0
20166,20166,-37393.663424589104,-6837.896789786159,336.0,-1,-1,-1.0
20167,20167,4465.908470444629,-33362.843624058296,160.0,-1,1,-1.0
20168,20168,7914.89262580697,-31824.871041433464,382.0,-1,-1,-1.0
20169,20169,1334.9221748923446,-13377.477781532016,390.0,-1,31,35.0
20170,20170,36769.06131500666,21430.4154565469,107.0,-1,-1,-1.0
20171,20171,23906.59716891004,-26187.36190691081,370.0,-1,-1,-1.0
20172,20172,5105.510306026401,-10293.803509099533,150.0,-1,31,-1.0
20173,20173,-14704.903943436268,34239.13881154191,145.0,-1,48,-1.0
20174,20174,19424.108965209387,32847.39930853964,111.0,-1,-1,-1.0
20175,20175,5085.118771170928,-21622.36387600416,137.0,-1,-1,-1.0
20176,20176,-24357.11122599453,-34051.21297425628,384.0,-1,-1,-1.0
20177,20177,23419.853218807693,-28159.514486655517,175.0,-1,-1,-1.0
20178,20178,4448.495456772638,29751.552260475728,71.0,-1,-1,-1.0
20179,20179,-22888.609799635404,-2749.1194805194827,279.0,-1,-1,-1.0
20180,20180,2322.95896656446,-17528.777669711762,97.0,-1,31,-1.0
20181,20181,-21037.74569926779,-5670.364690113223,16.0,-1,-1,-1.0
20182,20182,-37773.97772775909,6554.089627022528,153.0,-1,-1,-1.0
20183,20183,8223.88274055082,-31212.86705205985,336.0,-1,-1,-1.0
20184,20184,16509.33377772496,2327.0603514433897,122.0,-1,-1,-1.0
20185,20185,38760.20660042083,-1586.3128655019757,487.0,-1,-1,-1.0
20186,20186,-23015.62900827603,-15222.3882321063,478.0,-1,-1,-1.0
20187,20187,12512.639803577462,-30990.122613203857,401.0,-1,-1,-1.0
20188,20188,-23463.398447690088,-22406.4267404181,138.0,-1,-1,-1.0
20189,20189,30780.667731904425,30545.333569048234,224.0,-1,-1,-1.0
20190,20190,23924.91945085483,322.98894267375726,371.0,-1,-1,-1.0
20191,20191,26505.22290344967,29054.558513259894,102.0,-1,-1,-1.0
20192,20192,36878.077338920586,-29781.07950294535,142.0,-1,-1,-1.0
20193,20193,-14712.593939404258,-14881.739425841188,407.0,-1,-1,-1.0
20194,20194,2253.306413090329,-39548.883896331616,180.0,-1,-1,-1.0
20195,20195,-38601.0020497168,-20839.720503266028,427.0,-1,0,-1.0
20196,20196,32228.61697500314,38849.89219419961,179.0,-1,-1,-1.0
20197,20197,24574.242923374677,17537.16220290766,277.0,-1,-1,-1.0
20198,20198,-2879.5572505444143,-28710.524257800447,408.0,-1,-1,-1.0
20199,20199,-33910.3364801854,39504.68334651028,130.0,-1,5,-1.0
20200,20200,-9995.924306051897,14399.233292948404,353.0,-1,-1,-1.0
20201,20201,15266.774565273505,10885.227272273922,172.0,-1,-1,-1.0
20202,20202,14195.875784102398,23250.89859603,254.0,-1,-1,-1.0
20203,20203,-27070.686446901105,49.296834249427775,347.0,-1,41,-1.0
20204,20204,-14939.692236613995,-36180.69296618465,1.0,-1,-1,-1.0
20205,20205,11049.37933523314,-35536.49539704432,82.0,-1,-1,-1.0
20206,20206,1470.825870419707,10545.347879529225,480.0,-1,27,-1.0
20207,20207,33918.80060118968,-26467.259855479075,47.0,-1,-1,-1.0
20208,20208,35939.79149928856,-28061.946339027105,177.0,-1,-1,-1.0
20209,20209,22791.586657052798,28314.37549339069,494.0,-1,-1,-1.0
20210,20210,-27529.881582516457,3380.127360253908,347.0,-1,-1,-1.0
20211,20211,-6868.550169992072,-31890.78786037663,270.0,-1,-1,-1.0
20212,20212,37489.557344592686,-18745.909386439034,71.0,-1,-1,-1.0
20213,20213,28332.2701060423,-29426.8623306203,486.0,-1,-1,-1.0
20214,20214,-5990.291005921972,-6110.932255875588,130.0,-1,-1,-1.0
20215,20215,-14780.39014168056,-26956.78439226115,422.0,-1,-1,-1.0
20216,20216,-39064.528374576,-11679.72559158109,294.0,-1,-1,-1.0
20217,20217,-810.6569782672232,30227.812076820934,137.0,-1,48,-1.0
20218,20218,29474.611976487417,835.0385344135502,432.0,-1,-1,-1.0
20219,20219,38735.065273912565,-8231.318102858553,159.0,-1,-1,-1.0
20220,20220,18432.010470044515,31326.40710706773,35.0,-1,30,-1.0
20221,20221,-28211.02640982236,-12646.827692794985,141.0,-1,-1,-1.0
20222,20222,18576.16627122571,17276.143602239797,312.0,-1,-1,-1.0
20223,20223,26121.505187301445,-21494.13024644385,238.0,-1,45,51.0
20224,20224,-10728.608922257365,-986.5154187643202,299.0,-1,-1,-1.0
20225,20225,-18033.42962929393,23530.74520802608,389.0,-1,-1,-1.0
20226,20226,-33204.23210412297,-30194.91595513001,182.0,-1,34,-1.0
20227,20227,-16651.895058071168,-13107.695833417398,59.0,-1,-1,-1.0
20228,20228,-10752.483014806592,34640.79989125494,403.0,-1,48,-1.0
20229,20229,-34674.42430000671,14108.1804723619,19.0,-1,24,-1.0
20230,20230,26757.573125269,11978.203509440093,72.0,-1,15,-1.0
20231,20231,-13000.245237118796,17946.923947438852,323.0,-1,-1,-1.0
20232,20232,-33293.39149864401,-15944.053959899538,339.0,-1,-1,-1.0
20233,20233,25473.63538841356,-38733.67660450974,28.0,-1,-1,-1.0
20234,20234,14081.673781655843,-23600.26237829354,467.0,-1,-1,-1.0
20235,20235,-31037.493282797364,2635.006959458828,130.0,-1,29,-1.0
20236,20236,3904.60941321031,-29195.703199879565,420.0,-1,-1,-1.0
20237,20237,2948.367327796273,18040.227997268117,41.0,-1,-1,-1.0
20238,20238,-22776.486377168945,-11315.342695009347,202.0,-1,-1,-1.0
20239,20239,-38178.430897454986,38436.08582039566,401.0,-1,-1,-1.0
20240,20240,-33251.291195784695,23154.13308551386,135.0,-1,-1,-1.0
20241,20241,14751.040751588494,-31721.782651461563,241.0,-1,3,-1.0
20242,20242,29091.73746293252,-727.7357924143216,332.0,-1,-1,-1.0
20243,20243,13319.41056413571,18398.53054347005,228.0,-1,-1,-1.0
20244,20244,-37260.921661234,25743.033131221902,132.0,-1,23,-1.0
20245,20245,-35162.423543936835,-18416.790774814934,111.0,-1,-1,-1.0
20246,20246,-24537.0714264156,-4889.206150156584,302.0,-1,-1,-1.0
20247,20247,32913.20077304727,-21619.52969073692,277.0,-1,-1,-1.0
20248,20248,35670.90809740855,-15498.11699057792,24.0,-1,-1,-1.0
20249,20249,-11196.752614136294,-15297.08651327894,466.0,-1,31,-1.0
20250,20250,-15.0875771843057,8305.08557003169,364.0,-1,-1,-1.0
20251,20251,-13258.825098969708,-34959.73279029149,88.0,-1,36,-1.0
20252,20252,-37082.418054998605,-27129.38885231412,55.0,-1,-1,-1.0
20253,20253,18426.92742402472,26118.36832512637,288.0,-1,-1,-1.0
20254,20254,24336.832542732845,2109.7869447962366,207.0,-1,-1,-1.0
20255,20255,-20466.77091893493,39864.2909750016,183.0,-1,-1,-1.0
20256,20256,6624.622815594856,36324.93048327336,145.0,-1,-1,-1.0
20257,20257,4028.11021708206,3466.544964891371,148.0,-1,14,-1.0
20258,20258,-20349.682139173365,327.7630180898923,270.0,-1,-1,-1.0
20259,20259,29406.67673963809,3821.4626751170144,202.0,-1,-1,-1.0
20260,20260,-29904.02609136865,-2020.6650086475347,446.0,-1,-1,-1.0
20261,20261,21140.18682083743,-7645.388242259327,438.0,-1,44,-1.0
20262,20262,20046.228217397627,-13869.983094239586,355.0,-1,-1,-1.0
20263,20263,-10274.28333228352,-37664.43906713127,339.0,-1,-1,-1.0
20264,20264,20440.085923262806,-21141.21816227029,436.0,-1,-1,-1.0
20265,20265,-36393.97775946325,2090.476977431317,26.0,-1,-1,-1.0
20266,20266,-13525.579273194233,9432.617958024091,364.0,-1,-1,-1.0
20267,20267,-15797.078996144486,34081.9155741376,278.0,-1,-1,-1.0
20268,20268,-19218.67816982239,-20080.65877721304,216.0,-1,-1,-1.0
20269,20269,-25297.17221618653,-24105.46595580806,235.0,-1,-1,-1.0
20270,20270,-17209.164503867934,-17070.451637208902,373.0,-1,-1,-1.0
20271,20271,-642.1380443690432,-2856.092151499375,187.0,-1,-1,-1.0
20272,20272,-22797.32203961652,-35651.63609571341,493.0,-1,-1,-1.0
20273,20273,22780.45124817277,-10594.551849892,371.0,-1,-1,-1.0
20274,20274,-186.8314160908849,5323.958653303162,365.0,-1,27,-1.0
20275,20275,-8174.792306871554,-21213.351572657368,230.0,-1,-1,-1.0
20276,20276,1093.020229867332,29347.84233237657,489.0,-1,-1,-1.0
20277,20277,-817.6104618266036,-30421.90093644436,244.0,-1,-1,-1.0
20278,20278,-17200.930939436203,-32613.311859086025,402.0,-1,36,-1.0
20279,20279,-38604.326845039344,21146.042631175536,445.0,-1,-1,-1.0
20280,20280,-9220.267431789998,-4660.629790708299,315.0,-1,31,-1.0
20281,20281,38955.59540839031,-9749.672317255288,313.0,-1,-1,-1.0
20282,20282,-19935.262595104443,-26217.15726375941,280.0,-1,-1,-1.0
20283,20283,19633.85630853044,-122.1546949745607,21.0,-1,-1,-1.0
20284,20284,15974.474144645312,-26646.676134140296,223.0,-1,-1,-1.0
20285,20285,6843.964498921763,30606.91488069255,269.0,-1,48,-1.0
20286,20286,32277.579416698805,-25430.842676057822,240.0,-1,-1,-1.0
20287,20287,32614.3380342866,23509.37482269534,82.0,-1,-1,-1.0
20288,20288,-38925.029062596754,-700.433269452973,373.0,-1,-1,-1.0
20289,20289,31841.93992681864,-19955.788225170723,197.0,-1,-1,-1.0
20290,20290,13220.002568076168,4304.425072412305,323.0,-1,-1,-1.0
20291,20291,33370.41779856928,-36017.40347361676,82.0,-1,-1,-1.0
20292,20292,-8064.871242225679,30543.57519147967,41.0,-1,-1,-1.0
20293,20293,-25115.450524776148,34309.19571163121,356.0,-1,-1,-1.0
20294,20294,-23510.57029834034,16407.51839977922,209.0,-1,-1,-1.0
20295,20295,30539.18198503081,-3179.018657493303,478.0,-1,33,-1.0
20296,20296,-15300.883546369438,-7668.969069627627,369.0,-1,43,-1.0
20297,20297,-18812.484431629608,11368.30816941562,136.0,-1,-1,-1.0
20298,20298,8991.241396036232,-32181.911162565862,430.0,-1,-1,-1.0
20299,20299,27451.802364047064,-26005.42354861026,316.0,-1,-1,-1.0
20300,20300,-14811.966931792238,-26978.319311419345,255.0,-1,-1,-1.0
20301,20301,-33259.549372058966,-18082.283512106915,323.0,-1,-1,-1.0
20302,20302,32920.47064501283,-23873.20021919333,301.0,-1,45,-1.0
20303,20303,33735.10166824893,-18537.67279089085,59.0,-1,-1,-1.0
20304,20304,-21416.8048553831,-35617.45075254736,442.0,-1,12,-1.0
20305,20305,-1093.4300896454588,39258.53324960775,69.0,-1,-1,-1.0
20306,20306,-5769.4034791695885,-29954.758577668992,471.0,-1,-1,-1.0
20307,20307,18267.62963387877,33273.04283337385,439.0,-1,-1,-1.0
20308,20308,16787.713396202074,-5837.959329838173,188.0,-1,-1,-1.0
20309,20309,-3306.7757901855366,16811.880489953983,96.0,-1,-1,-1.0
20310,20310,-5478.078058434359,-335.5885429480113,485.0,-1,-1,-1.0
20311,20311,-14244.672511938496,-36444.34091774342,32.0,-1,-1,-1.0
20312,20312,1729.6899417864552,20855.13229458433,224.0,-1,46,54.0
20313,20313,36837.18300098852,-29166.29093569728,50.0,-1,-1,-1.0
20314,20314,4681.462437575836,-12353.783272078428,34.0,-1,31,-1.0
20315,20315,15266.724520512238,35733.84365744909,273.0,-1,-1,-1.0
20316,20316,-24268.13026509026,-27374.1986943336,48.0,-1,38,-1.0
20317,20317,14375.422436696594,20014.900605623254,455.0,-1,-1,-1.0
20318,20318,-3618.3134490155207,32211.11949823424,492.0,-1,-1,-1.0
20319,20319,-2407.7628882955687,-16729.5364906298,115.0,-1,31,-1.0
20320,20320,12663.688244010133,16540.86092193753,300.0,-1,-1,-1.0
20321,20321,-1440.1600230933836,39567.8396898754,134.0,-1,48,-1.0
20322,20322,11401.319507451037,29605.62555389962,232.0,-1,-1,-1.0
20323,20323,8761.77868362207,5579.624063010822,33.0,-1,-1,-1.0
20324,20324,18471.57933528456,-27761.233645748725,5.0,-1,3,-1.0
20325,20325,-35921.94863925613,20066.76196414576,420.0,-1,-1,-1.0
20326,20326,39157.89521884349,-37482.06490423131,25.0,-1,21,-1.0
20327,20327,-37720.93425989016,39964.39323781163,150.0,-1,-1,-1.0
20328,20328,-10245.647121329428,12832.26223034598,250.0,-1,-1,-1.0
20329,20329,39478.26251850782,1732.5616627190466,471.0,-1,-1,-1.0
20330,20330,-28392.33911718877,-12074.725808613992,269.0,-1,-1,-1.0
20331,20331,37712.775980722,-5427.970042687928,404.0,-1,-1,-1.0
20332,20332,-24413.35871217878,25823.595315214145,389.0,-1,48,-1.0
20333,20333,21590.30171957016,15082.587770125188,193.0,-1,18,-1.0
20334,20334,20869.36748589809,-27598.571475929923,312.0,-1,-1,-1.0
20335,20335,-1485.7145313575163,26367.98573652738,483.0,-1,48,-1.0
20336,20336,5389.167961077495,-19297.75408275531,444.0,-1,-1,-1.0
20337,20337,39417.86670205512,37737.06426048213,138.0,-1,-1,-1.0
20338,20338,31254.683155013627,3782.297302569736,151.0,-1,-1,-1.0
20339,20339,1307.2473285796368,11228.692138101023,352.0,-1,-1,-1.0
20340,20340,-10891.913426261592,-22842.88625540573,136.0,-1,-1,-1.0
20341,20341,-26839.124066158347,2933.8296539531657,458.0,-1,-1,-1.0
20342,20342,-35362.59738992845,-28549.50648746108,305.0,-1,-1,-1.0
20343,20343,-5283.603406226597,-34858.397393933694,292.0,-1,35,-1.0
20344,20344,-8788.594485186535,-16072.019094396785,413.0,-1,31,-1.0
20345,20345,29870.1372947332,30336.946813926595,104.0,-1,-1,-1.0
20346,20346,-4230.95203252646,-30372.631855060503,103.0,-1,-1,-1.0
20347,20347,24271.679326695536,28208.50847716967,466.0,-1,-1,-1.0
20348,20348,-27090.42202918355,-32578.46615425512,414.0,-1,-1,-1.0
20349,20349,-36592.92439947209,-35505.41305550946,496.0,-1,-1,-1.0
20350,20350,38167.11186660387,19273.733080171056,110.0,-1,28,-1.0
20351,20351,7799.06966501951,-4989.7371502586175,467.0,-1,-1,-1.0
20352,20352,-23512.8221415696,-31408.32113243107,231.0,-1,-1,-1.0
20353,20353,13982.143120107292,-6046.697717429677,9.0,-1,13,-1.0
20354,20354,13905.084919937988,-18118.47063484885,38.0,-1,-1,-1.0
20355,20355,10470.215200962832,31423.56730146476,10.0,-1,-1,-1.0
20356,20356,38208.83991817053,2112.5060881066893,320.0,-1,28,-1.0
20357,20357,-21452.468222637435,17974.1860191873,434.0,-1,-1,-1.0
20358,20358,6332.934331864664,-23876.28416393221,327.0,-1,31,-1.0
20359,20359,-29544.441419826555,-26186.65519704333,412.0,-1,-1,-1.0
20360,20360,-32071.291899499083,-12840.94767209399,56.0,-1,-1,-1.0
20361,20361,-16501.274416092536,-4269.37027655643,434.0,-1,43,-1.0
20362,20362,32919.734655598804,-13337.55064439301,236.0,-1,-1,-1.0
20363,20363,-26571.03399017383,27758.169934955105,459.0,-1,-1,-1.0
20364,20364,-36106.57478467577,-12737.108950739006,46.0,-1,32,38.0
20365,20365,-24935.96938097375,16189.569111461307,167.0,-1,-1,-1.0
20366,20366,9359.855510338251,-6328.291308407192,95.0,-1,-1,-1.0
20367,20367,-5511.193048504254,-35357.11245873962,352.0,-1,-1,-1.0
20368,20368,27379.42617337381,-32944.30088865043,3.0,-1,-1,-1.0
20369,20369,-7706.9693404382015,2194.1413527595287,164.0,-1,-1,-1.0
20370,20370,-16154.897236351972,-24667.680886031943,352.0,-1,-1,-1.0
20371,20371,8092.695066155313,32108.993467200955,133.0,-1,-1,-1.0
20372,20372,-2002.5921261209517,20417.743063968257,98.0,-1,-1,-1.0
20373,20373,10507.573152741505,20950.114046122493,460.0,-1,-1,-1.0
20374,20374,35354.83570907348,35192.13639781653,345.0,-1,11,-1.0
20375,20375,28442.022775638357,-35504.29495249679,347.0,-1,-1,-1.0
20376,20376,39768.954250545794,24807.76031764913,286.0,-1,-1,-1.0
20377,20377,10443.1195017441,3832.197585443712,270.0,-1,-1,-1.0
20378,20378,16780.90238805281,-26076.800153103435,15.0,-1,3,-1.0
20379,20379,13305.999932008495,-34810.77685349968,482.0,-1,4,-1.0
20380,20380,18159.1385978073,-2087.9318321719984,350.0,-1,-1,-1.0
20381,20381,28138.99669737823,-8802.636251005832,3.0,-1,-1,-1.0
20382,20382,31074.10844985211,-18012.56508622773,240.0,-1,-1,-1.0
20383,20383,12577.201806330311,15585.35239328572,254.0,-1,-1,-1.0
20384,20384,13461.757926768536,22565.107946175667,150.0,-1,-1,-1.0
20385,20385,-39764.90108089027,-18630.681597046656,310.0,-1,-1,-1.0
20386,20386,23382.627456088267,-36349.881056317165,412.0,-1,-1,-1.0
20387,20387,-32670.400893124068,20150.669530793035,339.0,-1,-1,-1.0
20388,20388,-9002.789033068268,20742.940438620277,321.0,-1,-1,-1.0
20389,20389,-37995.14494723062,-12103.109727287196,135.0,-1,32,38.0
20390,20390,24256.20441664701,-32990.760332768055,342.0,-1,-1,-1.0
20391,20391,25384.79353829736,-3476.36337902987,287.0,-1,-1,-1.0
20392,20392,33673.33781700482,-16877.620317196903,148.0,-1,-1,-1.0
20393,20393,37831.28980429621,-30764.69403998749,236.0,-1,-1,-1.0
20394,20394,11204.087232012804,34402.083186357326,8.0,-1,-1,-1.0
20395,20395,-21539.27313835472,-6590.064249610536,328.0,-1,-1,-1.0
20396,20396,7476.026598875949,-2068.9395643223834,484.0,-1,-1,-1.0
20397,20397,-39328.93002159299,-26974.304611332933,378.0,-1,-1,-1.0
20398,20398,-33408.10490424869,-17445.29156704698,54.0,-1,-1,-1.0
20399,20399,-35337.593510640305,12913.286353786309,388.0,-1,-1,-1.0
20400,20400,25893.09163567453,-20564.386797410447,281.0,-1,45,-1.0
20401,20401,-24135.810305969026,-4834.178780567083,388.0,-1,-1,-1.0
20402,20402,-12168.630936156096,-18117.7016176499,174.0,-1,31,-1.0
20403,20403,-27700.950611190197,-25468.158364971663,239.0,-1,-1,-1.0
20404,20404,-23915.43320498106,18975.418805076115,86.0,-1,-1,-1.0
20405,20405,3121.132018124925,-21058.56154521257,265.0,-1,31,-1.0
20406,20406,-18434.184150416662,21442.93385376306,397.0,-1,-1,-1.0
20407,20407,25337.10161491249,-15052.25382516679,61.0,-1,45,-1.0
20408,20408,28470.38148181954,-3883.5634850921415,292.0,-1,33,-1.0
20409,20409,-10146.764921088316,-2020.3323031756008,122.0,-1,-1,-1.0
20410,20410,-16471.985582238747,21791.859097122146,318.0,-1,-1,-1.0
20411,20411,-29142.256437685985,-8749.634728089582,493.0,-1,-1,-1.0
20412,20412,9527.196254506487,17482.615071745277,273.0,-1,-1,-1.0
20413,20413,3706.174372305213,-34786.85879108259,436.0,-1,-1,-1.0
20414,20414,-2116.9997389698256,3577.6081433860163,83.0,-1,-1,-1.0
20415,20415,20651.80997357887,10651.390588171307,420.0,-1,16,-1.0
20416,20416,7858.037331115003,26638.484136966494,362.0,-1,-1,-1.0
20417,20417,28089.326507495178,-1593.6340782890838,388.0,-1,-1,-1.0
20418,20418,-5122.91697065223,-32662.155873978005,151.0,-1,-1,-1.0
20419,20419,17312.358602778993,15276.601636111744,350.0,-1,-1,-1.0
20420,20420,18493.899591833404,30935.21357301723,141.0,-1,-1,-1.0
20421,20421,-31380.661983412432,-24616.109744919188,391.0,-1,-1,-1.0
20422,20422,-36146.80578679897,-16569.935381534277,191.0,-1,-1,-1.0
20423,20423,7874.504556879394,36393.62303796671,115.0,-1,-1,-1.0
20424,20424,26837.52304193212,-27079.410343269217,234.0,-1,45,-1.0
20425,20425,-31895.320050902817,15176.245444812776,415.0,-1,-1,-1.0
20426,20426,-5148.792264840806,-14267.583666881292,83.0,-1,31,-1.0
20427,20427,39185.28627177063,11996.54779482916,114.0,-1,-1,-1.0
20428,20428,-8969.060197243842,22180.89758311164,336.0,-1,-1,-1.0
20429,20429,-14896.998323025404,34861.37102080742,345.0,-1,48,60.0
20430,20430,8913.584070948833,-13912.55783462679,89.0,-1,-1,-1.0
20431,20431,-21290.39843662607,-28910.86506268368,420.0,-1,-1,-1.0
20432,20432,83.60542924979381,-2916.33729682579,180.0,-1,-1,-1.0
20433,20433,-34733.06840935051,-33606.76380804114,471.0,-1,-1,-1.0
20434,20434,-39040.41801575039,-2582.435567991917,86.0,-1,-1,-1.0
20435,20435,27973.413464896614,-20743.62987187419,15.0,-1,45,-1.0
20436,20436,-2140.537273100701,27758.430825261967,227.0,-1,48,-1.0
20437,20437,-39851.0694788568,39596.61198724348,157.0,-1,-1,-1.0
20438,20438,-17128.552842984365,-4483.486381935494,419.0,-1,43,-1.0
20439,20439,27484.61162855409,24805.314857776622,210.0,-1,-1,-1.0
20440,20440,-26840.04445442365,-11158.190475149982,351.0,-1,-1,-1.0
20441,20441,11750.9265552917,-5438.358102755316,248.0,-1,-1,-1.0
20442,20442,-28306.810335552906,31729.256931069016,46.0,-1,-1,-1.0
20443,20443,20270.686894081395,12349.068620920669,96.0,-1,-1,-1.0
20444,20444,-18340.36265336084,-36314.40653110653,10.0,-1,-1,-1.0
20445,20445,33135.60127558744,-1905.589051299132,139.0,-1,33,-1.0
20446,20446,-17866.37172883851,-27485.894352240124,363.0,-1,36,-1.0
20447,20447,21181.423216960826,34147.775518627575,372.0,-1,-1,-1.0
20448,20448,-28149.182400752856,4669.083221236382,223.0,-1,-1,-1.0
20449,20449,-21520.327476252223,-35156.32101026547,57.0,-1,-1,-1.0
20450,20450,31903.34638966387,-37176.205781169214,87.0,-1,-1,-1.0
20451,20451,22504.651205490158,16693.48700726871,466.0,-1,-1,-1.0
20452,20452,33967.51705504602,27869.124550399327,48.0,-1,-1,-1.0
20453,20453,34096.17529365882,-11296.054213135438,233.0,-1,-1,-1.0
20454,20454,-39727.985451208624,14561.05215410977,447.0,-1,-1,-1.0
20455,20455,26731.90097799629,-35264.0036252744,499.0,-1,-1,-1.0
20456,20456,28790.42539848844,-8318.749996398037,312.0,-1,-1,-1.0
20457,20457,18799.70131878865,-10245.79838648007,441.0,-1,44,-1.0
20458,20458,37237.53244968374,-22810.59537944558,126.0,-1,-1,-1.0
20459,20459,23575.689219237374,-27654.332810988835,351.0,-1,-1,-1.0
20460,20460,25182.06375021996,-36152.83078198897,364.0,-1,-1,-1.0
20461,20461,27931.281912959952,10878.374371623802,225.0,-1,15,-1.0
20462,20462,36491.8207052769,-1777.2469438522094,420.0,-1,-1,-1.0
20463,20463,-21788.274852810813,-27979.6534347258,208.0,-1,-1,-1.0
20464,20464,-9122.567692805836,20643.006660377425,215.0,-1,-1,-1.0
20465,20465,29447.460123776065,37431.32712399068,46.0,-1,11,-1.0
20466,20466,8142.838946658871,-22856.40760617566,359.0,-1,-1,-1.0
20467,20467,-38274.2971446145,-23655.316753946856,183.0,-1,-1,-1.0
20468,20468,-11174.086616188684,-20451.93996668068,48.0,-1,-1,-1.0
20469,20469,3091.273560593283,13712.264400412168,152.0,-1,-1,-1.0
20470,20470,19655.169852615934,28907.101574411678,292.0,-1,30,-1.0
20471,20471,-2736.189173151157,22199.68510756275,403.0,-1,-1,-1.0
20472,20472,-28768.044541372867,-20100.20712157269,95.0,-1,39,-1.0
20473,20473,3219.637579906332,23228.044824293727,203.0,-1,-1,-1.0
20474,20474,37797.9895801268,38740.6969728917,78.0,-1,-1,-1.0
20475,20475,-10665.879551610413,-18338.756782107284,440.0,-1,-1,-1.0
20476,20476,-4781.210750765771,-8316.969417266355,219.0,-1,31,-1.0
20477,20477,37361.51148766902,7868.158094613544,272.0,-1,28,-1.0
20478,20478,-14774.032028480127,8266.815864877499,88.0,-1,-1,-1.0
20479,20479,7499.552040236857,29376.99128503118,23.0,-1,48,58.0
20480,20480,10093.446524816754,21843.71191013481,233.0,-1,48,-1.0
20481,20481,2293.8155553815595,-30765.427912554595,314.0,-1,-1,-1.0
20482,20482,-11547.72810882732,32995.35700784509,222.0,-1,48,-1.0
20483,20483,-13351.130869236928,-31014.2734261804,333.0,-1,-1,-1.0
20484,20484,-23286.85234251909,10543.346864013176,54.0,-1,40,-1.0
20485,20485,17484.17484288446,6775.601260066309,61.0,-1,-1,-1.0
20486,20486,-36556.33691761877,-39681.61028787341,190.0,-1,-1,-1.0
20487,20487,23714.591856382023,31686.340849022294,377.0,-1,-1,-1.0
20488,20488,23363.883685024484,-2999.527113723197,427.0,-1,44,-1.0
20489,20489,30188.07794074365,-31196.907388559237,262.0,-1,-1,-1.0
20490,20490,-37315.282066395936,3340.5309430935813,197.0,-1,-1,-1.0
20491,20491,-713.0525717055134,-182.64511158614917,148.0,-1,22,-1.0
20492,20492,16659.67400945312,-10360.517784601758,142.0,-1,-1,-1.0
20493,20493,-25707.15571717976,13281.622708702984,197.0,-1,40,-1.0
20494,20494,-34198.69003908109,-1637.4763663572303,111.0,-1,-1,-1.0
20495,20495,-8169.421198957851,30591.935943618984,150.0,-1,-1,-1.0
20496,20496,-37951.30468116992,24472.97755746793,481.0,-1,23,-1.0
20497,20497,29931.15978386742,20891.390099875414,481.0,-1,-1,-1.0
20498,20498,-34366.556803027655,-15489.46492105009,67.0,-1,-1,-1.0
20499,20499,5390.899998363704,-22417.361586587125,286.0,-1,-1,-1.0
20500,20500,-5024.047587814013,-9984.164939534889,421.0,-1,-1,-1.0
20501,20501,-31806.37250889723,-4414.022148980344,244.0,-1,-1,-1.0
20502,20502,-10910.570574718831,8008.446839604774,78.0,-1,-1,-1.0
20503,20503,-15622.155753633706,12236.289205300134,452.0,-1,-1,-1.0
20504,20504,-39875.501916833055,-4581.4665018040105,193.0,-1,-1,-1.0
20505,20505,-14542.250973213717,9401.982525144384,185.0,-1,-1,-1.0
20506,20506,21500.792459013748,-33710.342344514975,124.0,-1,-1,-1.0
20507,20507,36288.17367985913,12748.648588670265,265.0,-1,28,-1.0
20508,20508,17065.06706939626,-29334.378812053477,372.0,-1,3,-1.0
20509,20509,38.40978696459933,-328.9512112617668,26.0,-1,22,-1.0
20510,20510,-30606.924695889837,-32735.344843203544,369.0,-1,34,-1.0
20511,20511,5150.976540610711,-14590.313109850516,68.0,-1,31,-1.0
20512,20512,18058.49498216076,-10065.07638450243,54.0,-1,-1,-1.0
20513,20513,-1067.049514791288,6635.408259090997,497.0,-1,27,-1.0
20514,20514,5489.475430607199,-34273.16423031646,241.0,-1,1,-1.0
20515,20515,25766.393243697283,33113.07928701492,78.0,-1,-1,-1.0
20516,20516,-20836.5861225528,409.7168603443352,337.0,-1,-1,-1.0
20517,20517,39925.21206314006,24415.619575034278,200.0,-1,-1,-1.0
20518,20518,-29056.76632387771,-16864.154522561304,30.0,-1,-1,-1.0
20519,20519,37277.49952035483,32673.84125984905,408.0,-1,10,-1.0
20520,20520,-32004.964210532893,34477.933984220785,446.0,-1,-1,-1.0
20521,20521,31017.92173968567,-30258.501307062423,152.0,-1,-1,-1.0
20522,20522,-3600.9341353699056,-3294.757338735937,107.0,-1,-1,-1.0
20523,20523,38348.47402180635,37037.771449798194,342.0,-1,-1,-1.0
20524,20524,9546.70425632706,12925.002065332825,129.0,-1,-1,-1.0
20525,20525,30117.077188355965,1515.8362855762316,73.0,-1,-1,-1.0
20526,20526,27447.70955493957,-1230.145918534552,266.0,-1,33,-1.0
20527,20527,29649.640037787773,11481.289814018994,269.0,-1,15,-1.0
20528,20528,29683.795580998165,21266.725563968008,205.0,-1,28,-1.0
20529,20529,-16366.582877161847,-30810.81898232793,57.0,-1,36,-1.0
20530,20530,-8346.193994791032,-23624.98139828104,355.0,-1,-1,-1.0
20531,20531,8391.396015754013,-8389.985722647256,32.0,-1,-1,-1.0
20532,20532,32197.73094725584,-8101.591115803134,373.0,-1,-1,-1.0
20533,20533,-31142.54419794788,20308.382748939424,118.0,-1,40,-1.0
20534,20534,26102.475069069973,24165.42040907694,258.0,-1,18,-1.0
20535,20535,14613.189381071868,-24037.72399563855,159.0,-1,-1,-1.0
20536,20536,-12548.929110620418,12475.7209969061,120.0,-1,-1,-1.0
20537,20537,-25333.406507696684,-4486.608197773858,239.0,-1,-1,-1.0
20538,20538,-37311.811871152255,39841.38100000743,43.0,-1,-1,-1.0
20539,20539,-35819.45982232018,-3616.418861996768,321.0,-1,-1,-1.0
20540,20540,-9023.758347568655,-8527.238541817238,427.0,-1,31,-1.0
20541,20541,8375.594185857524,35020.03063162157,365.0,-1,-1,-1.0
20542,20542,-3403.271605622853,-12057.97659755742,416.0,-1,-1,-1.0
20543,20543,7398.133186198305,35268.90338478793,434.0,-1,-1,-1.0
20544,20544,-1878.016156349906,-32770.96511453629,34.0,-1,-1,-1.0
20545,20545,-33694.52884887898,58.27614252825879,214.0,-1,29,-1.0
20546,20546,3331.8717921488205,-6645.675641763519,175.0,-1,-1,-1.0
20547,20547,22956.68396389654,-28037.74850220442,186.0,-1,-1,-1.0
20548,20548,4158.465978535649,5090.319005927238,440.0,-1,14,-1.0
20549,20549,-1453.121485346528,-27263.90343590288,229.0,-1,25,-1.0
20550,20550,26547.634843066728,38442.74671946786,159.0,-1,30,-1.0
20551,20551,39284.52121421919,996.576593728023,86.0,-1,-1,-1.0
20552,20552,29450.5813008314,-6874.9977594835145,426.0,-1,-1,-1.0
20553,20553,1242.106289778094,-26094.204763960908,143.0,-1,25,-1.0
20554,20554,35119.42839451111,-20202.745029394064,343.0,-1,-1,-1.0
20555,20555,-25412.173515159004,12692.862070128656,15.0,-1,-1,-1.0
20556,20556,9986.177898661195,37349.72352849462,29.0,-1,-1,-1.0
20557,20557,10543.965199998798,15623.609828469533,12.0,-1,-1,-1.0
20558,20558,8155.403496691557,31308.904857572543,19.0,-1,48,-1.0
20559,20559,-9047.654082739877,11794.15293782531,493.0,-1,27,-1.0
20560,20560,9092.847449441724,5321.435894609742,143.0,-1,-1,-1.0
20561,20561,32957.10400440793,-34695.90219240719,161.0,-1,-1,-1.0
20562,20562,24855.615971128405,-30884.99743336346,312.0,-1,-1,-1.0
20563,20563,-28951.77398357646,-35868.920705831784,231.0,-1,-1,-1.0
20564,20564,-13791.669955992693,-9732.039197173235,94.0,-1,-1,-1.0
20565,20565,-1142.3194378825938,-5590.275430230729,417.0,-1,-1,-1.0
20566,20566,-2508.3715542433783,-16908.7275682626,46.0,-1,31,-1.0
20567,20567,26118.56249858624,24200.436975873265,472.0,-1,18,-1.0
20568,20568,-26307.20748455101,-10912.215904326113,340.0,-1,-1,-1.0
20569,20569,-9424.336307487974,-24900.31094600352,442.0,-1,-1,-1.0
20570,20570,25291.924828710384,34680.07061688039,359.0,-1,-1,-1.0
20571,20571,10675.701696227072,18320.901570900307,133.0,-1,-1,-1.0
20572,20572,21719.035999221,10171.779264118966,64.0,-1,16,-1.0
20573,20573,19609.207241574197,-7314.596042425539,15.0,-1,-1,-1.0
20574,20574,36428.96754174662,39086.57369180718,156.0,-1,-1,-1.0
20575,20575,-14836.906696102951,-27935.8257058318,30.0,-1,-1,-1.0
20576,20576,-8209.95729160673,-30065.496856639584,46.0,-1,-1,-1.0
20577,20577,-7177.660584670542,-19854.346268152767,40.0,-1,-1,-1.0
20578,20578,6596.24520286054,-33909.58082969151,232.0,-1,1,-1.0
20579,20579,-4778.500830342826,-32604.96445823633,10.0,-1,35,-1.0
20580,20580,-28803.125264781404,23036.65940051859,19.0,-1,-1,-1.0
20581,20581,28279.980820671397,-21422.636377629624,495.0,-1,45,-1.0
20582,20582,-4731.99779974066,-27207.961622256807,447.0,-1,-1,-1.0
20583,20583,-17668.011722039562,7998.888294022247,67.0,-1,-1,-1.0
20584,20584,8945.218394576892,-9821.22654195048,53.0,-1,-1,-1.0
20585,20585,4093.907632049988,3783.7247334373383,36.0,-1,14,-1.0
20586,20586,-5596.401519616251,34699.35744342003,337.0,-1,48,-1.0
20587,20587,26927.83044011242,-16882.07976863696,26.0,-1,45,-1.0
20588,20588,17931.408154562843,22413.650452677382,403.0,-1,-1,-1.0
20589,20589,-12050.02072569905,11630.24364889293,193.0,-1,-1,-1.0
20590,20590,-10651.174000060657,-30892.43436567795,340.0,-1,-1,-1.0
20591,20591,-17642.198077057386,13344.850066774008,156.0,-1,-1,-1.0
20592,20592,-28823.31047618149,-11641.877759769615,94.0,-1,-1,-1.0
20593,20593,28989.46207601317,-20560.33513068655,136.0,-1,45,-1.0
20594,20594,-8633.944959040258,30521.48205772572,29.0,-1,-1,-1.0
20595,20595,20917.5915992531,-8788.67450635548,352.0,-1,44,-1.0
20596,20596,-4234.281619885689,-20320.066306359997,39.0,-1,7,-1.0
20597,20597,35089.23079142063,7032.603358360408,15.0,-1,28,-1.0
20598,20598,-7181.651977291229,14437.103651883874,45.0,-1,-1,-1.0
20599,20599,30557.705930787008,239.505753063866,350.0,-1,-1,-1.0
20600,20600,37093.7446896466,5675.076213940301,479.0,-1,28,-1.0
20601,20601,-8335.917336596729,-14866.387332402934,289.0,-1,-1,-1.0
20602,20602,-716.2397264004467,-17320.45373111032,329.0,-1,31,35.0
20603,20603,-28413.026093504774,4848.2700713578015,292.0,-1,-1,-1.0
20604,20604,-26788.957116448488,10339.83052800411,120.0,-1,-1,-1.0
20605,20605,-13585.723692257208,20429.485030758937,197.0,-1,-1,-1.0
20606,20606,16803.145721673187,28918.787802925595,472.0,-1,9,-1.0
20607,20607,13354.165532720886,31486.121977460527,90.0,-1,-1,-1.0
20608,20608,-5112.106438664348,32561.48057345368,192.0,-1,-1,-1.0
20609,20609,-16281.866993099216,-37275.71653855346,203.0,-1,-1,-1.0
20610,20610,34828.00368975876,11756.395457106975,445.0,-1,28,-1.0
20611,20611,29379.25567345362,-1528.7502345616304,393.0,-1,33,-1.0
20612,20612,7809.042498368944,18417.9039266174,456.0,-1,-1,-1.0
20613,20613,29416.87721017617,11953.821348015736,129.0,-1,15,-1.0
20614,20614,-8206.524969677648,11065.559188241816,22.0,-1,-1,-1.0
20615,20615,20847.92728429719,22220.98797060833,138.0,-1,18,-1.0
20616,20616,39070.39977037664,23372.3148076235,499.0,-1,-1,-1.0
20617,20617,-2718.581783998059,-38089.74480340115,193.0,-1,-1,-1.0
20618,20618,-27302.23245104821,-19571.690505950733,15.0,-1,-1,-1.0
20619,20619,-5694.825763530629,-29843.31160031302,456.0,-1,-1,-1.0
20620,20620,-3211.2651602228507,16990.653444716838,486.0,-1,-1,-1.0
20621,20621,-35377.91270725993,35491.96034406313,320.0,-1,5,-1.0
20622,20622,-15976.223831415393,-21775.98079911692,487.0,-1,-1,-1.0
20623,20623,28132.46240195594,-9695.118626845177,182.0,-1,-1,-1.0
20624,20624,12321.21452758088,5604.731675218514,162.0,-1,2,-1.0
20625,20625,-5597.031219023142,-15115.200164775542,322.0,-1,-1,-1.0
20626,20626,26222.7559202837,16269.811593564162,480.0,-1,-1,-1.0
20627,20627,-4991.5951800905605,-5080.9567445247085,2.0,-1,-1,-1.0
20628,20628,21627.709715200734,34077.83990394922,488.0,-1,30,-1.0
20629,20629,11446.620678642292,-8707.362568365199,99.0,-1,13,-1.0
20630,20630,371.5164219022481,26350.282194549305,417.0,-1,48,-1.0
20631,20631,6895.658681032212,31482.44174093596,92.0,-1,-1,-1.0
20632,20632,39759.27361840477,-15500.6020590222,204.0,-1,-1,-1.0
20633,20633,35310.67322490495,-7093.584730937488,484.0,-1,33,-1.0
20634,20634,-8550.093347079866,22254.028870485112,133.0,-1,-1,-1.0
20635,20635,-13204.618400714451,-19520.8907623492,24.0,-1,-1,-1.0
20636,20636,-21619.46626831844,4244.495599577756,135.0,-1,-1,-1.0
20637,20637,-38507.783932640974,-38261.2378570573,226.0,-1,19,-1.0
20638,20638,5684.679211437287,10369.30076744248,182.0,-1,-1,-1.0
20639,20639,35178.20770169163,-27731.44086645224,235.0,-1,-1,-1.0
20640,20640,-7799.526882786613,38098.86159270448,331.0,-1,-1,-1.0
20641,20641,-16959.32215720135,-9890.856799514437,430.0,-1,-1,-1.0
20642,20642,-20343.14028818453,23066.873389196942,61.0,-1,-1,-1.0
20643,20643,-33282.0621686991,14346.45651954251,254.0,-1,24,-1.0
20644,20644,39042.89290688319,-11708.563825220324,181.0,-1,-1,-1.0
20645,20645,-3235.560479497777,28727.78824806909,274.0,-1,-1,-1.0
20646,20646,10373.974872116603,15934.962508018878,140.0,-1,-1,-1.0
20647,20647,11351.430409681809,25846.7841860292,90.0,-1,-1,-1.0
20648,20648,26018.17627513474,22125.69063778472,191.0,-1,-1,-1.0
20649,20649,21419.297088164487,37956.25072548525,498.0,-1,30,-1.0
20650,20650,-31772.4151375433,-27839.27310195141,101.0,-1,-1,-1.0
20651,20651,-21506.182167721112,21707.065575922825,167.0,-1,-1,-1.0
20652,20652,2456.2017040466308,25743.3767132614,335.0,-1,48,-1.0
20653,20653,-16001.7853192591,24308.17587081874,133.0,-1,-1,-1.0
20654,20654,-37767.11413458688,38205.40468557112,368.0,-1,-1,-1.0
20655,20655,30034.85638789399,-30227.549138245147,326.0,-1,-1,-1.0
20656,20656,36344.78274404185,27608.43044652845,410.0,-1,10,-1.0
20657,20657,5429.842100436792,18256.704591336304,93.0,-1,-1,-1.0
20658,20658,-874.1593507380676,-18298.85953207532,216.0,-1,31,-1.0
20659,20659,-26445.417000701524,19545.94842094859,282.0,-1,-1,-1.0
20660,20660,27818.377013008478,15683.714752061149,296.0,-1,-1,-1.0
20661,20661,-28506.7416148017,-23123.97431708854,95.0,-1,-1,-1.0
20662,20662,1487.3389017576046,12641.674293738892,266.0,-1,-1,-1.0
20663,20663,-4928.43831777601,-18398.55515593478,99.0,-1,-1,-1.0
20664,20664,360.7547486920812,-32200.060118003967,372.0,-1,-1,-1.0
20665,20665,-28486.815855779,8093.93746933269,73.0,-1,-1,-1.0
20666,20666,-4386.788941571191,37807.79201039618,35.0,-1,-1,-1.0
20667,20667,-13328.83247124574,30737.00250480084,150.0,-1,48,-1.0
20668,20668,21806.07118916543,-9639.960119221254,186.0,-1,-1,-1.0
20669,20669,39142.13157222401,34216.2327381605,215.0,-1,-1,-1.0
20670,20670,25664.83672165952,37664.20398847311,7.0,-1,30,-1.0
20671,20671,30339.48084119799,-24342.00772882373,130.0,-1,45,-1.0
20672,20672,1938.2942249521147,16309.347983373336,284.0,-1,-1,-1.0
20673,20673,38826.04121578,39858.82325185445,470.0,-1,-1,-1.0
20674,20674,21204.41722428114,-27027.287926745325,231.0,-1,-1,-1.0
20675,20675,5182.618403693399,28388.692763998624,380.0,-1,48,56.0
20676,20676,11456.546564618337,-33626.043875465046,158.0,-1,-1,-1.0
20677,20677,18522.57822807646,-21688.203054147834,480.0,-1,-1,-1.0
20678,20678,-23921.68684160832,-10683.410667422591,352.0,-1,-1,-1.0
20679,20679,12837.22794237025,-6742.915146619933,426.0,-1,13,-1.0
20680,20680,23656.932726286548,15113.644294053578,263.0,-1,-1,-1.0
20681,20681,-16277.502073194157,-19403.61487891757,98.0,-1,-1,-1.0
20682,20682,-24773.367137465943,-25765.0689986121,321.0,-1,38,-1.0
20683,20683,-24771.27448864649,-1834.329633743764,110.0,-1,41,-1.0
20684,20684,6084.999231832422,18681.618552219552,497.0,-1,-1,-1.0
20685,20685,38531.74388754024,-12408.240605323988,392.0,-1,-1,-1.0
20686,20686,-19628.86301864161,5199.421137246398,70.0,-1,-1,-1.0
20687,20687,36771.35921178253,26869.493163397052,245.0,-1,10,-1.0
20688,20688,21561.743433347237,-32199.902798801868,120.0,-1,-1,-1.0
20689,20689,12462.362924904795,1830.9635727815912,143.0,-1,-1,-1.0
20690,20690,-8418.364976131717,-14750.71539330967,232.0,-1,-1,-1.0
20691,20691,29206.964131615478,6633.366240069379,407.0,-1,-1,-1.0
20692,20692,32978.69015204345,-31859.305740635024,46.0,-1,21,-1.0
20693,20693,-29555.338284057085,-15501.2579851003,27.0,-1,-1,-1.0
20694,20694,2455.491566531084,34951.43136062392,330.0,-1,-1,-1.0
20695,20695,31791.252963067654,-24092.992190511177,132.0,-1,45,-1.0
20696,20696,-25182.778346854797,23561.07881448389,172.0,-1,-1,-1.0
20697,20697,-2389.15786594322,-3272.987236312052,453.0,-1,22,-1.0
20698,20698,2418.6120777973847,34103.38930809904,45.0,-1,48,-1.0
20699,20699,-25262.575796643832,32666.047649324013,355.0,-1,-1,-1.0
20700,20700,-18848.36317831201,-28303.35127914457,63.0,-1,36,-1.0
20701,20701,-38116.178560372944,-27391.481728183564,312.0,-1,-1,-1.0
20702,20702,23483.03952244031,-19430.23988163752,202.0,-1,-1,-1.0
20703,20703,10279.293511546872,-37557.64722730428,108.0,-1,-1,-1.0
20704,20704,-22354.15963193333,-7660.945386521253,74.0,-1,-1,-1.0
20705,20705,-19363.437154403186,-31859.449378724552,24.0,-1,-1,-1.0
20706,20706,37528.9589317264,15201.939482114887,16.0,-1,-1,-1.0
20707,20707,7601.783777529461,28186.45684844331,19.0,-1,-1,-1.0
20708,20708,-18875.46103435984,6738.428783236384,399.0,-1,-1,-1.0
20709,20709,18553.497799685152,2503.4717839913064,380.0,-1,-1,-1.0
20710,20710,37732.26053274245,39266.08630223724,398.0,-1,-1,-1.0
20711,20711,16814.69226326936,-28601.466862938887,226.0,-1,-1,-1.0
20712,20712,-6004.629776392976,-12872.838557429455,388.0,-1,31,-1.0
20713,20713,3886.0886181205783,17350.261693468456,3.0,-1,-1,-1.0
20714,20714,-38125.813568672216,-25556.05719136256,253.0,-1,-1,-1.0
20715,20715,16013.828536230629,-11340.875778681757,314.0,-1,-1,-1.0
20716,20716,37141.09896833566,-31667.1458992298,297.0,-1,-1,-1.0
20717,20717,27887.237809207712,-21505.755301229558,474.0,-1,45,-1.0
20718,20718,-12466.265028788015,-6112.336386274612,106.0,-1,-1,-1.0
20719,20719,-25713.540548124136,39239.88651763221,50.0,-1,-1,-1.0
20720,20720,-5452.154604358831,14585.957987625028,294.0,-1,-1,-1.0
20721,20721,33734.559243201176,-24977.250810324465,298.0,-1,45,-1.0
20722,20722,17077.734159200918,-35059.39328861169,220.0,-1,-1,-1.0
20723,20723,-10814.25352271628,31297.74969470009,268.0,-1,-1,-1.0
20724,20724,20375.68910638716,1353.1904983754284,133.0,-1,-1,-1.0
20725,20725,-31131.575937250887,8513.869076127543,128.0,-1,-1,-1.0
20726,20726,-37835.46773496424,23677.356825631738,448.0,-1,-1,-1.0
20727,20727,4126.40424220507,1511.6830162061815,229.0,-1,-1,-1.0
20728,20728,21042.67401743329,427.5712059581711,459.0,-1,-1,-1.0
20729,20729,26765.32010193593,2619.2028589484544,185.0,-1,-1,-1.0
20730,20730,20480.119903109025,-24431.51550382168,261.0,-1,-1,-1.0
20731,20731,-2243.3255149147444,18665.4385071704,177.0,-1,46,-1.0
20732,20732,-34660.270899526135,-32741.05883109024,23.0,-1,-1,-1.0
20733,20733,-35450.34726914084,35916.74303720813,408.0,-1,5,-1.0
20734,20734,33814.128495748635,-2648.8298330775724,483.0,-1,-1,-1.0
20735,20735,-25889.075896954582,-30934.17959799534,448.0,-1,-1,-1.0
20736,20736,18406.54519281504,17014.561289664103,370.0,-1,-1,-1.0
20737,20737,26721.003550348836,20077.414517193876,133.0,-1,-1,-1.0
20738,20738,-32796.69741161242,12305.85679025454,284.0,-1,24,-1.0
20739,20739,19762.59640289385,17074.537683426104,343.0,-1,18,-1.0
20740,20740,-24684.35477488672,14320.861029558197,290.0,-1,-1,-1.0
20741,20741,37701.77116905665,-25779.278429130514,318.0,-1,-1,-1.0
20742,20742,6384.458893300231,-37494.97216861348,97.0,-1,-1,-1.0
20743,20743,-8614.661649817695,-26839.889165181517,74.0,-1,-1,-1.0
20744,20744,-9422.677183211494,-27938.22575495639,267.0,-1,-1,-1.0
20745,20745,-18727.558715727417,-11334.980378062864,66.0,-1,-1,-1.0
20746,20746,-6118.939253664648,16165.471803994253,364.0,-1,-1,-1.0
20747,20747,-4822.252597630759,-21654.914249078487,321.0,-1,7,-1.0
20748,20748,-21767.4336444178,-3081.8393283201294,233.0,-1,-1,-1.0
20749,20749,-4583.193350023037,17204.467614508212,175.0,-1,-1,-1.0
20750,20750,4703.223379849689,-3495.7955413854725,417.0,-1,-1,-1.0
20751,20751,-2175.784683743353,-34110.640319515565,374.0,-1,-1,-1.0
20752,20752,-24494.33306663093,-22624.766791339327,402.0,-1,-1,-1.0
20753,20753,-24213.95540457337,-37196.41269697406,169.0,-1,-1,-1.0
20754,20754,-23901.22987799786,4304.914474336758,317.0,-1,-1,-1.0
20755,20755,16905.67224169155,3578.5221523477085,146.0,-1,2,-1.0
20756,20756,-32123.62552415958,-30339.637273822816,69.0,-1,34,-1.0
20757,20757,31996.06380562356,-14722.188141510753,277.0,-1,-1,-1.0
20758,20758,6410.762689835217,-26440.2426894679,148.0,-1,31,-1.0
20759,20759,-27859.451363029297,36675.39563495433,68.0,-1,-1,-1.0
20760,20760,14981.474215222574,-28289.00857418139,178.0,-1,3,-1.0
20761,20761,38137.67104473304,-15681.639289279214,300.0,-1,-1,-1.0
20762,20762,26289.61760587184,-31660.24966483272,215.0,-1,-1,-1.0
20763,20763,-32273.819377310934,-29714.622963461483,218.0,-1,34,-1.0
20764,20764,36494.40939553388,298.58439368506515,234.0,-1,-1,-1.0
20765,20765,-3963.499632802188,5286.148129845853,61.0,-1,27,-1.0
20766,20766,-33114.61771993972,-38650.01943648105,5.0,-1,-1,-1.0
20767,20767,19743.634613163653,19195.36372125786,422.0,-1,18,-1.0
20768,20768,19049.486504399305,23565.97093825616,240.0,-1,-1,-1.0
20769,20769,-24969.451853146085,-8768.782366253065,435.0,-1,-1,-1.0
20770,20770,-12063.364949614292,-28322.48945383392,410.0,-1,-1,-1.0
20771,20771,9560.610585285802,23435.00632233633,441.0,-1,48,56.0
20772,20772,-12590.463197643028,-37589.97346591749,321.0,-1,-1,-1.0
20773,20773,895.621606540888,37358.50751154369,419.0,-1,48,-1.0
20774,20774,-36475.72595394703,-11863.631998715517,362.0,-1,32,38.0
20775,20775,-5977.202804631415,34082.63814203296,375.0,-1,-1,-1.0
20776,20776,17440.818958310367,-20372.196516496733,85.0,-1,-1,-1.0
20777,20777,17302.178414461305,-27076.058754843907,418.0,-1,3,-1.0
20778,20778,-31451.325704836498,-3139.6513350575697,403.0,-1,-1,-1.0
20779,20779,-14278.363711938786,-32810.50007682867,361.0,-1,36,-1.0
20780,20780,-34803.84844826993,2557.116165431733,300.0,-1,-1,-1.0
20781,20781,13782.112481015094,18382.75850496837,127.0,-1,-1,-1.0
20782,20782,19183.25039184624,7180.690637307554,199.0,-1,-1,-1.0
20783,20783,-2100.589583029716,1818.0441031160808,304.0,-1,-1,-1.0
20784,20784,-4618.197947765038,20363.418324914863,145.0,-1,-1,-1.0
20785,20785,-12546.568653241604,-11492.748877508597,286.0,-1,-1,-1.0
20786,20786,-16553.98038263635,15919.70145625042,481.0,-1,-1,-1.0
20787,20787,9336.433351359768,-18229.883643209814,351.0,-1,-1,-1.0
20788,20788,3295.571360974791,-13997.837381412108,180.0,-1,-1,-1.0
20789,20789,-7585.649740034929,-2391.6284749573097,169.0,-1,-1,-1.0
20790,20790,-21048.098443070416,-24165.44164777497,2.0,-1,36,-1.0
20791,20791,39387.83979131865,-12492.955370193771,227.0,-1,-1,-1.0
20792,20792,9954.74828268774,-25281.82904499694,122.0,-1,-1,-1.0
20793,20793,-30240.17438786908,27445.50769687041,325.0,-1,-1,-1.0
20794,20794,24104.385580417096,-23365.07072135652,452.0,-1,-1,-1.0
20795,20795,-35516.702627538514,362.0825750572112,359.0,-1,29,-1.0
20796,20796,38573.92122612697,29598.86803452461,352.0,-1,10,-1.0
20797,20797,14379.872695475193,-5069.001909642975,258.0,-1,13,-1.0
20798,20798,-12715.682053501398,-12806.46448796092,346.0,-1,-1,-1.0
20799,20799,-25693.72260964356,-7524.370896970344,10.0,-1,-1,-1.0
20800,20800,21415.37343403954,11441.951799621907,478.0,-1,16,-1.0
20801,20801,21051.94102658074,-20954.76581095041,417.0,-1,-1,-1.0
20802,20802,20536.59745854669,-17345.44462699506,270.0,-1,-1,-1.0
20803,20803,21115.978315936016,11002.444971870682,92.0,-1,16,-1.0
20804,20804,-8508.933178439318,-9488.316152645755,287.0,-1,31,-1.0
20805,20805,-14273.72041493859,11050.956147194178,262.0,-1,-1,-1.0
20806,20806,39774.27568110105,32689.10509374665,137.0,-1,-1,-1.0
20807,20807,-18435.09820089628,-10831.185934740686,272.0,-1,-1,-1.0
20808,20808,-15301.990387775888,-24576.98742298753,424.0,-1,-1,-1.0
20809,20809,-17000.797534584945,1128.1184492290631,18.0,-1,-1,-1.0
20810,20810,-20169.92934138477,21723.46837101898,68.0,-1,-1,-1.0
20811,20811,-8363.058455863265,23618.358581317945,179.0,-1,-1,-1.0
20812,20812,-1796.363896439514,29375.366285396118,270.0,-1,-1,-1.0
20813,20813,27269.638363192324,-18060.058827731053,26.0,-1,45,-1.0
20814,20814,-24203.027068973613,22165.29492727964,419.0,-1,-1,-1.0
20815,20815,37993.836616944216,13463.760517762988,182.0,-1,28,-1.0
20816,20816,-1302.0516000475109,30811.181431121324,33.0,-1,48,-1.0
20817,20817,-10616.885942420737,8480.721444387476,421.0,-1,-1,-1.0
20818,20818,14316.98756328014,2483.3255791882693,354.0,-1,2,-1.0
20819,20819,18330.89310943793,-10684.128403737468,51.0,-1,44,-1.0
20820,20820,-17821.89538515329,-12096.09357782135,173.0,-1,-1,-1.0
20821,20821,-3982.538877244588,-15351.547897963166,426.0,-1,31,35.0
20822,20822,-8460.191256554557,-18286.114356845857,221.0,-1,-1,-1.0
20823,20823,27654.65964765492,39610.11751688506,477.0,-1,-1,-1.0
20824,20824,-31816.6626484121,-4500.457640418106,468.0,-1,-1,-1.0
20825,20825,-15839.464834103004,16733.24968189138,234.0,-1,-1,-1.0
20826,20826,16974.730810873465,-21576.23105766788,140.0,-1,-1,-1.0
20827,20827,13612.928816891312,19995.91482454124,141.0,-1,-1,-1.0
20828,20828,-34007.22318296395,11651.594200424755,244.0,-1,24,-1.0
20829,20829,1099.0342626462516,-1468.2024682604824,263.0,-1,-1,-1.0
20830,20830,-278.29752705347346,-24826.635407591268,414.0,-1,-1,-1.0
20831,20831,-21173.270078646518,-15674.454139038287,341.0,-1,-1,-1.0
20832,20832,23510.497934555613,-30582.686542257463,409.0,-1,-1,-1.0
20833,20833,17900.090988602395,14266.412167804156,463.0,-1,-1,-1.0
20834,20834,6856.970762525947,24325.83873876182,438.0,-1,48,56.0
20835,20835,6684.718776660287,-5518.223899499513,405.0,-1,-1,-1.0
20836,20836,-16242.24867899163,27187.457948602925,351.0,-1,-1,-1.0
20837,20837,-28946.49580158024,22073.35696262301,404.0,-1,-1,-1.0
20838,20838,16676.643640441434,26273.932069559232,309.0,-1,9,-1.0
20839,20839,-2268.9257688545767,-17983.746667702744,490.0,-1,31,-1.0
20840,20840,29826.544341361103,-9619.055980847284,199.0,-1,-1,-1.0
20841,20841,-35231.89295824606,38749.56147373066,245.0,-1,5,6.0
20842,20842,-32476.18380147769,31412.75987555241,91.0,-1,6,-1.0
20843,20843,-22440.83096211896,-37385.85629855855,4.0,-1,12,-1.0
20844,20844,30271.524263376137,-6794.990823673616,65.0,-1,-1,-1.0
20845,20845,15252.725703918244,-6696.55983650461,88.0,-1,-1,-1.0
20846,20846,39507.182415615374,31795.59356581817,442.0,-1,-1,-1.0
20847,20847,-19691.69685872883,38475.67188558335,462.0,-1,-1,-1.0
20848,20848,2667.55266283144,5344.371000855201,338.0,-1,-1,-1.0
20849,20849,-36237.04356521582,-11095.525504291403,103.0,-1,32,38.0
20850,20850,-9030.3137760655,-9730.762353545995,398.0,-1,31,-1.0
20851,20851,3354.1656114249054,-38054.90264169305,47.0,-1,1,-1.0
20852,20852,-29447.01550953793,-23970.677144629863,325.0,-1,39,-1.0
20853,20853,-7265.937690264498,14647.93594355834,266.0,-1,-1,-1.0
20854,20854,-18031.423301921703,-1366.0271630225398,478.0,-1,43,-1.0
20855,20855,37774.59777130077,-27628.16639979701,187.0,-1,-1,-1.0
20856,20856,13888.271776219335,8619.46462303152,275.0,-1,2,-1.0
20857,20857,29841.85820777908,-32949.651897780335,63.0,-1,-1,-1.0
20858,20858,-26981.47729151124,4393.768036650974,216.0,-1,-1,-1.0
20859,20859,3202.7455174912398,27762.36597602577,225.0,-1,48,-1.0
20860,20860,15059.959259039431,19911.38249252314,478.0,-1,-1,-1.0
20861,20861,26276.567625822998,14106.5683940413,47.0,-1,-1,-1.0
20862,20862,14351.04499838686,27482.21972989509,450.0,-1,-1,-1.0
20863,20863,1448.0730355322085,39139.6007718941,462.0,-1,-1,-1.0
20864,20864,38248.70010445615,25308.46659999017,195.0,-1,-1,-1.0
20865,20865,-38171.22458427165,27582.39549861387,118.0,-1,-1,-1.0
20866,20866,-14253.521627366954,-28479.714969841232,289.0,-1,-1,-1.0
20867,20867,-7361.990653519239,6074.372416802449,108.0,-1,-1,-1.0
20868,20868,-10642.285438819645,20766.1544617368,273.0,-1,-1,-1.0
20869,20869,27156.400342800905,-31309.53130438564,473.0,-1,-1,-1.0
20870,20870,10126.856612766373,35521.67082406116,297.0,-1,-1,-1.0
20871,20871,21373.100071629204,2454.0487242754607,230.0,-1,-1,-1.0
20872,20872,25046.0219833445,-19899.55952273359,266.0,-1,-1,-1.0
20873,20873,24997.247464313437,24152.010641516372,369.0,-1,18,-1.0
20874,20874,38555.353008112914,-26470.694191364244,427.0,-1,-1,-1.0
20875,20875,-16381.320663912264,16665.03701912304,379.0,-1,-1,-1.0
20876,20876,3641.602804571769,-8223.649434424871,393.0,-1,-1,-1.0
20877,20877,-22841.53005497509,21149.544689048373,274.0,-1,37,-1.0
20878,20878,-32082.725122403463,12166.766353011946,82.0,-1,-1,-1.0
20879,20879,18178.351565539026,20970.03624715212,423.0,-1,18,-1.0
20880,20880,14775.789676689748,-11405.585974071906,177.0,-1,-1,-1.0
20881,20881,20723.168327971784,-7789.519992664751,22.0,-1,44,-1.0
20882,20882,33961.17112815904,36124.711014446526,240.0,-1,11,-1.0
20883,20883,-15349.753310207385,-10500.151748131924,2.0,-1,-1,-1.0
20884,20884,-3153.6189846118723,-10677.533672143083,453.0,-1,31,-1.0
20885,20885,-13156.384686998514,-27831.45697506175,183.0,-1,17,-1.0
20886,20886,36682.76500749735,18320.72830811015,196.0,-1,28,-1.0
20887,20887,39035.2580483139,-24089.77919354732,233.0,-1,-1,-1.0
20888,20888,-19207.317388217743,20408.947800790495,94.0,-1,-1,-1.0
20889,20889,8067.418304980551,-10875.87566207558,350.0,-1,-1,-1.0
20890,20890,-1044.8008103051543,-21031.669256815225,120.0,-1,-1,-1.0
20891,20891,32038.98565083425,-450.1152581699789,15.0,-1,-1,-1.0
20892,20892,17763.450092933366,7560.634592869108,148.0,-1,2,-1.0
20893,20893,-23870.14626293693,10991.825836568816,92.0,-1,-1,-1.0
20894,20894,-16875.44694441647,1921.0951325705248,488.0,-1,-1,-1.0
20895,20895,-31828.10601829844,-16657.17404491244,146.0,-1,-1,-1.0
20896,20896,33599.37816010158,-19522.43092159009,376.0,-1,-1,-1.0
20897,20897,-1755.992977070979,-36900.69995746043,391.0,-1,-1,-1.0
20898,20898,-26413.001871074677,34360.95817617186,64.0,-1,-1,-1.0
20899,20899,-35958.313654796104,-16898.115973191547,360.0,-1,-1,-1.0
20900,20900,22501.35375879564,-39195.96286601549,91.0,-1,-1,-1.0
20901,20901,3687.142151689499,24305.836293334585,261.0,-1,-1,-1.0
20902,20902,36896.74162262553,-36368.01052418913,78.0,-1,21,-1.0
20903,20903,-33906.30948535339,29583.620437673293,461.0,-1,-1,-1.0
20904,20904,-39639.49338991574,12136.205105464796,136.0,-1,-1,-1.0
20905,20905,-29696.947454192683,5698.404911596517,71.0,-1,-1,-1.0
20906,20906,-8206.628335857971,-23541.792525029523,237.0,-1,7,-1.0
20907,20907,13841.065168509602,-7314.535222171915,358.0,-1,13,-1.0
20908,20908,32146.904949044638,-32626.193141958523,139.0,-1,-1,-1.0
20909,20909,-7923.812944012232,35356.96069051925,119.0,-1,-1,-1.0
20910,20910,4796.160187762063,-22455.77828879715,384.0,-1,31,-1.0
20911,20911,22096.44980826253,-6894.078972227413,57.0,-1,-1,-1.0
20912,20912,-22918.49552206121,33329.29352870789,300.0,-1,-1,-1.0
20913,20913,-15089.774461850462,-26262.92380459045,22.0,-1,17,-1.0
20914,20914,-19031.40459908424,-6835.344121575115,476.0,-1,-1,-1.0
20915,20915,30470.177761438597,-26756.141910290506,416.0,-1,45,-1.0
20916,20916,-29807.033730963434,25124.09102949791,320.0,-1,-1,-1.0
20917,20917,-21662.302828901225,28751.86404328834,154.0,-1,-1,-1.0
20918,20918,35623.038118471115,-28029.708433412947,41.0,-1,-1,-1.0
20919,20919,-27302.868341055888,-7011.237386964851,487.0,-1,-1,-1.0
20920,20920,5170.107279488948,-30436.245142215783,375.0,-1,-1,-1.0
20921,20921,38220.43322064156,11217.100501804744,133.0,-1,-1,-1.0
20922,20922,-22056.0746128308,570.3624649716294,362.0,-1,-1,-1.0
20923,20923,926.512615818414,4874.2121584480265,306.0,-1,-1,-1.0
20924,20924,21023.304660969152,32577.93563939132,347.0,-1,-1,-1.0
20925,20925,2318.234474254976,-14437.544237449692,294.0,-1,31,-1.0
20926,20926,-13510.660802608923,-7209.94527630067,132.0,-1,-1,-1.0
20927,20927,16320.862704293955,-4998.817511549045,132.0,-1,13,-1.0
20928,20928,27207.751601620446,-35700.024845101914,320.0,-1,-1,-1.0
20929,20929,-8201.537111330781,-26807.96201738776,461.0,-1,-1,-1.0
20930,20930,-8491.504970494345,-35898.63440637494,41.0,-1,-1,-1.0
20931,20931,30343.742040309386,-2193.565188147855,401.0,-1,33,-1.0
20932,20932,-23673.81946107762,12916.394729350606,109.0,-1,-1,-1.0
20933,20933,-2977.5809652741154,-12700.427155996367,67.0,-1,-1,-1.0
20934,20934,10320.744141541923,-4870.488761397122,182.0,-1,-1,-1.0
20935,20935,-32513.40884908461,-26861.537441011053,224.0,-1,34,-1.0
20936,20936,29428.749488741145,29016.654172993847,425.0,-1,10,-1.0
20937,20937,21726.496771381197,-32780.43086709206,232.0,-1,-1,-1.0
20938,20938,-12935.406577742133,30202.430451986394,0.0,-1,48,-1.0
20939,20939,-34361.993835739035,-6365.307749261221,92.0,-1,-1,-1.0
20940,20940,17346.086128385825,-16686.50700840039,299.0,-1,45,-1.0
20941,20941,27923.62143658893,-21240.66416963124,4.0,-1,45,-1.0
20942,20942,36995.41175223621,14204.000489911494,123.0,-1,28,-1.0
20943,20943,-6457.196843465092,-27722.385864038657,36.0,-1,25,-1.0
20944,20944,5350.563676943602,-24865.29241936931,220.0,-1,31,-1.0
20945,20945,18518.28419319857,-31957.758998693796,6.0,-1,-1,-1.0
20946,20946,-36852.68966063528,15241.281189800342,411.0,-1,-1,-1.0
20947,20947,32795.85602956194,-1537.9619956474417,481.0,-1,33,-1.0
20948,20948,-29019.98969766049,31787.687527083486,192.0,-1,-1,-1.0
20949,20949,23016.11524114634,-5816.129887306379,398.0,-1,-1,-1.0
20950,20950,8323.154051976286,-30742.124494985168,116.0,-1,-1,-1.0
20951,20951,19115.537027550366,26972.422278530765,328.0,-1,-1,-1.0
20952,20952,-12077.1752314523,12847.33465171371,452.0,-1,-1,-1.0
20953,20953,-18807.965237994023,37455.67145108647,136.0,-1,-1,-1.0
20954,20954,-2020.3503381915143,23858.487821644536,471.0,-1,-1,-1.0
20955,20955,11681.038154294423,-39036.51622612141,222.0,-1,-1,-1.0
20956,20956,790.7790168860738,18657.07319317091,204.0,-1,-1,-1.0
20957,20957,29044.84829251101,-13708.835334234893,114.0,-1,45,52.0
20958,20958,3757.772468773765,32521.090280354387,44.0,-1,48,-1.0
20959,20959,-39065.95813706991,5464.1107021813805,140.0,-1,-1,-1.0
20960,20960,-4474.76818901411,32975.009624354454,471.0,-1,-1,-1.0
20961,20961,5099.447102220031,25715.226645250703,113.0,-1,48,-1.0
20962,20962,-23407.5567603543,38189.582446914486,288.0,-1,-1,-1.0
20963,20963,27814.901238227398,32111.04514186784,134.0,-1,-1,-1.0
20964,20964,-23103.731431032746,806.7849184038132,466.0,-1,-1,-1.0
20965,20965,-407.91575583964,-29110.4065879436,477.0,-1,-1,-1.0
20966,20966,-36278.35209373792,38118.47174170226,339.0,-1,5,-1.0
20967,20967,856.8938920911096,27926.7103493652,412.0,-1,-1,-1.0
20968,20968,23054.448755008794,-21303.90486339957,160.0,-1,-1,-1.0
20969,20969,18674.815419483377,36271.36892135414,9.0,-1,-1,-1.0
20970,20970,13812.52715275396,3741.393850969078,127.0,-1,-1,-1.0
20971,20971,-18660.174972379817,-1206.0798029961952,278.0,-1,43,-1.0
20972,20972,-23607.86712805321,15669.7489259242,422.0,-1,-1,-1.0
20973,20973,24877.81440868996,23356.76066834736,73.0,-1,18,-1.0
20974,20974,-32549.259574133823,-20973.798968842515,277.0,-1,-1,-1.0
20975,20975,29264.0843456702,-5602.346658999682,474.0,-1,-1,-1.0
20976,20976,-39824.571358336514,-19497.198053270036,37.0,-1,-1,-1.0
20977,20977,-39218.04951176384,16196.069519325143,40.0,-1,-1,-1.0
20978,20978,-13708.079640857748,13824.06884706614,356.0,-1,-1,-1.0
20979,20979,-34287.33448255089,-33325.53849896172,363.0,-1,-1,-1.0
20980,20980,14384.884133228808,22983.41008533112,69.0,-1,-1,-1.0
20981,20981,-15946.674683059366,4522.052293260866,391.0,-1,26,-1.0
20982,20982,37314.38617895533,-29003.80316463905,77.0,-1,-1,-1.0
20983,20983,-28815.280670269087,-19745.84578159509,294.0,-1,-1,-1.0
20984,20984,-9318.731069109774,38137.52696531612,445.0,-1,48,60.0
20985,20985,-22060.686758075502,-8792.69180768646,256.0,-1,-1,-1.0
20986,20986,-10246.20933192816,-1904.2108199453944,80.0,-1,-1,-1.0
20987,20987,-32808.56419348293,27412.94638679408,439.0,-1,-1,-1.0
20988,20988,-5522.087882896842,1938.9814299895952,95.0,-1,27,-1.0
20989,20989,-4802.616180800207,-29715.424808432865,411.0,-1,25,-1.0
20990,20990,29455.74882444277,-1724.8381599041895,10.0,-1,-1,-1.0
20991,20991,-37239.59343721595,28689.95158461609,483.0,-1,-1,-1.0
20992,20992,37087.018501235245,-234.5924992867076,89.0,-1,-1,-1.0
20993,20993,12534.876347012469,-6647.148042549074,411.0,-1,13,-1.0
20994,20994,19934.09584878214,-12394.982433470055,112.0,-1,-1,-1.0
20995,20995,-12509.182503031512,21547.424879937545,50.0,-1,-1,-1.0
20996,20996,7847.113574770112,34376.093008401614,34.0,-1,-1,-1.0
20997,20997,25551.9838541558,23899.59871578876,295.0,-1,18,-1.0
20998,20998,4916.376421135836,-33554.41480507688,31.0,-1,1,-1.0
20999,20999,-17353.69137703101,6312.083703448312,389.0,-1,26,-1.0
21000,21000,-5521.122884104087,-4372.560961946445,457.0,-1,-1,-1.0
21001,21001,15593.950720586618,-15705.344179624535,289.0,-1,-1,-1.0
21002,21002,27945.928196319,3121.850478633467,263.0,-1,-1,-1.0
21003,21003,-4299.201717095901,-2808.286633917538,396.0,-1,-1,-1.0
21004,21004,11079.597497925964,30962.253356480767,122.0,-1,-1,-1.0
21005,21005,232.95602615491225,2250.0766544928047,359.0,-1,22,-1.0
21006,21006,-9889.306794190925,19508.61532463369,106.0,-1,-1,-1.0
21007,21007,-26362.86143081652,-27936.488027919997,376.0,-1,-1,-1.0
21008,21008,-30711.22529129097,3619.081635229457,42.0,-1,29,-1.0
21009,21009,12249.41001861039,9197.544565018412,215.0,-1,-1,-1.0
21010,21010,-33203.256756914576,-7894.424419238017,398.0,-1,-1,-1.0
21011,21011,27110.343141551784,-39210.83584257404,364.0,-1,-1,-1.0
21012,21012,-24609.91722655967,-21999.90128667002,127.0,-1,-1,-1.0
21013,21013,-10779.346447183269,-26039.86373608419,313.0,-1,17,-1.0
21014,21014,-31392.684823769298,-23011.394357242,485.0,-1,39,-1.0
21015,21015,3124.558639361938,-16781.20020709276,95.0,-1,31,-1.0
21016,21016,-3703.472998580663,-13275.885473240867,207.0,-1,31,-1.0
21017,21017,5638.148428535656,16362.918063406743,379.0,-1,8,-1.0
21018,21018,-6409.944234205381,-12033.013538367206,489.0,-1,31,35.0
21019,21019,-9842.401170414909,-1396.025422516992,34.0,-1,-1,-1.0
21020,21020,-20046.685862064343,-9209.490537883252,496.0,-1,-1,-1.0
21021,21021,-17096.390383315338,11053.165639586863,69.0,-1,-1,-1.0
21022,21022,25045.50164943759,3452.146701841892,458.0,-1,-1,-1.0
21023,21023,-18571.628600899352,-10892.77338387661,482.0,-1,-1,-1.0
21024,21024,-30128.53093275063,-28036.78935574705,155.0,-1,-1,-1.0
21025,21025,26304.26360020142,7922.285141655899,145.0,-1,15,-1.0
21026,21026,16803.900103544605,31275.54869944208,105.0,-1,-1,-1.0
21027,21027,-3298.916561597318,-29994.939480045,459.0,-1,-1,-1.0
21028,21028,21934.503949988604,-11156.048588958853,8.0,-1,-1,-1.0
21029,21029,28601.017695775223,-33431.62180477071,219.0,-1,-1,-1.0
21030,21030,-38412.05488868139,6713.72218792986,325.0,-1,-1,-1.0
21031,21031,-36289.86181460296,-5226.955718032186,221.0,-1,-1,-1.0
21032,21032,-6202.592821588492,9843.483348433474,313.0,-1,-1,-1.0
21033,21033,-15651.93892360022,-5586.681179032566,492.0,-1,43,-1.0
21034,21034,-10232.732801259095,10921.51806710344,55.0,-1,-1,-1.0
21035,21035,22705.47360626403,-3584.980772639712,255.0,-1,44,-1.0
21036,21036,-33116.77342028223,35065.66803427435,208.0,-1,-1,-1.0
21037,21037,-1276.2951878153835,-29176.235260059664,430.0,-1,-1,-1.0
21038,21038,-34456.35467981589,26309.817644827053,175.0,-1,-1,-1.0
21039,21039,-61.76005718908709,34267.39822969935,146.0,-1,-1,-1.0
21040,21040,18670.63479242964,-29998.228139264396,249.0,-1,-1,-1.0
21041,21041,-10645.472752502876,-30477.6100683012,337.0,-1,-1,-1.0
21042,21042,-2739.402765016406,7285.627832558814,130.0,-1,27,-1.0
21043,21043,-31664.030395648013,-10364.224426911547,443.0,-1,-1,-1.0
21044,21044,-5687.127852716178,-35719.25866262297,97.0,-1,35,-1.0
21045,21045,-5439.14823116536,-28517.656071587116,184.0,-1,25,-1.0
21046,21046,21546.953265235068,17281.23264778345,486.0,-1,18,-1.0
21047,21047,-24298.91530261056,-25754.86729416026,464.0,-1,-1,-1.0
21048,21048,39597.4538591084,38705.68619826378,406.0,-1,-1,-1.0
21049,21049,26909.332013426712,-24531.360379223763,190.0,-1,45,-1.0
21050,21050,-23691.193190363665,7117.826827764031,437.0,-1,-1,-1.0
21051,21051,16574.183964989053,-11080.818797629929,253.0,-1,-1,-1.0
21052,21052,1184.3562085796077,23751.0976079672,330.0,-1,-1,-1.0
21053,21053,3639.801719522555,3070.52493978788,208.0,-1,14,-1.0
21054,21054,-19990.382574277268,-25382.3769191382,90.0,-1,36,-1.0
21055,21055,-36490.474098957486,9189.214336851595,275.0,-1,24,-1.0
21056,21056,6503.563967554532,-16975.416086780893,303.0,-1,-1,-1.0
21057,21057,-20746.069505972704,-30936.26366933064,2.0,-1,-1,-1.0
21058,21058,-17392.063266243633,-16117.503896551942,100.0,-1,-1,-1.0
21059,21059,2447.866853358355,-13260.09243627488,53.0,-1,31,-1.0
21060,21060,31710.33621109744,-17729.40038269077,148.0,-1,-1,-1.0
21061,21061,-29386.28279958377,-32861.83549059405,15.0,-1,-1,-1.0
21062,21062,25431.312690215094,-8471.918910852877,233.0,-1,-1,-1.0
21063,21063,14556.423588413913,-31743.1537985182,356.0,-1,-1,-1.0
21064,21064,-34757.6168214701,-20608.835480200032,297.0,-1,-1,-1.0
21065,21065,18818.06536372708,7274.700020500226,211.0,-1,2,-1.0
21066,21066,-23811.374682986247,3930.733518698027,251.0,-1,-1,-1.0
21067,21067,-23852.658577366143,-39419.193813677964,252.0,-1,-1,-1.0
21068,21068,-39019.49126842801,-38065.83454753273,336.0,-1,19,-1.0
21069,21069,19796.44946496317,-31550.211329181693,112.0,-1,-1,-1.0
21070,21070,33967.233540458765,-12450.886801413855,211.0,-1,-1,-1.0
21071,21071,12572.21413019808,-8913.598606269381,28.0,-1,-1,-1.0
21072,21072,32445.05967207813,18733.389060578746,487.0,-1,28,-1.0
21073,21073,13240.754233322385,-35451.531192309274,28.0,-1,4,-1.0
21074,21074,-15967.521671239869,2670.962372517868,173.0,-1,-1,-1.0
21075,21075,-32006.354810600984,-12744.450522461604,131.0,-1,-1,-1.0
21076,21076,5404.744702863143,1254.814034420313,97.0,-1,-1,-1.0
21077,21077,-14617.319765820315,-18112.06071272734,118.0,-1,-1,-1.0
21078,21078,-22608.103168371043,25654.57129906233,356.0,-1,48,-1.0
21079,21079,-21761.06549413617,24431.23050190376,443.0,-1,-1,-1.0
21080,21080,3013.250181408017,-15826.647876014944,419.0,-1,31,-1.0
21081,21081,-28261.655079535747,-3307.647983446259,448.0,-1,41,47.0
21082,21082,-34232.760455392614,36882.986050630585,117.0,-1,-1,-1.0
21083,21083,7358.150981585102,24291.2374321815,192.0,-1,48,-1.0
21084,21084,20596.55259008832,28255.77665398073,300.0,-1,-1,-1.0
21085,21085,35711.27235777819,-4238.611821530787,167.0,-1,-1,-1.0
21086,21086,7582.003104838332,-24183.00399634931,233.0,-1,-1,-1.0
21087,21087,-20053.56180057614,-6227.259730534839,347.0,-1,-1,-1.0
21088,21088,11366.416516738063,29473.498568641604,414.0,-1,-1,-1.0
21089,21089,-2411.281540436496,8669.968271295525,385.0,-1,27,-1.0
21090,21090,-33734.69779089818,-35419.12145658803,410.0,-1,-1,-1.0
21091,21091,19499.620754334937,36971.220641405656,224.0,-1,30,-1.0
21092,21092,-34655.85140488268,19048.32902879769,126.0,-1,-1,-1.0
21093,21093,-6592.785128474839,-6662.884231464188,72.0,-1,31,-1.0
21094,21094,17869.606358746183,-9422.33846040664,495.0,-1,-1,-1.0
21095,21095,29923.366252241016,-9987.898013196957,130.0,-1,-1,-1.0
21096,21096,7148.973218548366,-34895.04886964105,446.0,-1,1,-1.0
21097,21097,-12973.540084763705,-5820.109040690171,451.0,-1,-1,-1.0
21098,21098,-29448.15045991332,-10104.225070584122,187.0,-1,-1,-1.0
21099,21099,-13444.09993691526,30432.88872604046,159.0,-1,48,-1.0
21100,21100,-1205.8536493431384,9966.629317347511,194.0,-1,-1,-1.0
21101,21101,-15503.908524596009,-31988.26474309325,419.0,-1,36,-1.0
21102,21102,29367.882687061632,-4311.319265175451,384.0,-1,-1,-1.0
21103,21103,-35448.94521487481,37915.38962637831,247.0,-1,5,6.0
21104,21104,31174.746788628283,-14551.167188644864,90.0,-1,-1,-1.0
21105,21105,39632.82191166341,20928.95205602354,181.0,-1,-1,-1.0
21106,21106,26272.945968094005,-30651.487518123853,217.0,-1,45,-1.0
21107,21107,32841.80051706647,-8464.878361936047,115.0,-1,-1,-1.0
21108,21108,-21883.82423586113,19745.27056027172,183.0,-1,-1,-1.0
21109,21109,-30776.57011957394,-37299.80165612047,268.0,-1,-1,-1.0
21110,21110,-7627.156106362705,16488.61868002906,185.0,-1,-1,-1.0
21111,21111,31645.6543275218,-776.0199766692385,318.0,-1,-1,-1.0
21112,21112,-16941.433988114182,-16427.42085753736,61.0,-1,-1,-1.0
21113,21113,-1383.0649025819584,4068.4514142555417,235.0,-1,-1,-1.0
21114,21114,-36603.13859655814,-34470.324825490345,429.0,-1,-1,-1.0
21115,21115,23255.961337779947,22205.973251942454,266.0,-1,-1,-1.0
21116,21116,37171.23060017114,34469.66806475361,77.0,-1,-1,-1.0
21117,21117,33675.10334052361,-39154.44090292886,63.0,-1,-1,-1.0
21118,21118,1472.9962449727757,-35712.71485607302,110.0,-1,-1,-1.0
21119,21119,12233.323588775953,16889.890441632968,292.0,-1,-1,-1.0
21120,21120,-20256.40408894172,-30201.758623891124,116.0,-1,-1,-1.0
21121,21121,28928.40601276599,-30905.913225488577,466.0,-1,-1,-1.0
21122,21122,-35232.64657010445,24962.39065130428,28.0,-1,-1,-1.0
21123,21123,-18074.11510620634,11357.398336953367,331.0,-1,-1,-1.0
21124,21124,-36120.62932284617,3081.1665788567843,156.0,-1,-1,-1.0
21125,21125,-7305.134214742015,29405.83137154742,386.0,-1,-1,-1.0
21126,21126,11153.954566495682,-14801.974276910936,217.0,-1,-1,-1.0
21127,21127,-21816.60814587498,37397.042508292245,328.0,-1,-1,-1.0
21128,21128,37097.67874181963,27824.12904884311,430.0,-1,10,-1.0
21129,21129,-38990.62040513682,-6879.559473358342,453.0,-1,-1,-1.0
21130,21130,31526.52980348392,17116.157941042205,485.0,-1,-1,-1.0
21131,21131,13687.159586869464,14682.512351314625,205.0,-1,-1,-1.0
21132,21132,-2983.380382270341,-790.462551389508,86.0,-1,-1,-1.0
21133,21133,-12456.2750432656,-8931.227309461701,291.0,-1,-1,-1.0
21134,21134,-17136.43877008395,17652.132067155842,315.0,-1,-1,-1.0
21135,21135,-36962.94747006145,23375.647652727188,432.0,-1,-1,-1.0
21136,21136,-9773.67289911018,-6656.546518481242,139.0,-1,31,-1.0
21137,21137,-37111.40840851526,22944.72286106797,365.0,-1,-1,-1.0
21138,21138,-38441.19524885764,-32935.07113848419,428.0,-1,20,-1.0
21139,21139,-2246.2558566750376,33674.77471266387,116.0,-1,48,-1.0
21140,21140,11124.54231950811,14060.154609007506,346.0,-1,-1,-1.0
21141,21141,-4332.880735946143,-19883.030892530423,179.0,-1,7,-1.0
21142,21142,31000.088241238947,25320.966253868537,262.0,-1,-1,-1.0
21143,21143,-34142.52610787936,15273.016629138843,299.0,-1,24,-1.0
21144,21144,-4644.397668199752,-851.5321962255694,205.0,-1,-1,-1.0
21145,21145,-631.3230254558221,-30453.234893552763,59.0,-1,-1,-1.0
21146,21146,3464.092508227659,-8641.675975564143,362.0,-1,-1,-1.0
21147,21147,867.9124682140828,-24650.09042224467,290.0,-1,-1,-1.0
21148,21148,34875.87983196677,-28319.89334083652,277.0,-1,-1,-1.0
21149,21149,-14000.28515336502,-13551.607030282488,401.0,-1,-1,-1.0
21150,21150,8333.264849002539,-3009.2489401019848,0.0,-1,-1,-1.0
21151,21151,22576.2040637394,-1816.0067910078503,169.0,-1,44,-1.0
21152,21152,-39836.26453927125,-7042.6020920499,163.0,-1,-1,-1.0
21153,21153,-297.99438432697207,9211.276584603256,255.0,-1,27,-1.0
21154,21154,-13528.501654989454,-22749.56137343864,178.0,-1,-1,-1.0
21155,21155,34793.14914658845,29524.783194481264,240.0,-1,-1,-1.0
21156,21156,-16893.168049068958,28083.73080352643,97.0,-1,48,59.0
21157,21157,5454.375300193489,18082.158809507742,219.0,-1,-1,-1.0
21158,21158,-16229.987826273436,18993.518635611523,499.0,-1,-1,-1.0
21159,21159,1706.1956760407263,-21310.864256254223,468.0,-1,31,-1.0
21160,21160,-23434.596097685917,-33394.27919201415,105.0,-1,-1,-1.0
21161,21161,-34289.62453227045,-17182.604062806393,269.0,-1,-1,-1.0
21162,21162,36311.41540757834,-36992.3443573487,201.0,-1,21,-1.0
21163,21163,-23155.211710563188,28954.351916820877,121.0,-1,-1,-1.0
21164,21164,-2205.2227019455318,-21812.950378960315,435.0,-1,-1,-1.0
21165,21165,-17755.10564637659,6291.22904228088,338.0,-1,-1,-1.0
21166,21166,19280.90862390104,-37769.35020738329,488.0,-1,-1,-1.0
21167,21167,24197.103203728984,-26181.149992514453,402.0,-1,-1,-1.0
21168,21168,38074.99033031648,-18987.94662927653,350.0,-1,-1,-1.0
21169,21169,-17477.999708554962,-33602.64740437793,389.0,-1,-1,-1.0
21170,21170,24409.460946415384,-31913.94997045186,22.0,-1,-1,-1.0
21171,21171,-31974.57438153607,-10861.86809409728,261.0,-1,-1,-1.0
21172,21172,-5986.066392457047,-11829.34306992608,290.0,-1,31,-1.0
21173,21173,-33031.655752315,12334.494030267742,217.0,-1,24,-1.0
21174,21174,-6310.999681413225,30092.109213618023,310.0,-1,-1,-1.0
21175,21175,36966.60023777768,-36998.862862514354,409.0,-1,21,-1.0
21176,21176,-12330.561041824789,28699.51651133136,276.0,-1,48,-1.0
21177,21177,-22009.81630700862,21725.776558876685,206.0,-1,-1,-1.0
21178,21178,7344.012539703268,20342.60009076492,265.0,-1,-1,-1.0
21179,21179,20862.31817956048,31598.43062038919,408.0,-1,30,-1.0
21180,21180,-6257.39680862808,3458.557803233911,81.0,-1,-1,-1.0
21181,21181,31635.592237268636,-7366.451098997091,125.0,-1,-1,-1.0
21182,21182,-39624.754013064376,5680.369580104241,45.0,-1,-1,-1.0
21183,21183,32318.920765276853,-949.5301523537782,45.0,-1,33,-1.0
21184,21184,-35186.90302228334,5914.725716515182,325.0,-1,-1,-1.0
21185,21185,12442.85483747306,-24101.353307575773,447.0,-1,-1,-1.0
21186,21186,-6682.342258973476,28481.013747305347,433.0,-1,48,-1.0
21187,21187,24044.907535076964,36843.66781377567,293.0,-1,-1,-1.0
21188,21188,-23576.89773571563,27022.636261015083,342.0,-1,-1,-1.0
21189,21189,26619.751625406963,-17641.845508000973,450.0,-1,45,-1.0
21190,21190,16545.689969974548,35247.18542130891,180.0,-1,-1,-1.0
21191,21191,18778.15998126204,13792.570558817126,499.0,-1,-1,-1.0
21192,21192,17751.193568793256,34486.500468058715,302.0,-1,-1,-1.0
21193,21193,27253.940732087853,-7418.28929625015,260.0,-1,-1,-1.0
21194,21194,-29718.038338893544,-3993.946760711726,120.0,-1,41,-1.0
21195,21195,-9510.46396932485,9541.329509579002,386.0,-1,27,-1.0
21196,21196,-18045.10678944358,-37357.055598675935,91.0,-1,-1,-1.0
21197,21197,12050.823195542704,29464.26083237876,343.0,-1,-1,-1.0
21198,21198,30094.940737282115,1215.1768776570823,191.0,-1,-1,-1.0
21199,21199,-21642.867504823567,25566.39855680181,81.0,-1,-1,-1.0
21200,21200,-10350.262547459402,-35743.85760950718,452.0,-1,36,-1.0
21201,21201,-28986.785813909108,33222.3491968922,306.0,-1,-1,-1.0
21202,21202,-26656.04267526865,17154.21257586936,377.0,-1,-1,-1.0
21203,21203,24109.876404083705,26935.66946995821,170.0,-1,-1,-1.0
21204,21204,-11845.789226075256,34049.94090641105,14.0,-1,48,-1.0
21205,21205,-12489.023408577856,25879.40004959832,452.0,-1,48,-1.0
21206,21206,-20477.569788155208,-35527.85496974733,235.0,-1,-1,-1.0
21207,21207,9810.364143091056,-11613.777379952186,224.0,-1,-1,-1.0
21208,21208,21575.199036044025,-11877.48243314066,375.0,-1,-1,-1.0
21209,21209,34740.222449740715,29329.92225138248,84.0,-1,-1,-1.0
21210,21210,20049.99882463669,2020.2698843825929,415.0,-1,-1,-1.0
21211,21211,32714.480135362537,-14493.763964100151,477.0,-1,-1,-1.0
21212,21212,18567.72417996145,-34607.48416593409,492.0,-1,-1,-1.0
21213,21213,29128.16472721905,-7444.29781493044,102.0,-1,-1,-1.0
21214,21214,3031.5225576540543,-18507.64694909437,92.0,-1,-1,-1.0
21215,21215,-18647.201626780607,-23570.61787403227,209.0,-1,36,-1.0
21216,21216,27642.25137901031,-5225.8478677009625,196.0,-1,-1,-1.0
21217,21217,3380.9228893712207,1311.8470635936392,440.0,-1,-1,-1.0
21218,21218,35170.34580390512,12393.319037809008,411.0,-1,28,-1.0
21219,21219,-38368.386582462,12901.12407459697,327.0,-1,-1,-1.0
21220,21220,37381.72427634099,-11.730789194953104,402.0,-1,-1,-1.0
21221,21221,23472.89358919364,11158.598024912491,72.0,-1,-1,-1.0
21222,21222,-6138.592544708583,28289.377639268398,340.0,-1,48,-1.0
21223,21223,-33400.017844682785,39586.1082358392,38.0,-1,-1,-1.0
21224,21224,27775.206269657312,12238.16109749741,186.0,-1,-1,-1.0
21225,21225,26700.022693580468,14238.685231005707,172.0,-1,-1,-1.0
21226,21226,11739.751646155928,-36155.58921278202,60.0,-1,4,-1.0
21227,21227,36940.229915525226,-303.1841855113307,352.0,-1,-1,-1.0
21228,21228,8307.721582132472,38279.08090093506,473.0,-1,-1,-1.0
21229,21229,-24004.35138674445,15236.42502679566,122.0,-1,-1,-1.0
21230,21230,8815.361652866159,-27828.73600124371,400.0,-1,31,-1.0
21231,21231,-7165.426722520613,-6461.309710683541,174.0,-1,31,36.0
21232,21232,-8057.499315243658,29732.832501770623,296.0,-1,-1,-1.0
21233,21233,6838.511358462158,-37114.98680964408,342.0,-1,1,-1.0
21234,21234,31510.55750231647,9995.68819251148,236.0,-1,-1,-1.0
21235,21235,32642.671269035596,10567.917484540803,435.0,-1,-1,-1.0
21236,21236,-6117.844139244684,-36730.46353748788,478.0,-1,-1,-1.0
21237,21237,-12118.29127896711,-19358.702726930216,39.0,-1,31,-1.0
21238,21238,-21146.41994786231,-10210.040079905251,43.0,-1,-1,-1.0
21239,21239,6963.759866059081,-12840.549839563972,120.0,-1,-1,-1.0
21240,21240,-8507.218379404272,21633.23876219483,335.0,-1,-1,-1.0
21241,21241,-15906.889396946182,-4028.636185485644,476.0,-1,43,-1.0
21242,21242,34692.18251104912,-33499.44561818955,410.0,-1,21,-1.0
21243,21243,-8096.268024811543,19546.06965005111,194.0,-1,-1,-1.0
21244,21244,-34246.93711300956,-38825.10939659197,187.0,-1,-1,-1.0
21245,21245,-10400.783526788253,-14028.602746878569,274.0,-1,-1,-1.0
21246,21246,-5836.156449427508,6226.96461350091,448.0,-1,-1,-1.0
21247,21247,24586.888019236976,24843.35832548216,347.0,-1,-1,-1.0
21248,21248,-3887.293905429775,-19456.98426520078,54.0,-1,7,-1.0
21249,21249,36999.18853102969,17958.321026301062,396.0,-1,28,-1.0
21250,21250,-21690.77258239076,-1914.3404870973245,153.0,-1,43,-1.0
21251,21251,-25982.710152021875,7334.329789318413,26.0,-1,-1,-1.0
21252,21252,-39265.90531983576,-933.3343028035742,465.0,-1,-1,-1.0
21253,21253,-20523.383482003574,2104.4285276481096,195.0,-1,-1,-1.0
21254,21254,30428.806341649542,-2944.1489892882746,417.0,-1,33,-1.0
21255,21255,-16993.762874008647,-34493.64202509042,382.0,-1,-1,-1.0
21256,21256,-29402.591418420983,-1124.1064882924256,483.0,-1,-1,-1.0
21257,21257,-22393.332175103227,-33138.56871549822,75.0,-1,-1,-1.0
21258,21258,1450.302784519059,3207.599056804865,0.0,-1,-1,-1.0
21259,21259,-1643.939437844303,-33653.66759161262,470.0,-1,-1,-1.0
21260,21260,38249.88151718794,-11420.909901115738,401.0,-1,-1,-1.0
21261,21261,-22450.01103010388,-31034.690376457234,435.0,-1,-1,-1.0
21262,21262,56.02633706893539,-30645.189065370265,33.0,-1,-1,-1.0
21263,21263,3521.3317498371107,10800.114606881558,18.0,-1,-1,-1.0
21264,21264,-25189.47982077093,10926.371883558357,440.0,-1,-1,-1.0
21265,21265,-26652.60728421285,-219.79797966988556,282.0,-1,41,-1.0
21266,21266,1243.1077918202209,18896.708957316696,278.0,-1,-1,-1.0
21267,21267,-10852.725105410207,25516.10017330733,304.0,-1,-1,-1.0
21268,21268,-10722.176737543166,-4476.6087923928935,104.0,-1,-1,-1.0
21269,21269,12421.89478231343,20056.7903007904,2.0,-1,-1,-1.0
21270,21270,12076.70494981022,-9133.27234108314,291.0,-1,-1,-1.0
21271,21271,15855.64913461115,-10406.102885062695,16.0,-1,-1,-1.0
21272,21272,14799.4175646414,-24019.305720415618,201.0,-1,-1,-1.0
21273,21273,19035.98111316758,35260.101814243084,469.0,-1,30,-1.0
21274,21274,-22083.400680907267,-18710.18785391235,465.0,-1,42,-1.0
21275,21275,5514.750297927945,-3661.892156607872,374.0,-1,-1,-1.0
21276,21276,35740.08961164969,-3846.550850769352,354.0,-1,-1,-1.0
21277,21277,3759.248790448015,22263.901223917368,389.0,-1,46,-1.0
21278,21278,-30996.265445605528,-25500.57732149737,464.0,-1,-1,-1.0
21279,21279,-18766.567975346486,12494.902214003698,14.0,-1,-1,-1.0
21280,21280,999.1251636741872,7026.561013275954,432.0,-1,-1,-1.0
21281,21281,32593.603332961386,-29580.716056432662,389.0,-1,-1,-1.0
21282,21282,7025.477092673471,-20370.22800599617,77.0,-1,-1,-1.0
21283,21283,37158.51297171148,1450.260720026141,409.0,-1,28,-1.0
21284,21284,-6357.107502748695,-16022.680700893065,441.0,-1,-1,-1.0
21285,21285,-10908.639844736765,29134.810521223364,328.0,-1,-1,-1.0
21286,21286,25330.69299083044,-4115.636320532802,153.0,-1,-1,-1.0
21287,21287,17368.061182513346,15898.44626944622,287.0,-1,-1,-1.0
21288,21288,35485.374921502866,9891.445937754514,76.0,-1,28,-1.0
21289,21289,-23611.55936544323,-32697.444122358156,105.0,-1,-1,-1.0
21290,21290,-6491.70249908579,10797.149257929806,54.0,-1,-1,-1.0
21291,21291,35370.59939062176,24843.11033116924,52.0,-1,-1,-1.0
21292,21292,-32250.380249339512,30805.976656849947,295.0,-1,6,-1.0
21293,21293,-30050.242891339298,-32943.88103562522,431.0,-1,34,-1.0
21294,21294,-17065.49706706,-6461.4382785778,347.0,-1,43,-1.0
21295,21295,16266.06698098164,-34129.593981761616,163.0,-1,3,-1.0
21296,21296,31480.859123527087,11024.055859574291,196.0,-1,-1,-1.0
21297,21297,-27043.238847693683,33497.124050270475,434.0,-1,-1,-1.0
21298,21298,-37119.28921544668,37898.2808138906,371.0,-1,5,-1.0
21299,21299,-14214.983828566295,981.2307456699418,266.0,-1,-1,-1.0
21300,21300,13530.247989889604,-8536.60985202996,20.0,-1,-1,-1.0
21301,21301,5554.286518751112,-23723.23450480504,493.0,-1,31,-1.0
21302,21302,14025.961727058122,14242.648555267251,372.0,-1,-1,-1.0
21303,21303,32842.64576626965,14419.81399799099,51.0,-1,-1,-1.0
21304,21304,-37068.30925974392,3234.6217205256908,462.0,-1,-1,-1.0
21305,21305,-1003.9470318557288,17472.833652973757,110.0,-1,46,-1.0
21306,21306,24582.716983215665,16922.344014543647,487.0,-1,-1,-1.0
21307,21307,-5688.486320370568,-3021.9358352611816,88.0,-1,-1,-1.0
21308,21308,8264.323315783913,31836.708866414512,427.0,-1,48,-1.0
21309,21309,-36398.53236133307,-19863.67520826975,495.0,-1,-1,-1.0
21310,21310,12450.649978978296,-22112.60909779031,385.0,-1,-1,-1.0
21311,21311,-5120.74297946912,-38206.227711391104,270.0,-1,-1,-1.0
21312,21312,-37262.12814409591,-31461.753987399818,163.0,-1,20,23.0
21313,21313,-7423.82156681706,-27490.79236832123,20.0,-1,-1,-1.0
21314,21314,32883.17861854051,27887.621071449525,408.0,-1,-1,-1.0
21315,21315,29012.81020821126,-26332.183247342942,290.0,-1,-1,-1.0
21316,21316,-27765.928142455883,-15403.120908657656,23.0,-1,-1,-1.0
21317,21317,10124.514516861957,-37150.98878612464,437.0,-1,-1,-1.0
21318,21318,-23968.245109159536,-19849.660938475885,403.0,-1,-1,-1.0
21319,21319,30672.622514909614,4601.077870677014,73.0,-1,-1,-1.0
21320,21320,-1641.113543519692,-3514.110715031471,488.0,-1,-1,-1.0
21321,21321,13609.981353299896,18419.950668197023,191.0,-1,-1,-1.0
21322,21322,91.04198329165956,-32443.635375062157,362.0,-1,-1,-1.0
21323,21323,-37687.29633519994,31654.235174855523,193.0,-1,-1,-1.0
21324,21324,-2630.819416093851,31734.2489741982,64.0,-1,-1,-1.0
21325,21325,30209.55610783749,-36868.981092887865,70.0,-1,-1,-1.0
21326,21326,3472.3591251475736,-19947.416041907403,134.0,-1,-1,-1.0
21327,21327,23585.30924869763,11372.265203622308,167.0,-1,-1,-1.0
21328,21328,-31676.15662555539,-6243.193429556821,487.0,-1,-1,-1.0
21329,21329,-21554.872880148367,7432.255539655947,204.0,-1,-1,-1.0
21330,21330,1647.1720334349448,10049.889846953876,34.0,-1,27,-1.0
21331,21331,10212.833730597034,553.718814262269,62.0,-1,-1,-1.0
21332,21332,-29816.264460853723,-23250.23707033135,85.0,-1,-1,-1.0
21333,21333,36614.80385545094,1185.1051294254066,399.0,-1,28,-1.0
21334,21334,34861.427592151114,9972.66967820438,398.0,-1,28,-1.0
21335,21335,6045.778214622289,19617.81987471348,302.0,-1,-1,-1.0
21336,21336,38133.09790966277,-26412.953609092,356.0,-1,-1,-1.0
21337,21337,37813.89656118097,20191.509206716888,392.0,-1,28,-1.0
21338,21338,30919.14978026912,-9268.921251594023,429.0,-1,-1,-1.0
21339,21339,-6536.327354313245,23597.165689687543,117.0,-1,-1,-1.0
21340,21340,-2996.043603885373,-3707.826800862226,189.0,-1,-1,-1.0
21341,21341,-21216.004715067287,9991.091292504245,290.0,-1,-1,-1.0
21342,21342,29553.26237358488,35805.265214118976,245.0,-1,11,-1.0
21343,21343,-4828.575787199246,-37279.01318148687,36.0,-1,-1,-1.0
21344,21344,11486.36169345335,-3223.1384318872733,452.0,-1,-1,-1.0
21345,21345,-31412.58015258722,-3238.3604875341043,25.0,-1,-1,-1.0
21346,21346,15160.47183262276,-20661.56163825456,346.0,-1,-1,-1.0
21347,21347,1748.3451590774057,-31223.090118810665,36.0,-1,-1,-1.0
21348,21348,-33814.93875828333,29129.00599274662,389.0,-1,-1,-1.0
21349,21349,18571.883040377907,-15411.889629299209,223.0,-1,-1,-1.0
21350,21350,13303.60446127801,37710.86451052017,143.0,-1,-1,-1.0
21351,21351,17222.637733092757,-7876.322040199506,19.0,-1,-1,-1.0
21352,21352,37727.17171955778,-5872.735051130367,28.0,-1,-1,-1.0
21353,21353,38806.19752385435,26309.1823931915,251.0,-1,-1,-1.0
21354,21354,27438.026838879217,-25702.901413788877,55.0,-1,-1,-1.0
21355,21355,-4433.576167065352,-37101.91442848906,196.0,-1,-1,-1.0
21356,21356,28060.66205516481,18951.24873626957,284.0,-1,-1,-1.0
21357,21357,-36517.85265541798,11116.67779426054,91.0,-1,-1,-1.0
21358,21358,-24872.69149270757,2795.8284105759667,412.0,-1,-1,-1.0
21359,21359,946.0986529296932,739.8387978992396,318.0,-1,-1,-1.0
21360,21360,-6742.965044243669,-10135.97162491676,239.0,-1,-1,-1.0
21361,21361,-19381.17777407422,-8520.954514841578,213.0,-1,-1,-1.0
21362,21362,31389.03409666565,5551.262669524302,417.0,-1,-1,-1.0
21363,21363,19551.296309503712,-575.8204510750729,499.0,-1,-1,-1.0
21364,21364,10842.444304137382,-22200.481649137917,338.0,-1,-1,-1.0
21365,21365,22486.89955625457,34611.489881882284,496.0,-1,30,-1.0
21366,21366,-11407.230961461251,35408.75111210936,467.0,-1,48,-1.0
21367,21367,-18730.50144152298,9820.990285245984,331.0,-1,-1,-1.0
21368,21368,16803.498918488214,27482.588357191067,440.0,-1,9,-1.0
21369,21369,35207.8640181408,-27512.280580804385,310.0,-1,-1,-1.0
21370,21370,-7125.183894180525,13192.1281617426,13.0,-1,27,-1.0
21371,21371,-27813.37392539795,-32838.19203304495,49.0,-1,-1,-1.0
21372,21372,31909.10121569165,-1687.7880493106568,275.0,-1,33,-1.0
21373,21373,-36414.68610913988,10602.151136326982,117.0,-1,-1,-1.0
21374,21374,29624.66000906279,23876.53539005181,457.0,-1,-1,-1.0
21375,21375,-35270.44353033363,-8411.09528000966,169.0,-1,32,38.0
21376,21376,-21027.39653327142,16406.947099860183,281.0,-1,-1,-1.0
21377,21377,31216.87327564284,6273.937898879776,401.0,-1,-1,-1.0
21378,21378,31277.67468287781,-34550.86383743354,131.0,-1,-1,-1.0
21379,21379,3312.2044020940666,-37194.7179345465,218.0,-1,1,-1.0
21380,21380,-31531.994787279044,-24560.91829746219,484.0,-1,-1,-1.0
21381,21381,457.4392684173654,-37192.610152338384,76.0,-1,-1,-1.0
21382,21382,-34081.57839248415,424.1009084994366,438.0,-1,29,-1.0
21383,21383,7858.989441328085,-2634.945416928407,86.0,-1,-1,-1.0
21384,21384,4059.631571416088,3847.7009867200095,6.0,-1,14,-1.0
21385,21385,4281.339108757013,-16903.43428937057,200.0,-1,31,-1.0
21386,21386,-26089.71759832163,-39294.10579761656,476.0,-1,-1,-1.0
21387,21387,38213.22470857951,-37688.5850815258,426.0,-1,21,-1.0
21388,21388,14586.273824947995,-33025.74152363984,460.0,-1,-1,-1.0
21389,21389,12776.77323007003,-26877.47491893469,147.0,-1,3,-1.0
21390,21390,-27178.972367051167,11219.818192775863,494.0,-1,-1,-1.0
21391,21391,-33177.193083630635,33041.04107070608,432.0,-1,-1,-1.0
21392,21392,17414.200062579068,31624.661567400384,226.0,-1,-1,-1.0
21393,21393,28816.89710179926,-21317.334050891084,111.0,-1,45,-1.0
21394,21394,-5034.590676614687,6212.422270835283,55.0,-1,-1,-1.0
21395,21395,37426.6678548236,-723.170444847332,238.0,-1,-1,-1.0
21396,21396,29992.095469360615,-32968.19798665508,493.0,-1,-1,-1.0
21397,21397,6464.769474190725,-10730.764332589988,270.0,-1,-1,-1.0
21398,21398,3741.492034174269,-30155.362718096087,259.0,-1,-1,-1.0
21399,21399,19352.922222253157,9162.387051122794,150.0,-1,-1,-1.0
21400,21400,-31678.668054809204,25015.494049350607,308.0,-1,-1,-1.0
21401,21401,-2249.412529134228,-32735.09942315868,164.0,-1,-1,-1.0
21402,21402,9089.441984677542,5604.880036648588,183.0,-1,-1,-1.0
21403,21403,415.4323521138285,-26064.294805642712,306.0,-1,25,-1.0
21404,21404,-19970.01164164234,-21623.904261432177,415.0,-1,36,-1.0
21405,21405,11743.815800090946,9618.176782769486,128.0,-1,-1,-1.0
21406,21406,-33719.409531476515,30144.035213845244,82.0,-1,6,-1.0
21407,21407,803.426502848728,15281.63934982846,239.0,-1,-1,-1.0
21408,21408,60.575053232489154,-36904.372868591054,359.0,-1,-1,-1.0
21409,21409,20774.15060861792,-11011.07821966326,395.0,-1,-1,-1.0
21410,21410,-15205.666904651753,-25825.305345453657,242.0,-1,-1,-1.0
21411,21411,36269.79940257543,35431.776833918644,335.0,-1,-1,-1.0
21412,21412,30989.69625585421,22060.39687926412,354.0,-1,-1,-1.0
21413,21413,932.2948287001856,-38927.75304850222,447.0,-1,1,-1.0
21414,21414,-13872.83936266794,8001.973327761407,302.0,-1,-1,-1.0
21415,21415,30012.56615544675,10720.809272723658,255.0,-1,-1,-1.0
21416,21416,-25437.307252750987,-4800.900096818943,257.0,-1,-1,-1.0
21417,21417,25739.71188283936,22620.1717246752,87.0,-1,-1,-1.0
21418,21418,21574.87865530575,-38086.13270413964,157.0,-1,-1,-1.0
21419,21419,-4553.502972302595,-9597.564873788204,7.0,-1,31,-1.0
21420,21420,-15722.173040320406,2118.296104913432,346.0,-1,-1,-1.0
21421,21421,38342.338156062295,-23988.329387673897,58.0,-1,-1,-1.0
21422,21422,-6333.387288458143,33982.30662767604,168.0,-1,-1,-1.0
21423,21423,-38771.77558334342,-24235.761082864745,384.0,-1,-1,-1.0
21424,21424,-19658.399451206227,-30474.845172662,491.0,-1,-1,-1.0
21425,21425,9674.57253709714,-22042.68717021063,364.0,-1,-1,-1.0
21426,21426,37005.07894531088,-3647.729481633636,131.0,-1,-1,-1.0
21427,21427,-30004.76645867863,22129.28940427061,444.0,-1,-1,-1.0
21428,21428,-31009.58123398092,-38748.881303844224,170.0,-1,-1,-1.0
21429,21429,31366.25554564793,-35539.702746259674,349.0,-1,-1,-1.0
21430,21430,-21660.731154070803,37753.21768027713,387.0,-1,-1,-1.0
21431,21431,20431.71819560908,28283.09666206398,29.0,-1,30,-1.0
21432,21432,12780.727538477491,16479.983905524146,23.0,-1,-1,-1.0
21433,21433,-21124.41688043549,-17381.65910895873,79.0,-1,42,-1.0
21434,21434,10825.218469287582,21686.44572428441,38.0,-1,-1,-1.0
21435,21435,-14888.832440109622,28437.278787810777,70.0,-1,48,-1.0
21436,21436,34150.3546820546,-8942.605479229238,425.0,-1,-1,-1.0
21437,21437,-15338.1676069254,12898.83411606888,407.0,-1,-1,-1.0
21438,21438,-39787.41886126174,-16844.712829091746,232.0,-1,-1,-1.0
21439,21439,23465.43076504062,27051.163195684217,45.0,-1,-1,-1.0
21440,21440,28427.923057428663,-32105.44028283468,129.0,-1,-1,-1.0
21441,21441,6757.8025080745065,-7320.47448110177,76.0,-1,-1,-1.0
21442,21442,-5246.741171266418,7783.74525707461,406.0,-1,-1,-1.0
21443,21443,7266.300096995925,23718.251453028373,296.0,-1,-1,-1.0
21444,21444,-7460.381468654075,-37894.49186697367,494.0,-1,-1,-1.0
21445,21445,26279.11571470968,35600.32066318889,21.0,-1,30,-1.0
21446,21446,2504.3082982307023,19435.368378504358,80.0,-1,-1,-1.0
21447,21447,32976.644765704,-7368.518864518806,214.0,-1,33,-1.0
21448,21448,-7044.303102909551,-34169.190072622754,322.0,-1,35,-1.0
21449,21449,2545.5189019076643,37089.62428108997,337.0,-1,48,57.0
21450,21450,34125.82978962643,-37312.04848674671,155.0,-1,-1,-1.0
21451,21451,4961.521989873494,687.4347027372423,236.0,-1,-1,-1.0
21452,21452,-6161.685951925843,-3675.0544100963016,207.0,-1,31,-1.0
21453,21453,-23817.321247203465,9915.158335720022,208.0,-1,-1,-1.0
21454,21454,3395.535242093647,24892.67952012505,288.0,-1,-1,-1.0
21455,21455,-20314.975609954472,-4121.403223006935,177.0,-1,-1,-1.0
21456,21456,-15491.86475545082,-25571.476957125036,462.0,-1,-1,-1.0
21457,21457,10434.63842393738,26366.85706781581,111.0,-1,-1,-1.0
21458,21458,-29987.135531142616,24805.670249827264,413.0,-1,-1,-1.0
21459,21459,-39307.14583041616,2631.256862416638,155.0,-1,-1,-1.0
21460,21460,20701.064915893505,-24951.80268039041,216.0,-1,-1,-1.0
21461,21461,28707.9610169324,30592.049690697862,141.0,-1,-1,-1.0
21462,21462,-30771.124462028387,1708.7730560728014,173.0,-1,29,-1.0
21463,21463,257.3300285784717,-4079.324485049962,139.0,-1,-1,-1.0
21464,21464,27757.89687896936,29765.75414117117,34.0,-1,-1,-1.0
21465,21465,-10485.57512494314,-25811.580079834133,406.0,-1,17,-1.0
21466,21466,-13789.24543307333,-34256.33750164646,143.0,-1,36,-1.0
21467,21467,5449.359007360254,38422.067011583626,79.0,-1,-1,-1.0
21468,21468,-9265.10247194794,-35039.753267839464,8.0,-1,35,-1.0
21469,21469,2521.710912643612,33181.52960719359,164.0,-1,48,-1.0
21470,21470,-18364.57590831332,-39517.49071830585,4.0,-1,-1,-1.0
21471,21471,8668.849617925225,-19122.122195154807,5.0,-1,-1,-1.0
21472,21472,33813.045164006704,22936.758269779377,372.0,-1,-1,-1.0
21473,21473,8845.399848750589,-34733.58266936053,426.0,-1,-1,-1.0
21474,21474,11515.796756340773,5042.879115498363,444.0,-1,2,-1.0
21475,21475,22578.608260472145,11329.197815413929,226.0,-1,16,-1.0
21476,21476,4771.503160361397,-6091.695576235237,297.0,-1,-1,-1.0
21477,21477,-3184.0786146708924,-38252.92316257158,177.0,-1,-1,-1.0
21478,21478,-25615.21384572402,17235.81797381302,38.0,-1,-1,-1.0
21479,21479,-4913.528837356702,2906.9143099663925,400.0,-1,27,-1.0
21480,21480,6814.351597963716,34976.81578307168,224.0,-1,-1,-1.0
21481,21481,23499.13865414157,5413.323521490784,476.0,-1,16,-1.0
21482,21482,35469.55010532797,12896.79566133418,111.0,-1,28,-1.0
21483,21483,-6829.981211472652,-8319.145545271935,179.0,-1,31,36.0
21484,21484,13083.4423682934,-17047.5072365433,348.0,-1,-1,-1.0
21485,21485,-19273.45690884585,-5809.183773188604,163.0,-1,-1,-1.0
21486,21486,14054.50800088713,2814.7185934182926,9.0,-1,2,-1.0
21487,21487,-28898.703375004152,18395.323934301763,248.0,-1,40,-1.0
21488,21488,-2930.359858678617,19527.103168679103,295.0,-1,46,-1.0
21489,21489,32322.458878873997,14248.45094490656,450.0,-1,-1,-1.0
21490,21490,36956.39315516452,-9590.721413743566,59.0,-1,-1,-1.0
21491,21491,-6585.393456347716,-38221.17840386764,320.0,-1,-1,-1.0
21492,21492,-35627.41154911336,11168.351961750595,111.0,-1,-1,-1.0
21493,21493,-5316.070867217721,-6360.377098965364,465.0,-1,-1,-1.0
21494,21494,27900.581965679827,17950.750190185805,20.0,-1,-1,-1.0
21495,21495,-28398.006457883715,-3895.462054919852,471.0,-1,41,47.0
21496,21496,35013.42320597774,-24295.7905751148,379.0,-1,-1,-1.0
21497,21497,-13362.16558884277,-29314.15741146904,360.0,-1,-1,-1.0
21498,21498,500.1382420962691,21321.5392607685,137.0,-1,46,-1.0
21499,21499,-9941.89083697912,33065.90950027222,310.0,-1,-1,-1.0
21500,21500,15827.966051952746,-8137.446237916687,489.0,-1,-1,-1.0
21501,21501,-36877.75294957409,-3178.395926711033,139.0,-1,-1,-1.0
21502,21502,-34540.22411410673,13185.113989123607,373.0,-1,24,-1.0
21503,21503,-24643.258529036106,8101.783976226332,322.0,-1,-1,-1.0
21504,21504,-23360.30787438107,19754.24563472932,136.0,-1,37,-1.0
21505,21505,-25369.8865171788,-9671.648502942397,330.0,-1,-1,-1.0
21506,21506,-28561.141800174293,-7455.841664660322,297.0,-1,-1,-1.0
21507,21507,12123.178936912796,-35777.918280310034,151.0,-1,4,-1.0
21508,21508,25265.450025921436,36257.6595411991,439.0,-1,-1,-1.0
21509,21509,34327.97026483294,7857.788996819982,75.0,-1,-1,-1.0
21510,21510,22210.987424354014,8086.82861562696,272.0,-1,-1,-1.0
21511,21511,-20576.95293840952,9007.878152854086,165.0,-1,-1,-1.0
21512,21512,-35079.53062115873,9916.230973336524,124.0,-1,24,-1.0
21513,21513,-31348.154628273664,20525.155386737904,140.0,-1,40,-1.0
21514,21514,11097.371936459662,-18764.6486576833,308.0,-1,-1,-1.0
21515,21515,10624.035588093631,-25961.554449284304,223.0,-1,-1,-1.0
21516,21516,15330.471578267068,24919.45809276873,259.0,-1,9,-1.0
21517,21517,-4006.24535862686,11921.865624844097,31.0,-1,-1,-1.0
21518,21518,-21464.34205353822,-16227.954396200534,236.0,-1,-1,-1.0
21519,21519,35206.27910745157,-36076.3646000343,460.0,-1,21,-1.0
21520,21520,38095.31681268026,-32364.339980455792,348.0,-1,-1,-1.0
21521,21521,-28145.492685159094,36519.39588926571,34.0,-1,-1,-1.0
21522,21522,524.356049694099,-38849.47680885858,145.0,-1,-1,-1.0
21523,21523,26717.910410540357,-31382.288388703742,151.0,-1,-1,-1.0
21524,21524,-14325.74765813344,596.735488277569,135.0,-1,-1,-1.0
21525,21525,30767.20398902893,13525.43739160453,227.0,-1,-1,-1.0
21526,21526,-17642.23973079517,20003.582825983976,313.0,-1,-1,-1.0
21527,21527,4338.280518561325,-17254.75545801591,142.0,-1,31,-1.0
21528,21528,5098.639588907186,-28327.94364795155,452.0,-1,-1,-1.0
21529,21529,-2206.439297298166,-14571.49161966642,437.0,-1,31,-1.0
21530,21530,2708.789249263282,18306.68839011794,235.0,-1,-1,-1.0
21531,21531,16298.522770636206,30358.506175036804,232.0,-1,-1,-1.0
21532,21532,30048.836141971973,15227.648423321429,279.0,-1,-1,-1.0
21533,21533,21249.05949662411,21555.182750664622,460.0,-1,-1,-1.0
21534,21534,7586.989269403028,8191.243115607569,136.0,-1,-1,-1.0
21535,21535,-14659.013966648872,6162.3996402615885,41.0,-1,-1,-1.0
21536,21536,-20184.184756789055,-9534.725678237166,381.0,-1,-1,-1.0
21537,21537,-12945.385159645884,5568.122617821195,459.0,-1,-1,-1.0
21538,21538,22708.9549797988,34474.90945353557,218.0,-1,-1,-1.0
21539,21539,-6846.914290890614,-23355.11768853024,485.0,-1,7,-1.0
21540,21540,-22212.622311001127,-16086.231441739506,179.0,-1,-1,-1.0
21541,21541,20694.7396163996,30507.509480217894,81.0,-1,30,-1.0
21542,21542,-39660.41834499799,23405.23127109714,99.0,-1,-1,-1.0
21543,21543,23898.114755649254,-29489.57335761105,149.0,-1,-1,-1.0
21544,21544,20774.25077899176,26467.34918126899,485.0,-1,-1,-1.0
21545,21545,28087.14470646736,-2023.9732914279664,308.0,-1,-1,-1.0
21546,21546,2239.966233949432,23970.04074178136,8.0,-1,-1,-1.0
21547,21547,-32039.44360542737,-10736.630821510273,210.0,-1,-1,-1.0
21548,21548,25258.596694153755,-8305.916802046482,420.0,-1,-1,-1.0
21549,21549,25913.49669156561,17998.86618057821,313.0,-1,-1,-1.0
21550,21550,-16275.30594397294,14847.424084202394,388.0,-1,-1,-1.0
21551,21551,38833.76747623658,21640.698343003045,395.0,-1,-1,-1.0
21552,21552,-20066.81230973694,34163.47891726962,45.0,-1,-1,-1.0
21553,21553,-23008.296823610737,4160.520926066121,182.0,-1,-1,-1.0
21554,21554,-28872.63990130074,1435.534961654295,423.0,-1,-1,-1.0
21555,21555,-29827.033833268528,-35790.38337293511,76.0,-1,-1,-1.0
21556,21556,-10806.072279609936,38757.61714337453,80.0,21,48,57.0
21557,21557,-10756.17504169191,38662.66088257814,81.0,21,48,57.0
21558,21558,-10682.729140325,38834.29484695119,81.0,21,48,57.0
21559,21559,-10739.654511628907,38807.58883463649,81.0,21,48,57.0
21560,21560,-10641.662130193728,38775.06842638936,82.0,21,48,57.0
21561,21561,-10630.245215005056,38744.300639926965,82.0,21,48,57.0
21562,21562,-10610.915185396136,38864.258085852525,83.0,21,48,57.0
21563,21563,-10593.535266746285,38860.98856954201,83.0,21,48,57.0
21564,21564,-10574.804906213498,38672.33873780735,83.0,21,48,57.0
21565,21565,-10500.639914234189,38858.062087462575,84.0,21,48,57.0
21566,21566,-10563.403212591253,38866.05453265344,85.0,21,48,57.0
21567,21567,-10419.103529951906,38912.198197229736,85.0,21,48,57.0
21568,21568,-10506.038172171482,38786.184684059175,86.0,21,48,57.0
21569,21569,-10419.43530173751,38757.254112284005,87.0,21,48,57.0
21570,21570,-10469.324363260492,38684.890265659225,87.0,21,48,57.0
21571,21571,-10419.616978850288,38786.01065347237,87.0,21,48,57.0
21572,21572,-10379.70284071852,38659.73387544221,90.0,21,48,57.0
21573,21573,-10336.931297156603,38551.35576053755,91.0,21,48,57.0
21574,21574,-10303.97908673704,38633.9966133894,91.0,21,48,57.0
21575,21575,-10291.364474224523,38506.00060899752,92.0,21,48,57.0
21576,21576,-10283.382670418572,38516.593636216494,92.0,21,48,57.0
21577,21577,-10204.397251443048,38482.85912194818,94.0,21,48,57.0
21578,21578,-10145.5575913214,38407.432387739966,96.0,21,48,57.0
21579,21579,-10044.171516439406,38387.26552380479,97.0,21,48,57.0
21580,21580,-10066.596636514343,38406.2498213954,97.0,21,48,57.0
21581,21581,-9968.54654608332,38323.7079611494,99.0,21,48,57.0
21582,21582,-9992.818021039246,38270.447474255474,99.0,21,48,57.0
21583,21583,-9971.917888877528,38217.49242224334,100.0,21,48,57.0
21584,21584,-10020.940826191048,38104.4094666928,102.0,21,48,57.0
21585,21585,-9942.025591052963,38086.74788225693,103.0,21,48,57.0
21586,21586,-10034.781584693048,38004.82072171266,103.0,21,48,57.0
21587,21587,-10010.155311825029,37954.42121622512,104.0,21,48,57.0
21588,21588,-10065.52069274505,37848.839867181545,105.0,21,48,57.0
21589,21589,-9970.29505104697,37851.37184276963,106.0,21,48,57.0
21590,21590,-9988.31153040323,37773.701217890775,106.0,21,48,57.0
21591,21591,-10013.423961171744,37720.26269511051,106.0,21,48,57.0
21592,21592,-9990.754263105036,37759.77188116986,106.0,21,48,57.0
21593,21593,-9871.833959468591,37751.87483428974,108.0,21,48,57.0
21594,21594,-9842.8740952084,37665.98548289583,111.0,21,48,57.0
21595,21595,-9790.951026272738,37575.564005815606,112.0,21,48,57.0
21596,21596,-9720.1564063134,37666.073454900456,112.0,21,48,57.0
21597,21597,-9661.647563035564,37567.90885447847,113.0,21,48,57.0
21598,21598,-9625.387905913713,37603.13525029806,113.0,21,48,57.0
21599,21599,-9587.84671775572,37520.76626043112,116.0,21,48,57.0
21600,21600,-9553.488278913226,37448.18365703749,117.0,21,48,57.0
21601,21601,-9492.138966031223,37346.50650331795,118.0,21,48,57.0
21602,21602,-9479.615557376595,37386.27836035163,118.0,21,48,57.0
21603,21603,-9437.43157362146,37515.42054112066,118.0,21,48,57.0
21604,21604,-9364.221274893542,37394.11161022684,119.0,21,48,57.0
21605,21605,-9340.057164731104,37306.78828459507,120.0,21,48,57.0
21606,21606,-9279.816297932704,37444.541115828266,120.0,21,48,57.0
21607,21607,-9293.404576708366,37327.94467606347,120.0,21,48,57.0
21608,21608,-9210.75650147049,37263.33709492022,121.0,21,48,57.0
21609,21609,-9218.716405377194,37367.430524231255,121.0,21,48,57.0
21610,21610,-9271.437482225416,37225.73300511793,122.0,21,48,57.0
21611,21611,-9161.87082935235,37285.046517348215,123.0,21,48,57.0
21612,21612,-9204.04104174194,37217.00219699947,123.0,21,48,57.0
21613,21613,-9199.256712178329,37165.59953122406,126.0,21,48,57.0
21614,21614,-9127.402585390964,37111.96232042714,129.0,21,48,57.0
21615,21615,-9086.116740760728,37144.4181776544,129.0,21,48,57.0
21616,21616,-9007.026413264872,37147.83118567708,130.0,21,48,57.0
21617,21617,-8895.626095752135,37108.04699815748,132.0,21,48,57.0
21618,21618,-8916.35410622666,37034.43901394622,133.0,21,48,57.0
21619,21619,-8791.052010592355,37061.8493838342,133.0,21,48,57.0
21620,21620,-8830.397174807402,36988.62325739423,134.0,21,48,57.0
21621,21621,-8757.199244108144,37070.46393260703,134.0,21,48,57.0
21622,21622,-8708.557151078308,36990.4757022953,135.0,21,48,57.0
21623,21623,-8763.318094207332,36921.036960683785,135.0,21,48,57.0
21624,21624,-8698.084136764832,36892.89077178853,136.0,21,48,57.0
21625,21625,-8614.752085794176,36891.34688063896,137.0,21,48,57.0
21626,21626,-8516.967621861157,36944.05853404424,138.0,21,48,57.0
21627,21627,-8530.534168330696,36798.281901186965,138.0,21,48,57.0
21628,21628,-8414.069390820332,36832.00697062104,139.0,21,48,57.0
21629,21629,-8321.911765872295,36736.3666117137,141.0,21,48,57.0
21630,21630,-8466.751881934091,36740.12141050222,141.0,21,48,57.0
21631,21631,-8461.329505150685,36788.32981206503,141.0,21,48,57.0
21632,21632,-8394.572428052517,36654.95533360852,142.0,21,48,57.0
21633,21633,-8343.647023904292,36778.94725847312,142.0,21,48,57.0
21634,21634,-8330.114200729955,36673.08726202604,142.0,21,48,57.0
21635,21635,-8378.927748986887,36621.86779369402,147.0,21,48,57.0
21636,21636,-8304.866824110193,36620.63460903548,148.0,21,48,57.0
21637,21637,-8270.32927021238,36559.68706167536,150.0,21,48,57.0
21638,21638,-8135.265295657672,36573.27818792126,151.0,21,48,57.0
21639,21639,-8182.696417081815,36484.683271145,151.0,21,48,57.0
21640,21640,-8083.339830343975,36403.04541367131,152.0,21,48,57.0
21641,21641,-8014.650004461029,36404.65067290788,153.0,21,48,57.0
21642,21642,-7943.65670095324,36298.937117151145,154.0,21,48,57.0
21643,21643,-7865.237970104787,36310.851020678696,156.0,21,48,57.0
21644,21644,-7758.504201809687,36354.56171073115,158.0,21,48,57.0
21645,21645,-7807.84408273906,36206.07257052263,158.0,21,48,57.0
21646,21646,-7724.169742966462,36380.132192429824,160.0,21,48,57.0
21647,21647,-7676.289947051973,36281.88048427348,161.0,21,48,57.0
21648,21648,-7597.667633239803,36221.687816732985,165.0,21,48,57.0
21649,21649,-7516.820291112632,36143.2413585421,166.0,21,48,57.0
21650,21650,-7502.216446722061,36165.19369684364,166.0,21,48,57.0
21651,21651,-7457.35211145488,36088.75591616669,167.0,21,48,57.0
21652,21652,-7348.154367730706,36068.75971697289,168.0,21,48,57.0
21653,21653,-7228.600536425826,36077.432392992894,169.0,21,48,57.0
21654,21654,-7282.783436876914,35971.50018144543,169.0,21,48,57.0
21655,21655,-7122.687891973612,36026.452216720594,170.0,21,48,57.0
21656,21656,-7031.8493626710615,35964.51560195832,171.0,21,48,57.0
21657,21657,-6903.715893066054,35925.008128458474,172.0,21,48,57.0
21658,21658,-6818.579685212885,35857.92225874828,173.0,21,48,57.0
21659,21659,-6843.589698478886,35974.07853815922,178.0,21,48,57.0
21660,21660,-6751.831712279719,35992.151191924495,179.0,21,48,57.0
21661,21661,-6725.662473409544,35921.85809102352,182.0,21,48,57.0
21662,21662,-6634.177242002125,35875.971004055544,183.0,21,48,57.0
21663,21663,-6633.239978223452,35982.911658014586,183.0,21,48,57.0
21664,21664,-6610.824665038972,35981.00436528669,183.0,21,48,57.0
21665,21665,-6706.255101360748,35842.58081886777,183.0,21,48,57.0
21666,21666,-6634.846736258932,35829.247937279426,184.0,21,48,57.0
21667,21667,-6586.832156667927,35834.58803974492,184.0,21,48,57.0
21668,21668,-6555.616199076354,35870.0777832935,184.0,21,48,57.0
21669,21669,-6502.8153553048205,35745.070469005004,185.0,21,48,57.0
21670,21670,-6629.884872702359,35752.73129289331,185.0,21,48,57.0
21671,21671,-6502.07191223567,35637.73012517531,186.0,21,48,57.0
21672,21672,-6481.880834663219,35558.75214922045,187.0,21,48,57.0
21673,21673,-6448.381844626241,35685.001875676724,187.0,21,48,57.0
21674,21674,-6522.077581330577,35561.16105671049,188.0,21,48,57.0
21675,21675,-6393.412099423931,35551.318915042575,188.0,21,48,57.0
21676,21676,-6410.5160050718205,35527.26649042732,189.0,21,48,57.0
21677,21677,-6403.322837075719,35552.687986253884,189.0,21,48,57.0
21678,21678,-6312.67069243171,35593.66322089469,191.0,21,48,57.0
21679,21679,-6215.006351323543,35619.94028564172,196.0,21,48,57.0
21680,21680,-6126.382738543187,35615.81970585512,197.0,21,48,57.0
21681,21681,-6005.83433762904,35596.256109690265,199.0,21,48,57.0
21682,21682,-5881.633266983258,35596.72323031493,201.0,21,48,57.0
21683,21683,-5892.170904556158,35539.40639416709,201.0,21,48,57.0
21684,21684,-5816.453185649382,35597.00352205641,202.0,21,48,57.0
21685,21685,-5804.412264010332,35521.2564554122,205.0,21,48,57.0
21686,21686,-5877.828047394488,35539.60596314559,205.0,21,48,57.0
21687,21687,-5765.949474615983,35591.76509514504,205.0,21,48,57.0
21688,21688,-5767.605306365388,35547.915373591575,206.0,21,48,57.0
21689,21689,-5733.808287204857,35701.943700601834,206.0,21,48,57.0
21690,21690,-5688.600387447774,35652.185100404975,206.0,21,48,57.0
21691,21691,-5761.6988866813135,35696.70491906121,206.0,21,48,57.0
21692,21692,-5683.831952505816,35782.618747211694,208.0,21,48,57.0
21693,21693,-5706.19282715892,35790.50612536598,208.0,21,48,57.0
21694,21694,-5639.934900825867,35757.05264492698,208.0,21,48,57.0
21695,21695,-5632.554212628838,35687.67028280035,208.0,21,48,57.0
21696,21696,-5674.931244626486,35543.54430565843,209.0,21,48,57.0
21697,21697,-5683.644577627234,35486.96141956669,209.0,21,48,57.0
21698,21698,-5716.580369544846,35465.50315047473,209.0,21,48,57.0
21699,21699,-5653.698702735312,35400.969546965105,210.0,21,48,57.0
21700,21700,-5618.358260922712,35678.09859596847,211.0,21,48,57.0
21701,21701,-5592.918277702087,35318.44693348206,212.0,21,48,57.0
21702,21702,-5556.22253887613,35418.95141232893,212.0,21,48,57.0
21703,21703,-5534.816888238735,35646.18548464296,212.0,21,48,57.0
21704,21704,-5564.1699302893685,35592.961472370094,212.0,21,48,57.0
21705,21705,-5568.07480371042,35767.74461950348,212.0,21,48,57.0
21706,21706,-5582.012449309823,35283.245973820514,213.0,21,48,57.0
21707,21707,-5571.379803834184,35266.30246618397,213.0,21,48,57.0
21708,21708,-5477.636882496758,35713.91952371275,213.0,21,48,57.0
21709,21709,-5522.045543609467,35241.431935020024,214.0,21,48,57.0
21710,21710,-5457.604677480301,35296.72115168711,214.0,21,48,57.0
21711,21711,-5414.057879113168,35243.62151201102,215.0,21,48,57.0
21712,21712,-5421.090907278162,35661.3133325077,215.0,21,48,57.0
21713,21713,-5450.663505976593,35605.18063957628,215.0,21,48,57.0
21714,21714,-5362.242263456052,35540.6445079276,216.0,21,48,57.0
21715,21715,-5334.116128111474,35663.19987776873,216.0,21,48,57.0
21716,21716,-5314.420331922828,35188.97374676418,218.0,21,48,57.0
21717,21717,-5200.321761328776,35202.600937567026,220.0,21,48,57.0
21718,21718,-5265.340592310154,35082.4876882118,220.0,21,48,57.0
21719,21719,-5271.059198986721,35622.141713024284,220.0,21,48,57.0
21720,21720,-5278.075845470119,35623.336069673285,220.0,21,48,57.0
21721,21721,-5279.849793859052,35695.622709043004,220.0,21,48,57.0
21722,21722,-5265.353123438773,35631.34177851775,220.0,21,48,57.0
21723,21723,-5199.1259570806205,35023.68851821502,221.0,21,48,57.0
21724,21724,-5205.771362267842,35609.46974627758,222.0,21,48,57.0
21725,21725,-5257.396850043553,35561.98782978295,222.0,21,48,57.0
21726,21726,-5087.236551029976,35027.44157370903,223.0,21,48,57.0
21727,21727,-5121.419846361062,34938.98572622438,223.0,21,48,57.0
21728,21728,-5168.30706306096,35662.132684815304,224.0,21,48,57.0
21729,21729,-5068.533223874376,35667.101987685746,225.0,21,48,57.0
21730,21730,-5098.755681046281,35741.596843962165,225.0,21,48,57.0
21731,21731,-4952.141608346203,35721.056970069505,226.0,21,48,57.0
21732,21732,-4873.773550153349,35706.70693280696,227.0,21,48,57.0
21733,21733,-4751.873032863209,35697.86251404159,228.0,21,48,57.0
21734,21734,-4774.364709011546,35798.99067692338,228.0,21,48,57.0
21735,21735,-5007.224240824527,34918.64123581732,229.0,21,48,57.0
21736,21736,-4643.849643002796,35791.36881795084,229.0,21,48,57.0
21737,21737,-4901.25125747897,34853.83416454033,230.0,21,48,57.0
21738,21738,-4556.063668609549,35848.85834360442,230.0,21,48,57.0
21739,21739,-4549.028436537171,35806.187326936815,230.0,21,48,57.0
21740,21740,-4578.019749211783,35764.31761120918,230.0,21,48,57.0
21741,21741,-4860.606097688256,34764.987716779666,231.0,21,48,57.0
21742,21742,-4486.7074977187285,35895.807306557865,231.0,21,48,57.0
21743,21743,-4771.478450812212,34803.33006545305,232.0,21,48,57.0
21744,21744,-4382.406111550688,35870.82168571506,232.0,21,48,57.0
21745,21745,-4848.720887353471,34794.05823668218,233.0,21,48,57.0
21746,21746,-4371.671485127759,35972.639051055725,233.0,21,48,57.0
21747,21747,-4809.053020656661,34710.88103235144,234.0,21,48,57.0
21748,21748,-4348.899746456368,35903.875897262245,234.0,21,48,57.0
21749,21749,-4308.557097245059,36043.10349281321,234.0,21,48,57.0
21750,21750,-4307.413953490246,35996.47409151175,234.0,21,48,57.0
21751,21751,-4274.693085168415,35980.21870351603,234.0,21,48,57.0
21752,21752,-4714.369490983991,34644.57191678706,235.0,21,48,57.0
21753,21753,-4700.795059494979,34590.801078029486,236.0,21,48,57.0
21754,21754,-4238.68658720858,36075.41130745372,236.0,21,48,57.0
21755,21755,-4644.680393647002,34532.23868828373,238.0,21,48,57.0
21756,21756,-4142.298467413027,36063.65585578092,238.0,21,48,57.0
21757,21757,-4052.729785909063,35992.345524580865,239.0,21,48,57.0
21758,21758,-3938.576596640019,35957.64684713501,240.0,21,48,57.0
21759,21759,-4567.996743804064,34469.5434431732,241.0,21,48,57.0
21760,21760,-3879.47662006411,36023.01241881491,241.0,21,48,57.0
21761,21761,-4596.265366566182,34366.56546469282,242.0,21,48,57.0
21762,21762,-4475.356026119552,34476.99608605788,242.0,21,48,57.0
21763,21763,-4500.706678510463,34414.30221871949,242.0,21,48,57.0
21764,21764,-4483.292863294556,34450.786266210955,242.0,21,48,57.0
21765,21765,-4494.521278104503,34421.74811317301,242.0,21,48,57.0
21766,21766,-3799.353323502879,35979.89075212625,242.0,21,48,57.0
21767,21767,-4433.319386425054,34380.603055834305,243.0,21,48,57.0
21768,21768,-4436.22209437294,34344.91293994662,243.0,21,48,57.0
21769,21769,-3704.215640278093,35904.49696637328,243.0,21,48,57.0
21770,21770,-4367.276862852374,34297.71113772629,245.0,21,48,57.0
21771,21771,-3595.7022876366027,35943.979293842,245.0,21,48,57.0
21772,21772,-4244.7193611839,34325.165545158714,246.0,21,48,57.0
21773,21773,-3514.605009598396,36012.53912313657,246.0,21,48,57.0
21774,21774,-4148.706535791057,34266.25991575481,247.0,21,48,57.0
21775,21775,-4192.695163776862,34260.28241136523,247.0,21,48,57.0
21776,21776,-3435.4279551438062,36010.88879808846,247.0,21,48,57.0
21777,21777,-3438.538158012591,35937.131499330964,248.0,21,48,57.0
21778,21778,-4042.6306386717774,34270.3277580881,249.0,21,48,57.0
21779,21779,-4138.814487449015,34155.43996289276,249.0,21,48,57.0
21780,21780,-3374.6724659742813,36027.76049072051,249.0,21,48,57.0
21781,21781,-4035.0108628022554,34245.510531885455,250.0,21,48,57.0
21782,21782,-3970.569727621121,34285.2248078787,251.0,21,48,57.0
21783,21783,-3304.888161345847,36018.47938971284,251.0,21,48,57.0
21784,21784,-3311.314092662036,35904.14109811219,252.0,21,48,57.0
21785,21785,-3998.144263598358,34179.77774414507,253.0,21,48,57.0
21786,21786,-3942.192965667441,34061.0806366049,254.0,21,48,57.0
21787,21787,-3250.7897784679403,36018.31208833688,254.0,21,48,57.0
21788,21788,-3211.6833521084864,35867.63091638756,254.0,21,48,57.0
21789,21789,-3835.479149988656,34087.55961427584,255.0,21,48,57.0
21790,21790,-3155.3569423335507,35906.44058366295,255.0,21,48,57.0
21791,21791,-3211.958297623272,36100.3823347866,256.0,21,48,57.0
21792,21792,-3830.604107654186,34220.23843330963,257.0,21,48,57.0
21793,21793,-3069.28972328217,35964.38301524099,257.0,21,48,57.0
21794,21794,-3207.6141447225677,36191.3366641266,257.0,21,48,57.0
21795,21795,-3286.202322760161,36268.85223284648,258.0,21,48,57.0
21796,21796,-3237.5970138819034,36249.91704034255,258.0,21,48,57.0
21797,21797,-3820.579792019461,34154.491414189106,259.0,21,48,57.0
21798,21798,-3826.584298395024,34102.66305706669,259.0,21,48,57.0
21799,21799,-2986.9502305054425,36051.20264437772,259.0,21,48,57.0
21800,21800,-3727.865693948404,34135.821130969525,260.0,21,48,57.0
21801,21801,-3778.21396640571,34051.16920579645,260.0,21,48,57.0
21802,21802,-2865.627564227813,36039.61481305322,260.0,21,48,57.0
21803,21803,-3290.636881961255,36371.57846862034,260.0,21,48,57.0
21804,21804,-3205.88445392492,36357.80425607133,260.0,21,48,57.0
21805,21805,-3352.2904066866795,36239.7847344533,260.0,21,48,57.0
21806,21806,-2825.398672072623,35946.30928273127,261.0,21,48,57.0
21807,21807,-3675.303722249614,34010.159206549135,262.0,21,48,57.0
21808,21808,-3314.081462595995,36428.9432324548,262.0,21,48,57.0
21809,21809,-3562.605838265898,34065.99893661187,263.0,21,48,57.0
21810,21810,-3599.462105676705,33931.371329890164,263.0,21,48,57.0
21811,21811,-2861.5931019104296,36033.30239073754,263.0,21,48,57.0
21812,21812,-3248.462674888694,36490.17981579406,263.0,21,48,57.0
21813,21813,-3334.2095091113342,36495.95265080043,263.0,21,48,57.0
21814,21814,-3542.980205760943,33926.886775446605,264.0,21,48,57.0
21815,21815,-2749.0192563489104,36031.24851109087,264.0,21,48,57.0
21816,21816,-3297.085444824814,36542.43443270416,264.0,21,48,57.0
21817,21817,-3316.1807836687094,36597.05366011383,264.0,21,48,57.0
21818,21818,-3320.687428461434,36583.95889745187,264.0,21,48,57.0
21819,21819,-3465.681197735015,33839.6072488551,265.0,21,48,57.0
21820,21820,-3455.958745442488,33952.0816106845,265.0,21,48,57.0
21821,21821,-3442.22448636188,33810.698319846015,266.0,21,48,57.0
21822,21822,-2680.4120158061137,35948.128036014976,266.0,21,48,57.0
21823,21823,-3320.516819114661,36668.61325068411,266.0,21,48,57.0
21824,21824,-3247.75214051567,36636.68689960886,266.0,21,48,57.0
21825,21825,-3358.6341859488,36644.87907587351,266.0,21,48,57.0
21826,21826,-3348.9950393369663,33750.42275645929,267.0,21,48,57.0
21827,21827,-3244.9400973022275,36723.37412173599,267.0,21,48,57.0
21828,21828,-3286.6528290609717,33655.66740324484,268.0,21,48,57.0
21829,21829,-3357.895008686082,33654.138461580675,268.0,21,48,57.0
21830,21830,-2609.6211430673984,35907.030725690245,268.0,21,48,57.0
21831,21831,-2607.904578487114,35991.70489897594,268.0,21,48,57.0
21832,21832,-3275.9824834759584,36799.141973811325,268.0,21,48,57.0
21833,21833,-3136.538393350304,36777.22652020196,268.0,21,48,57.0
21834,21834,-2488.9567890634607,35914.94433601772,269.0,21,48,57.0
21835,21835,-3117.0368196633744,36865.06754212442,269.0,21,48,57.0
21836,21836,-3188.3447091946496,36879.97847167072,269.0,21,48,57.0
21837,21837,-3143.244859176488,36867.49546507452,269.0,21,48,57.0
21838,21838,-3066.517844409944,36843.26403179609,271.0,21,48,57.0
21839,21839,-3033.084268206348,36868.23324675876,271.0,21,48,57.0
21840,21840,-2385.0130971942394,35841.840212535884,273.0,21,48,57.0
21841,21841,-2393.0797468203,35950.6655992131,273.0,21,48,57.0
21842,21842,-3266.3935495495543,33576.78225881299,274.0,21,48,57.0
21843,21843,-3197.3938385859465,33631.433226369525,275.0,21,48,57.0
21844,21844,-3074.588183240546,36947.99011900535,275.0,21,48,57.0
21845,21845,-2970.332501943647,36888.02536038424,275.0,21,48,57.0
21846,21846,-3174.5795601222694,33516.30335729851,276.0,21,48,57.0
21847,21847,-2285.286133443504,35923.74003299176,276.0,21,48,57.0
21848,21848,-3129.1104912185974,33429.79411698616,277.0,21,48,57.0
21849,21849,-3004.771124737771,36976.53348155587,277.0,21,48,57.0
21850,21850,-3032.604442351763,33384.611989875484,278.0,21,48,57.0
21851,21851,-3071.372679391757,33350.15569167351,278.0,21,48,57.0
21852,21852,-3044.410607595124,37037.33633557708,278.0,21,48,57.0
21853,21853,-2950.1687300287576,33335.32687503403,280.0,21,48,57.0
21854,21854,-3035.5345636149164,33283.8428170613,280.0,21,48,57.0
21855,21855,-2218.291971522446,35857.98995692112,280.0,21,48,57.0
21856,21856,-2226.7230232968773,35852.51832557314,280.0,21,48,57.0
21857,21857,-2952.6264953826403,37088.79427349567,280.0,21,48,57.0
21858,21858,-2996.104964415916,37137.63382426451,280.0,21,48,57.0
21859,21859,-2889.5792789564093,33289.45584866806,281.0,21,48,57.0
21860,21860,-2832.731477601869,33376.873034657496,282.0,21,48,57.0
21861,21861,-2128.537819491064,35886.69164584943,282.0,21,48,57.0
21862,21862,-2761.846497786284,33316.03815468171,283.0,21,48,57.0
21863,21863,-2722.430742754939,33325.08713414179,283.0,21,48,57.0
21864,21864,-3027.3462177753668,37170.22701083136,283.0,21,48,57.0
21865,21865,-2774.3999284547285,33222.048075429935,284.0,21,48,57.0
21866,21866,-2718.729452664457,33220.83800197874,284.0,21,48,57.0
21867,21867,-2075.427730081794,35919.658158251776,284.0,21,48,57.0
21868,21868,-2663.9218956289405,33165.23128485476,286.0,21,48,57.0
21869,21869,-2017.239110293121,36021.353580087365,286.0,21,48,57.0
21870,21870,-3074.384744070064,37261.47153578882,286.0,21,48,57.0
21871,21871,-2663.1983702704083,33076.635203410646,287.0,21,48,57.0
21872,21872,-2583.2040142747446,33047.03269121866,287.0,21,48,57.0
21873,21873,-2549.7430697724794,32946.74274626093,288.0,21,48,57.0
21874,21874,-2608.693139223009,32946.55039323046,288.0,21,48,57.0
21875,21875,-2521.8287743357105,33010.78465448851,288.0,21,48,57.0
21876,21876,-1928.5524367065952,36051.05923057638,288.0,21,48,57.0
21877,21877,-3046.387863812968,37327.25695458414,288.0,21,48,57.0
21878,21878,-2942.911963454622,37322.9886648998,289.0,21,48,57.0
21879,21879,-2938.972479512005,37361.1541781242,289.0,21,48,57.0
21880,21880,-2964.0090112700564,37390.38734938757,289.0,21,48,57.0
21881,21881,-1846.7588978315305,36114.51195223855,290.0,21,48,57.0
21882,21882,-2848.357464917967,37349.53468954572,290.0,21,48,57.0
21883,21883,-2532.492903215725,32912.61451991094,291.0,21,48,57.0
21884,21884,-2541.782123493145,32906.01687098342,291.0,21,48,57.0
21885,21885,-1742.1852772708476,36126.388364002254,292.0,21,48,57.0
21886,21886,-2750.302116905342,37457.0628266045,292.0,21,48,57.0
21887,21887,-2884.215516087841,37446.51165644266,292.0,21,48,57.0
21888,21888,-1746.0815239605386,36230.294707753375,293.0,21,48,57.0
21889,21889,-2766.909912629124,37527.57171567563,293.0,21,48,57.0
21890,21890,-2455.250986542403,32951.43305229074,294.0,21,48,57.0
21891,21891,-2498.478323284031,32822.349752844464,294.0,21,48,57.0
21892,21892,-2415.5554115465825,32842.02420894849,294.0,21,48,57.0
21893,21893,-1717.8448131059367,36298.86617447356,294.0,21,48,57.0
21894,21894,-2379.860073459436,32835.59089003976,295.0,21,48,57.0
21895,21895,-2441.239277068122,32769.66360681386,295.0,21,48,57.0
21896,21896,-1688.5242754630158,36408.708934391696,295.0,21,48,57.0
21897,21897,-1563.0370993326785,36308.5064861183,295.0,21,48,57.0
21898,21898,-1566.319303554949,36327.86985740021,296.0,21,48,57.0
21899,21899,-2343.633013325302,32838.992991460866,297.0,21,48,57.0
21900,21900,-2372.322923439928,32714.083387641596,297.0,21,48,57.0
21901,21901,-2312.9908949564606,32701.145291347075,297.0,21,48,57.0
21902,21902,-2357.5783334891344,32884.849081769906,297.0,21,48,57.0
21903,21903,-1474.241581261727,36375.75807126645,297.0,21,48,57.0
21904,21904,-1526.1369486180283,36251.97007740063,297.0,21,48,57.0
21905,21905,-2710.891381787381,37625.30271936253,297.0,21,48,57.0
21906,21906,-1485.549567217364,36424.83622024048,298.0,21,48,57.0
21907,21907,-1421.403990219722,36342.750518265406,299.0,21,48,57.0
21908,21908,-2694.598440873353,37704.37857931612,299.0,21,48,57.0
21909,21909,-2248.517466650827,32711.575181662472,300.0,21,48,57.0
21910,21910,-2333.0022847262003,32720.90344860061,300.0,21,48,57.0
21911,21911,-2255.360051479926,32624.46096539924,301.0,21,48,57.0
21912,21912,-2201.009319538548,32676.19909335089,301.0,21,48,57.0
21913,21913,-2202.9223239686626,32636.73084525492,301.0,21,48,57.0
21914,21914,-1406.349091399347,36427.67213985254,301.0,21,48,57.0
21915,21915,-2747.4735985315247,37820.00637172108,301.0,21,48,57.0
21916,21916,-2660.7637311381736,37787.99292612139,301.0,21,48,57.0
21917,21917,-2129.074511926676,32573.22569703481,302.0,21,48,57.0
21918,21918,-1422.1213007463834,36312.22564469779,302.0,21,48,57.0
21919,21919,-1333.8849275680222,36309.57340388164,303.0,21,48,57.0
21920,21920,-2632.865460793338,37866.95062140968,303.0,21,48,57.0
21921,21921,-1196.591496766656,36267.34426439536,304.0,21,48,57.0
21922,21922,-1314.207901221893,36247.58891237334,304.0,21,48,57.0
21923,21923,-1268.5355972323082,36262.51760999419,304.0,21,48,57.0
21924,21924,-1235.531149790404,36320.34378173266,304.0,21,48,57.0
21925,21925,-1242.9264471823471,36269.05360651743,304.0,21,48,57.0
21926,21926,-2557.783468541699,37926.7021697202,304.0,21,48,57.0
21927,21927,-2502.0180428979693,37874.06645287672,304.0,21,48,57.0
21928,21928,-2141.5750268287125,32462.848212243003,305.0,21,48,57.0
21929,21929,-2094.522003103848,32474.23509159286,305.0,21,48,57.0
21930,21930,-2568.0888249886734,37975.77014325226,305.0,21,48,57.0
21931,21931,-1113.1072627801868,36305.299090010456,306.0,21,48,57.0
21932,21932,-1161.9036226806306,36273.035243887,306.0,21,48,57.0
21933,21933,-1285.5393722543756,36375.12947033232,306.0,21,48,57.0
21934,21934,-2487.8201713583026,38030.01748708869,306.0,21,48,57.0
21935,21935,-2069.357920141126,32497.754169151773,307.0,21,48,57.0
21936,21936,-1089.5172468055766,36277.63837881223,307.0,21,48,57.0
21937,21937,-2451.5179062479347,38116.91741081372,307.0,21,48,57.0
21938,21938,-2572.007350032483,38072.5016239538,307.0,21,48,57.0
21939,21939,-2007.68554813749,32419.27791796562,308.0,21,48,57.0
21940,21940,-1036.5629500717778,36348.34093163897,308.0,21,48,57.0
21941,21941,-1066.337191079071,36204.32426882953,308.0,21,48,57.0
21942,21942,-1987.2024958360516,32302.268884503497,309.0,21,48,57.0
21943,21943,-1890.790416659789,32454.674251210352,309.0,21,48,57.0
21944,21944,-2044.2387485462607,32361.355082980448,309.0,21,48,57.0
21945,21945,-981.9903407432226,36244.86498114685,309.0,21,48,57.0
21946,21946,-1960.4046031965013,32295.46785267041,310.0,21,48,57.0
21947,21947,-1858.53974006906,32359.41944278901,310.0,21,48,57.0
21948,21948,-2056.3101537843286,32266.918870354508,310.0,21,48,57.0
21949,21949,-855.2296032979249,36241.029484687206,310.0,21,48,57.0
21950,21950,-978.1269351171788,36349.823004081634,310.0,21,48,57.0
21951,21951,-964.885334245968,36332.3511861483,310.0,21,48,57.0
21952,21952,-2585.4407932740423,38126.6776808696,310.0,21,48,57.0
21953,21953,-1965.6328221013684,32230.052102156747,312.0,21,48,57.0
21954,21954,-1860.625784968892,32251.51659308619,312.0,21,48,57.0
21955,21955,-863.9228248833493,36389.34475521249,312.0,21,48,57.0
21956,21956,-776.4824710403897,36407.87418777782,313.0,21,48,57.0
21957,21957,-804.3815156913148,36478.96817823574,313.0,21,48,57.0
21958,21958,-2547.366425287962,38238.01968058123,313.0,21,48,57.0
21959,21959,-2521.5683269861693,38190.49330482233,313.0,21,48,57.0
21960,21960,-2545.812284226152,38199.19808177627,313.0,21,48,57.0
21961,21961,-1811.4994618186552,32195.254456307623,314.0,21,48,57.0
21962,21962,-1973.556095143038,32142.35506305083,314.0,21,48,57.0
21963,21963,-709.2166632866152,36524.041033056616,314.0,21,48,57.0
21964,21964,-689.1783165094574,36345.97613982254,314.0,21,48,57.0
21965,21965,-604.7044401473942,36406.75955642092,315.0,21,48,57.0
21966,21966,-624.3011831403373,36518.20321609328,315.0,21,48,57.0
21967,21967,-2604.8232771952817,38287.47668018912,315.0,21,48,57.0
21968,21968,-533.4270819324056,36501.69597545507,316.0,21,48,57.0
21969,21969,-502.2596843221859,36421.90904247628,316.0,21,48,57.0
21970,21970,-508.513780446098,36520.36399799885,316.0,21,48,57.0
21971,21971,-1801.4518469263655,32161.767987341413,317.0,21,48,57.0
21972,21972,-398.533646742329,36459.726092516845,317.0,21,48,57.0
21973,21973,-2539.7591086112243,38406.30547588101,317.0,21,48,57.0
21974,21974,-1690.270031350302,32138.657475547065,318.0,21,48,57.0
21975,21975,-1708.5996013749225,32126.394092670493,318.0,21,48,57.0
21976,21976,-296.1619134205016,36493.046005828925,318.0,21,48,57.0
21977,21977,-280.48585029106675,36543.619783218805,318.0,21,48,57.0
21978,21978,-2446.35549265652,38461.62316158762,318.0,21,48,57.0
21979,21979,-2531.834676016574,38523.960490444886,318.0,21,48,57.0
21980,21980,-1648.0210049413,32081.15978593973,319.0,21,48,57.0
21981,21981,-1646.458704014011,32043.90978315227,319.0,21,48,57.0
21982,21982,-2428.18027725397,38557.64165369111,319.0,21,48,57.0
21983,21983,-1540.3279605518906,32074.935679435846,320.0,21,48,57.0
21984,21984,-197.33507975982025,36635.22337943821,320.0,21,48,57.0
21985,21985,-2376.861584932976,38614.29797359664,320.0,21,48,57.0
21986,21986,-1442.3073972493455,32056.36641902674,322.0,21,48,57.0
21987,21987,-107.584169356155,36548.40443215904,322.0,21,48,57.0
21988,21988,-2325.58025048796,38689.20079573032,322.0,21,48,57.0
21989,21989,-2255.7057419181992,38615.58759449221,322.0,21,48,57.0
21990,21990,-2281.143244896647,38635.03449970023,322.0,21,48,57.0
21991,21991,-1440.6854012330336,31951.65367988574,323.0,21,48,57.0
21992,21992,-1568.7659278484532,31960.15788800801,323.0,21,48,57.0
21993,21993,-1347.664309839689,31999.32611403563,323.0,21,48,57.0
21994,21994,-1.0109193630596138,36554.13726231434,323.0,21,48,57.0
21995,21995,8.961134018813155,36574.21429132823,323.0,21,48,57.0
21996,21996,-2205.697669885893,38672.32253963259,323.0,21,48,57.0
21997,21997,-2198.3537803759173,38661.65173332407,323.0,21,48,57.0
21998,21998,-2226.143701072026,38695.99109767864,323.0,21,48,57.0
21999,21999,-1395.8716457926444,31903.82671431165,324.0,21,48,57.0
22000,22000,95.47624853493964,36651.620640566885,324.0,21,48,57.0
22001,22001,-2079.8714338640207,38652.09867528354,324.0,21,48,57.0
22002,22002,-2129.2259802992485,38653.19798391917,324.0,21,48,57.0
22003,22003,-2132.228204350918,38761.93805855691,324.0,21,48,57.0
22004,22004,-2164.328842134233,38781.87725172196,324.0,21,48,57.0
22005,22005,-2172.064202240356,38779.76951407683,324.0,21,48,57.0
22006,22006,-1386.7446867056044,31831.47949812364,325.0,21,48,57.0
22007,22007,149.84363314951582,36782.83774257401,325.0,21,48,57.0
22008,22008,188.73492849279648,36645.32537165484,325.0,21,48,57.0
22009,22009,202.74066722165173,36715.1478715325,325.0,21,48,57.0
22010,22010,-2084.8208171017063,38840.69575172489,326.0,21,48,57.0
22011,22011,-1303.930115307394,31848.71934551533,327.0,21,48,57.0
22012,22012,243.21738873528696,36690.78872417518,327.0,21,48,57.0
22013,22013,299.3709295761455,36756.23152232251,327.0,21,48,57.0
22014,22014,-2150.0779052080225,38921.94529157114,327.0,21,48,57.0
22015,22015,-2168.9183312399387,38858.2267404155,327.0,21,48,57.0
22016,22016,-1327.2299828907107,31762.711218873883,328.0,21,48,57.0
22017,22017,-2101.0767922609184,38918.43168673816,328.0,21,48,57.0
22018,22018,354.4659235865535,36740.28995942621,329.0,21,48,57.0
22019,22019,-1355.6081912780603,31677.971739773984,330.0,21,48,57.0
22020,22020,-1263.8687626385215,31736.94741781285,330.0,21,48,57.0
22021,22021,452.3325823272575,36728.87209868176,330.0,21,48,57.0
22022,22022,545.7687019854825,36755.52666699188,331.0,21,48,57.0
22023,22023,-2108.3347544782864,39000.25376602471,331.0,21,48,57.0
22024,22024,-2150.5722535429986,39015.86904025832,331.0,21,48,57.0
22025,22025,-1355.037578361801,31663.538984108487,332.0,21,48,57.0
22026,22026,-1195.5428404207833,31680.1151528708,332.0,21,48,57.0
22027,22027,656.0241344686563,36809.85549062249,333.0,21,48,57.0
22028,22028,580.221394001098,36850.50334637478,333.0,21,48,57.0
22029,22029,-2074.8267260591506,39080.39917014121,333.0,21,48,57.0
22030,22030,-1161.5099231628103,31592.95233324765,334.0,21,48,57.0
22031,22031,721.698069239166,36894.60884580741,334.0,21,48,57.0
22032,22032,709.3616992654922,36778.39180863785,334.0,21,48,57.0
22033,22033,720.2912027272777,36800.141771022885,334.0,21,48,57.0
22034,22034,-2140.47910850922,39149.92652459837,334.0,21,48,57.0
22035,22035,-2092.5560195939565,39203.90472491732,335.0,21,48,57.0
22036,22036,-2063.7768737172514,39177.98798699524,335.0,21,48,57.0
22037,22037,771.7654426577038,36920.76051839559,336.0,21,48,57.0
22038,22038,-2078.515420446578,39274.20170782089,336.0,21,48,57.0
22039,22039,-1093.8084961342922,31533.582375442813,337.0,21,48,57.0
22040,22040,-1968.4195010744197,39287.061630138254,337.0,21,48,57.0
22041,22041,-1027.4614657188888,31441.441419689538,338.0,21,48,57.0
22042,22042,-1022.609828557316,31557.78340897782,338.0,21,48,57.0
22043,22043,835.3562206785683,36836.02482416741,338.0,21,48,57.0
22044,22044,813.2243877649846,36840.186941313936,338.0,21,48,57.0
22045,22045,-1898.345905946556,39225.53175219957,338.0,21,48,57.0
22046,22046,-2038.342866191066,39331.9442971451,338.0,21,48,57.0
22047,22047,-1904.487740836616,39348.09018771801,338.0,21,48,57.0
22048,22048,-977.7428604942862,31460.36871862593,339.0,21,48,57.0
22049,22049,-1001.7663035959782,31405.405224427355,339.0,21,48,57.0
22050,22050,-922.9511884004396,31431.55859556509,339.0,21,48,57.0
22051,22051,930.846627485176,36823.72931021749,339.0,21,48,57.0
22052,22052,858.1617659820407,36736.13280003111,339.0,21,48,57.0
22053,22053,-1938.1625602546176,39387.95873767214,339.0,21,48,57.0
22054,22054,-980.3362014140656,31340.07771927555,340.0,21,48,57.0
22055,22055,990.4218695405611,36846.038120111,340.0,21,48,57.0
22056,22056,995.295543907096,36665.42012420648,340.0,21,48,57.0
22057,22057,-1958.894572482523,39475.76712119192,340.0,21,48,57.0
22058,22058,-1844.380011721028,39462.30461631106,341.0,21,48,57.0
22059,22059,-874.5664149547898,31344.045284033986,342.0,21,48,57.0
22060,22060,1010.92286397468,36870.1069945677,342.0,21,48,57.0
22061,22061,981.6183468639964,36643.55227829586,342.0,21,48,57.0
22062,22062,-1794.5516693233455,39531.0902629504,342.0,21,48,57.0
22063,22063,-1791.194199050034,39526.75201130993,342.0,21,48,57.0
22064,22064,-1908.040038401827,39531.516820895406,342.0,21,48,57.0
22065,22065,1059.5983727792452,36800.72036728956,344.0,21,48,57.0
22066,22066,-1840.3598293520315,39609.98207834776,344.0,21,48,57.0
22067,22067,-1734.7434089351989,39537.36535626417,344.0,21,48,57.0
22068,22068,-1878.8090246359643,39648.71794583774,344.0,21,48,57.0
22069,22069,1063.0204535713472,36908.03464241545,345.0,21,48,57.0
22070,22070,-1785.846853270304,39642.94539274146,345.0,21,48,57.0
22071,22071,-844.5531958003361,31241.214526448173,346.0,21,48,57.0
22072,22072,-1666.9143889914778,39710.36258158519,346.0,21,48,57.0
22073,22073,-1741.2794176588898,39751.66285064852,346.0,21,48,57.0
22074,22074,-1794.240462505416,39758.77618963821,346.0,21,48,57.0
22075,22075,-720.5553232365207,31216.134384727364,347.0,21,48,57.0
22076,22076,-727.4125709425409,31199.867064822018,347.0,21,48,57.0
22077,22077,-790.3413058737882,31201.063696867,347.0,21,48,57.0
22078,22078,1143.2448782583056,36950.94180677848,347.0,21,48,57.0
22079,22079,1159.0172109688078,36964.208999659866,347.0,21,48,57.0
22080,22080,1094.5796835237452,36823.75530572383,347.0,21,48,57.0
22081,22081,-760.893503437407,31132.232345210286,348.0,21,48,57.0
22082,22082,-742.8988326451445,31006.557358486367,349.0,21,48,57.0
22083,22083,1227.6518864304928,36965.647712220496,349.0,21,48,57.0
22084,22084,1112.547158809736,37007.62583331654,349.0,21,48,57.0
22085,22085,-1690.6971626150278,39841.01189621333,349.0,21,48,57.0
22086,22086,-1732.4738365126027,39801.3645902346,349.0,21,48,57.0
22087,22087,-702.0093814480936,30921.566369071654,350.0,21,48,57.0
22088,22088,-1672.499233377454,39897.88771301612,350.0,21,-1,-1.0
22089,22089,-1688.8036273843882,39973.77237710378,351.0,21,-1,-1.0
22090,22090,-1613.3230168480077,39953.347197411495,351.0,21,-1,-1.0
22091,22091,1252.4143977499102,37000.416649913255,352.0,21,48,57.0
22092,22092,1260.8993292612372,36916.84341339475,352.0,21,48,57.0
22093,22094,1310.7787821396682,37015.63113050955,353.0,21,48,57.0
22094,22095,1328.4455889457852,36995.57503304263,353.0,21,48,57.0
22095,22097,-540.9135528335012,30950.805691454945,354.0,21,48,57.0
22096,22098,-681.9273810091065,30840.97929136916,354.0,21,48,57.0
22097,22099,-539.9238504167995,30852.637661624904,355.0,21,48,57.0
22098,22100,-541.1649177762971,30808.2456217258,355.0,21,48,57.0
22099,22101,-594.037219021096,30792.557064989447,355.0,21,48,57.0
22100,22102,1423.055714731359,36963.86851544571,355.0,21,48,57.0
22101,22103,1500.626081822742,36919.57562576236,356.0,21,48,57.0
22102,22104,1558.7972429428096,36978.14000903045,356.0,21,48,57.0
22103,22105,-493.965306207716,30765.50502085008,357.0,21,48,57.0
22104,22106,-475.33189336753713,30737.055621116557,357.0,21,48,57.0
22105,22107,1609.735631587046,36880.55085928844,357.0,21,48,57.0
22106,22111,-424.5828308804167,30693.57979404673,359.0,21,48,57.0
22107,22112,1688.9757582421298,36913.6717945649,359.0,21,48,57.0
22108,22114,1825.9229286488844,36924.63277535336,360.0,21,48,57.0
22109,22115,1781.3036124150508,36874.57945887695,360.0,21,48,57.0
22110,22118,-449.69313712989305,30641.77262402443,363.0,21,48,57.0
22111,22119,1912.0871161089897,36872.63635742117,363.0,21,48,57.0
22112,22124,2018.5546074104325,36860.1232315788,366.0,21,48,57.0
22113,22126,-334.38426414870565,30603.67320043976,367.0,21,48,57.0
22114,22127,-383.0140021302418,30581.729054981315,367.0,21,48,57.0
22115,22129,-339.1794284669366,30499.782460566363,368.0,21,48,57.0
22116,22130,2084.1768411995417,36867.31194971379,368.0,21,48,57.0
22117,22131,2158.502214811895,36758.784281286295,369.0,21,48,57.0
22118,22133,-418.9793275583492,30449.19680384372,370.0,21,48,57.0
22119,22134,2195.282515229193,36735.69858603573,370.0,21,48,57.0
22120,22137,-308.1710363694001,30456.254771579617,371.0,21,48,57.0
22121,22138,-214.5976810773576,30380.09632601219,372.0,21,48,57.0
22122,22139,-215.8868226378617,30418.35935353821,372.0,21,48,57.0
22123,22142,2197.701614243512,36632.84040132076,373.0,21,48,57.0
22124,22148,-194.5193131558863,30326.14649477932,375.0,21,48,57.0
22125,22149,2227.255334849218,36723.58826398875,375.0,21,48,57.0
22126,22150,2249.6492378740763,36550.24796742136,375.0,21,48,57.0
22127,22151,-103.76075623748112,30289.08958238563,376.0,21,48,57.0
22128,22153,-28.00040595727872,30241.70202009743,377.0,21,48,57.0
22129,22154,2308.4772507510115,36616.98940461472,377.0,21,48,57.0
22130,22157,2409.1841917554098,36595.61328249483,379.0,21,48,57.0
22131,22159,2483.281897731565,36638.34975624461,380.0,21,48,57.0
22132,22160,2583.6316259751925,36622.46601836736,381.0,21,48,57.0
22133,22161,-4.3093659645474,30127.68997854481,382.0,21,48,57.0
22134,22162,69.20604010708105,30235.472142591592,382.0,21,48,57.0
22135,22167,85.62662854381898,30062.154648561387,383.0,21,48,57.0
22136,22168,98.88480657472698,30108.299827016133,383.0,21,48,57.0
22137,22169,2630.885850736749,36551.75731714312,383.0,21,48,57.0
22138,22170,159.79832721595528,30046.84205414361,384.0,21,48,57.0
22139,22171,2677.614054202921,36504.19826681271,385.0,21,48,57.0
22140,22172,2718.96228183083,36578.93678143182,385.0,21,48,57.0
22141,22175,245.24152943176105,30010.576274413244,386.0,21,48,57.0
22142,22178,347.4014992378201,29963.54057605791,387.0,21,48,57.0
22143,22183,421.6484962183889,29884.76130003365,390.0,21,48,57.0
22144,22184,530.0752482611256,29855.85788851796,391.0,21,48,57.0
22145,22185,2756.780423691562,36519.59813964269,391.0,21,48,57.0
22146,22189,2861.973577548561,36537.28415783047,392.0,21,48,57.0
22147,22190,2804.065019721003,36427.551295417485,392.0,21,48,57.0
22148,22191,2779.8667542457706,36456.3007837292,392.0,21,48,57.0
22149,22194,571.890883122576,29755.600182058635,394.0,21,48,57.0
22150,22195,596.8333388958097,29779.496761321498,394.0,21,-1,-1.0
22151,22196,598.4843993152178,29786.537109759844,394.0,21,-1,-1.0
22152,22197,2930.1163584732267,36503.26722678876,394.0,21,48,57.0
22153,22198,2886.468444821514,36565.63278147646,395.0,21,48,57.0
22154,22200,2989.980348016621,36617.70121358506,396.0,21,48,57.0
22155,22202,699.6099523639591,29710.72446333592,397.0,21,-1,-1.0
22156,22207,3091.214053347592,36643.62964873393,399.0,21,48,57.0
22157,22208,766.0432993183397,29678.85536523696,400.0,21,-1,-1.0
22158,22209,745.4301748402137,29646.840556053547,400.0,21,-1,-1.0
22159,22211,19464.118796890358,28797.952613974383,413.0,-1,30,-1.0
22160,22212,14271.85284661447,-31115.493822799952,82.0,-1,-1,-1.0
22161,22213,-3308.8445194235464,-33790.11724790251,277.0,-1,35,-1.0
22162,22214,-3047.7822280777764,26665.93211152336,72.0,-1,48,-1.0
22163,22215,-11947.273276751284,-18527.36943209257,145.0,-1,31,-1.0
22164,22216,-23186.42311819831,39246.61317115801,193.0,-1,-1,-1.0
22165,22217,-9512.63522849626,-9975.049840252485,456.0,-1,31,-1.0
22166,22218,-29385.99494635601,6966.5973967093305,497.0,-1,-1,-1.0
22167,22219,33362.05903526598,7957.082535652873,166.0,-1,28,-1.0
22168,22220,-22560.00338612723,-5789.639387826828,466.0,-1,-1,-1.0
22169,22221,20121.213560885983,-21267.74427617707,222.0,-1,-1,-1.0
22170,22222,13888.807043160785,-4347.421978671278,414.0,-1,-1,-1.0
22171,22223,-19663.338217794822,-7057.07146799731,61.0,-1,-1,-1.0
22172,22224,35088.266036738016,-18284.77128692552,353.0,-1,-1,-1.0
22173,22225,2021.2908610329175,-11401.491413639134,82.0,-1,31,-1.0
22174,22226,-39838.434118476565,11104.988009334338,301.0,-1,-1,-1.0
22175,22227,26637.88758244445,-11322.988130306025,405.0,-1,45,-1.0
22176,22228,-23345.33847697432,11781.08237888816,48.0,-1,-1,-1.0
22177,22229,21694.317759022888,37287.24557451844,331.0,-1,30,-1.0
22178,22230,-1911.7739680192967,13145.565799857206,393.0,-1,-1,-1.0
22179,22231,-18808.59664051381,-12286.894273558362,248.0,-1,-1,-1.0
22180,22232,-13946.917623738476,37768.697511572565,118.0,-1,-1,-1.0
22181,22233,-5173.310308598673,-25649.880341612166,259.0,-1,25,-1.0
22182,22234,8252.730541758603,39648.654031944185,195.0,-1,-1,-1.0
22183,22235,-20157.54117472226,-35318.970453004025,450.0,-1,-1,-1.0
22184,22236,4643.041950362036,-11449.173020269212,334.0,-1,31,-1.0
22185,22237,35790.508672022974,-32970.729211735605,275.0,-1,-1,-1.0
22186,22238,-16055.739630306947,-13179.21005975749,365.0,-1,-1,-1.0
22187,22239,-6466.352667059982,-3917.207950089301,53.0,-1,-1,-1.0
22188,22240,-3394.2047345147075,-29034.6096415072,371.0,-1,-1,-1.0
22189,22241,1473.37988538028,32936.91676313529,100.0,-1,-1,-1.0
22190,22242,8014.553688652501,19852.09553790669,184.0,-1,-1,-1.0
22191,22243,-32811.22709208959,-39153.925551718494,331.0,-1,-1,-1.0
22192,22244,11023.801514227453,14568.658826726423,191.0,-1,-1,-1.0
22193,22245,25083.486428447308,30952.298586610224,403.0,-1,-1,-1.0
22194,22246,-28473.154322591487,32323.99036040777,114.0,-1,-1,-1.0
22195,22247,-13086.215865675622,-18482.80228053967,303.0,-1,-1,-1.0
22196,22248,-1616.489188702646,32600.288127632128,193.0,-1,48,-1.0
22197,22249,30619.033584309054,3065.274293763665,204.0,-1,-1,-1.0
22198,22250,36046.574183747085,-36682.42736549288,19.0,-1,21,-1.0
22199,22251,-31397.90050044985,-25517.471871576225,161.0,-1,-1,-1.0
22200,22252,4011.725637237505,-21839.67036477611,186.0,-1,31,-1.0
22201,22253,-26390.817878076123,17784.551861726482,162.0,-1,-1,-1.0
22202,22254,14950.289742850417,13409.916004092593,10.0,-1,-1,-1.0
22203,22255,20619.09566386771,-36096.019699354976,351.0,-1,-1,-1.0
22204,22256,21617.31087447695,11621.775229111176,314.0,-1,16,-1.0
22205,22257,-36426.57383255268,16654.850667821505,184.0,-1,-1,-1.0
22206,22258,-12384.270740868084,-23349.11484919478,125.0,-1,-1,-1.0
22207,22259,-24432.70579207948,-5199.297855958757,464.0,-1,-1,-1.0
22208,22260,-17809.398932392534,18715.67318827325,49.0,-1,-1,-1.0
22209,22261,38341.62399595231,23189.29985799461,419.0,-1,-1,-1.0
22210,22262,-13022.276980615829,9212.447090773298,479.0,-1,-1,-1.0
22211,22263,-3984.6413805855263,-14918.501359833564,214.0,-1,31,-1.0
22212,22264,661.3686799400457,29575.85202441376,141.0,-1,-1,-1.0
22213,22265,33036.384572218725,-6435.796547017082,25.0,-1,-1,-1.0
22214,22266,-39516.25163651897,4697.017958870885,73.0,-1,-1,-1.0
22215,22267,22839.53172081324,11223.203361947271,197.0,-1,16,-1.0
22216,22268,-23712.90382822126,14057.465402251364,133.0,-1,-1,-1.0
22217,22269,-5958.67830099546,3738.050895660716,110.0,-1,-1,-1.0
22218,22270,-10451.443763258949,17387.304460440988,250.0,-1,-1,-1.0
22219,22271,-12229.912081811526,-37077.89565972439,16.0,-1,36,-1.0
22220,22272,-5678.878590865046,17696.601812717417,272.0,-1,-1,-1.0
22221,22273,-18296.934089844515,-18036.167439705318,172.0,-1,-1,-1.0
22222,22274,-17700.16714604923,12080.36547732573,485.0,-1,-1,-1.0
22223,22275,19300.76980515021,17588.823478737882,100.0,-1,-1,-1.0
22224,22276,11600.162341741692,23764.764704839035,147.0,-1,-1,-1.0
22225,22277,13907.272611174289,28082.869061500664,421.0,-1,-1,-1.0
22226,22278,-1009.5997365909134,6094.732035237343,271.0,-1,27,-1.0
22227,22279,13137.260466383275,-25567.526253602067,99.0,-1,-1,-1.0
22228,22280,13512.874450436968,-3289.789634431356,272.0,-1,-1,-1.0
22229,22281,-32899.94780281157,-23087.51706170086,207.0,-1,39,-1.0
22230,22282,30319.31753496258,-12359.264603394706,181.0,-1,-1,-1.0
22231,22283,-5806.945867406561,33277.31194071364,302.0,-1,-1,-1.0
22232,22284,-7928.216722783975,5915.5582239297655,137.0,-1,27,-1.0
22233,22285,33351.850578506215,30273.07156650172,228.0,-1,10,-1.0
22234,22286,-10341.815386981289,-32360.475628178145,77.0,-1,-1,-1.0
22235,22287,-25880.58700537344,-38175.20209720693,2.0,-1,-1,-1.0
22236,22288,36336.28695508908,-308.40722630582604,95.0,-1,-1,-1.0
22237,22289,-37317.34777770822,18621.83724746752,299.0,-1,-1,-1.0
22238,22290,-25210.34078017011,-15922.733286680896,432.0,-1,-1,-1.0
22239,22291,24314.082250719563,8587.595170131266,217.0,-1,15,-1.0
22240,22292,-17598.57595593876,34128.88460514834,81.0,-1,-1,-1.0
22241,22293,-33624.14728042946,-15988.314483380507,165.0,-1,-1,-1.0
22242,22294,-38925.68550192568,-22045.15927702242,35.0,-1,-1,-1.0
22243,22295,-33972.5692300808,35196.859453493395,83.0,-1,-1,-1.0
22244,22296,26190.92344769623,38382.978909163634,247.0,-1,30,-1.0
22245,22297,-37552.45568749171,12378.58799063036,464.0,-1,-1,-1.0
22246,22298,-33664.583751703336,-1377.9060840603852,236.0,-1,-1,-1.0
22247,22299,27178.15223663865,11423.967909124578,373.0,-1,15,-1.0
22248,22300,17379.090183880042,5579.654089102834,261.0,-1,-1,-1.0
22249,22301,-3358.600927437248,35743.4906007298,439.0,-1,48,-1.0
22250,22302,-6614.8373170674895,15327.8367670999,467.0,-1,-1,-1.0
22251,22303,-33752.15612352779,-36459.24249760926,481.0,-1,19,-1.0
22252,22304,-15105.02609164625,32194.039410736677,137.0,-1,-1,-1.0
22253,22305,16523.047776167463,16099.51891935936,26.0,-1,-1,-1.0
22254,22306,3254.05343175264,-39400.19672832747,366.0,-1,-1,-1.0
22255,22307,12921.83536787922,30516.19124570412,278.0,-1,-1,-1.0
22256,22308,-30815.52873492593,-6636.423058647524,5.0,-1,41,47.0
22257,22309,29797.20340136404,31116.960689678177,153.0,-1,-1,-1.0
22258,22310,-22067.2093620148,-19863.52031514393,419.0,-1,-1,-1.0
22259,22311,-140.24062897071417,8643.654550010426,115.0,-1,27,-1.0
22260,22312,-35036.88505605912,-27874.626207127047,109.0,-1,-1,-1.0
22261,22313,21635.00192916112,-30290.77087880261,184.0,-1,-1,-1.0
22262,22314,-12156.52701118583,1528.5909801690211,392.0,-1,-1,-1.0
22263,22315,15821.355235196454,-7361.25893918188,326.0,-1,-1,-1.0
22264,22316,-35369.93680869752,-18427.77366099182,387.0,-1,-1,-1.0
22265,22317,-30146.779154117747,25146.8733802148,56.0,-1,-1,-1.0
22266,22318,-5887.575090171769,6186.069933002167,108.0,-1,-1,-1.0
22267,22319,-39856.90820836125,-7834.561344173264,240.0,-1,-1,-1.0
22268,22320,38652.96441761815,-27113.45948063867,470.0,-1,-1,-1.0
22269,22321,26630.74584632978,-15141.577915592366,216.0,-1,45,-1.0
22270,22322,-27645.175617813,16928.079233991397,474.0,-1,-1,-1.0
22271,22323,23171.55832986549,14300.19539482311,179.0,-1,-1,-1.0
22272,22324,-4693.864284232586,-34774.910334499385,376.0,-1,35,-1.0
22273,22325,-37333.99817388888,20408.713093337217,215.0,-1,-1,-1.0
22274,22326,12428.030172243474,7428.080254873224,405.0,-1,-1,-1.0
22275,22327,24394.320632610783,-37618.40015762216,213.0,-1,-1,-1.0
22276,22328,-14678.933772486003,-38879.58061187452,272.0,-1,-1,-1.0
22277,22329,-1218.5815863074022,38671.32994875685,281.0,-1,-1,-1.0
22278,22330,8417.102746859237,-8743.655301175491,187.0,-1,-1,-1.0
22279,22331,37650.23197185395,-37818.53071703362,399.0,-1,-1,-1.0
22280,22332,24525.023727164204,-3172.343305707771,489.0,-1,-1,-1.0
22281,22333,33382.31538262461,12426.05855552722,407.0,-1,-1,-1.0
22282,22334,-12293.992519225973,-26982.962403265847,317.0,-1,17,-1.0
22283,22335,-332.8854004684181,-32959.97863643738,323.0,-1,-1,-1.0
22284,22336,3623.7822465765566,-31067.001710171426,240.0,-1,1,-1.0
22285,22337,21586.813881662383,-12025.10169509959,38.0,-1,-1,-1.0
22286,22338,18475.377945872307,17713.680023684596,380.0,-1,-1,-1.0
22287,22339,30181.13481936889,32909.765138561605,112.0,-1,-1,-1.0
22288,22340,32736.488839725265,-6328.763047817898,129.0,-1,-1,-1.0
22289,22341,14794.652982255684,31856.417390788018,56.0,-1,-1,-1.0
22290,22342,20537.99144953125,-31624.93048319342,36.0,-1,-1,-1.0
22291,22343,-27174.450930180355,-24444.577994424137,284.0,-1,38,-1.0
22292,22344,14011.714768178412,21428.43322188601,44.0,-1,-1,-1.0
22293,22345,20736.85024676466,1982.8063112835732,2.0,-1,-1,-1.0
22294,22346,7427.144606049216,-6135.190623843468,165.0,-1,-1,-1.0
22295,22347,-24791.75707616358,-10293.26520887138,407.0,-1,-1,-1.0
22296,22348,-34965.924335815995,14336.048153942167,192.0,-1,24,-1.0
22297,22349,36229.73336513365,-36804.60981569689,56.0,-1,21,-1.0
22298,22350,-33079.48556500532,21780.450211506533,51.0,-1,-1,-1.0
22299,22351,-38233.08700838334,7222.1165069453855,303.0,-1,-1,-1.0
22300,22352,-11749.367328252403,29216.199671287453,497.0,-1,48,-1.0
22301,22353,30321.209385706272,6598.509936231814,390.0,-1,-1,-1.0
22302,22354,-9333.395996362491,-18833.55838359731,483.0,-1,-1,-1.0
22303,22355,25120.868438315665,20728.968018912357,136.0,-1,-1,-1.0
22304,22356,-17479.1603688639,36518.26093611367,333.0,-1,-1,-1.0
22305,22357,-21407.355049129663,25987.03842117035,351.0,-1,48,-1.0
22306,22358,-29938.22715509993,39291.93534154123,332.0,-1,-1,-1.0
22307,22359,-11012.934009313914,31670.447434615096,292.0,-1,-1,-1.0
22308,22360,-38477.93690992314,10927.894000997054,390.0,-1,-1,-1.0
22309,22361,-37941.65383095414,1230.8516783043451,126.0,-1,-1,-1.0
22310,22362,-36252.9925081068,12426.181227085855,405.0,-1,-1,-1.0
22311,22363,12844.445016720723,-9222.832676833958,474.0,-1,-1,-1.0
22312,22364,-26571.21450238353,32991.04833719417,259.0,-1,-1,-1.0
22313,22365,16536.36380079858,23569.39678282562,289.0,-1,-1,-1.0
22314,22366,-29294.82902589748,-17564.02275949091,402.0,-1,-1,-1.0
22315,22367,29576.302427717616,1498.618543242701,360.0,-1,-1,-1.0
22316,22368,-15203.947801057637,7546.674237340441,381.0,-1,-1,-1.0
22317,22369,5160.75181830638,-32102.429574018992,291.0,-1,1,-1.0
22318,22370,-37832.24331397792,-31320.75350491216,64.0,-1,20,23.0
22319,22371,-27378.5709691976,39911.07940712113,4.0,-1,-1,-1.0
22320,22372,30327.715608768136,28356.017065687032,380.0,-1,10,-1.0
22321,22373,-29675.556467320803,27656.495907834746,301.0,-1,-1,-1.0
22322,22374,-32625.165377207388,-16474.961049117508,110.0,-1,-1,-1.0
22323,22375,13095.301881987856,23934.18380053504,327.0,-1,-1,-1.0
22324,22376,-30260.886319317025,-10233.040137941662,7.0,-1,-1,-1.0
22325,22377,30589.26487035019,38582.61665031272,295.0,-1,11,-1.0
22326,22378,-7945.088908431171,18971.16456939657,462.0,-1,-1,-1.0
22327,22379,-30808.1854437704,-3825.049270560943,144.0,-1,41,-1.0
22328,22380,-24707.474897835324,-36709.59348782391,416.0,-1,-1,-1.0
22329,22381,15714.740558796912,15175.347403805354,163.0,-1,-1,-1.0
22330,22382,39001.373062116894,-20087.393897739086,385.0,-1,-1,-1.0
22331,22383,-33859.20541525525,-14781.993152564522,161.0,-1,-1,-1.0
22332,22384,-16629.497530016655,-10695.422439686776,349.0,-1,-1,-1.0
22333,22385,39612.89804222343,-26167.00036280441,194.0,-1,-1,-1.0
22334,22386,37621.01768369347,35022.36582859291,400.0,-1,-1,-1.0
22335,22387,23930.78147448372,24603.13405119509,289.0,-1,18,-1.0
22336,22388,12037.70449652071,21508.97154904752,494.0,-1,-1,-1.0
22337,22389,5679.303715598457,-26655.405627513574,414.0,-1,31,-1.0
22338,22390,-23870.904099666976,7940.713925320553,176.0,-1,-1,-1.0
22339,22391,1316.853272889406,-19244.01366456478,2.0,-1,31,-1.0
22340,22392,-13237.004993263054,2276.126456086284,329.0,-1,-1,-1.0
22341,22393,-26591.76236890527,-19170.978932807466,377.0,-1,-1,-1.0
22342,22394,-12627.480124501166,3829.0841648800633,184.0,-1,-1,-1.0
22343,22395,-12807.300755814682,-25555.94285127045,251.0,-1,-1,-1.0
22344,22396,7833.501553513182,-6108.86960481813,239.0,-1,-1,-1.0
22345,22397,-36270.12641707477,-31777.157981442564,111.0,-1,20,-1.0
22346,22398,-23541.21436114416,-1113.5392733686822,99.0,-1,-1,-1.0
22347,22399,-14934.152494839263,-16221.662378810535,379.0,-1,-1,-1.0
22348,22400,31081.882483115187,-8967.006476674123,412.0,-1,-1,-1.0
22349,22401,11202.499664168652,6951.176314028118,166.0,-1,2,-1.0
22350,22402,37439.81961552252,39930.49077326231,157.0,-1,-1,-1.0
22351,22403,23186.43889120863,34218.21674781933,128.0,-1,-1,-1.0
22352,22404,21474.336794025337,24584.58344460624,408.0,-1,-1,-1.0
22353,22405,-19850.458614055537,-28502.834853538872,454.0,-1,-1,-1.0
22354,22406,-1451.3059974389034,-4214.726090710057,234.0,-1,-1,-1.0
22355,22407,1667.423602876508,30298.07742498128,152.0,-1,-1,-1.0
22356,22408,-34719.33542066454,8988.913715998955,41.0,-1,24,-1.0
22357,22409,-30361.704347190192,-26827.30027319704,78.0,-1,-1,-1.0
22358,22410,-3559.576399455153,17170.37360373893,212.0,-1,-1,-1.0
22359,22411,-30303.34827872026,-6742.513484322379,232.0,-1,41,47.0
22360,22412,26998.68930684679,37728.472891426194,82.0,-1,-1,-1.0
22361,22413,-9668.208764266194,12536.017575461352,10.0,-1,27,-1.0
22362,22414,2241.2629009279044,6712.566969100517,139.0,-1,-1,-1.0
22363,22415,-3505.916017598276,-31891.317173506355,164.0,-1,-1,-1.0
22364,22416,-22095.928308467217,30662.023711762115,55.0,-1,-1,-1.0
22365,22417,17485.148621988927,-16633.90279144947,213.0,-1,45,-1.0
22366,22418,21739.360330311552,-36272.18354021512,316.0,-1,-1,-1.0
22367,22419,-23036.372322757263,-3888.097951389638,0.0,-1,-1,-1.0
22368,22420,31870.001400605062,-23321.35038425851,271.0,-1,45,-1.0
22369,22421,13955.533265326689,15173.693874514902,280.0,-1,-1,-1.0
22370,22422,24007.102543893398,-1415.6000655721364,49.0,-1,-1,-1.0
22371,22423,20632.25167123773,29880.028474329505,342.0,-1,30,-1.0
22372,22424,-14333.961335901578,-4541.2491195364055,3.0,-1,-1,-1.0
22373,22425,-2926.2243580121503,3352.811850345985,181.0,-1,27,-1.0
22374,22426,30816.66893089311,-24709.481575595102,379.0,-1,45,-1.0
22375,22427,-30801.688871901584,16859.435157775042,406.0,-1,-1,-1.0
22376,22428,785.5316944657388,-33801.23372290122,122.0,-1,-1,-1.0
22377,22429,38334.03137768216,32636.98674708532,451.0,-1,10,-1.0
22378,22430,26293.96694681034,-31889.459457994595,473.0,-1,-1,-1.0
22379,22431,-4937.61480532369,38346.75789486282,47.0,-1,-1,-1.0
22380,22432,11633.5416681926,-27549.67652606092,288.0,-1,-1,-1.0
22381,22433,4052.5135277449735,-35654.290055940895,236.0,-1,-1,-1.0
22382,22434,-8412.77007332856,38743.79990105287,335.0,-1,-1,-1.0
22383,22435,36932.04112037504,-7311.635715221633,465.0,-1,-1,-1.0
22384,22436,-20306.6401109263,-11209.542440411937,464.0,-1,-1,-1.0
22385,22437,-38562.82930288583,26089.098329103115,270.0,-1,-1,-1.0
22386,22438,23050.9524325394,-29044.90591136553,481.0,-1,-1,-1.0
22387,22439,-36658.78947633239,18146.597938584997,319.0,-1,-1,-1.0
22388,22440,-36503.07906109925,-25912.11742961457,296.0,-1,-1,-1.0
22389,22441,19175.896987905093,32394.421852259344,285.0,-1,30,-1.0
22390,22442,-20519.674330051635,-10155.600798433636,381.0,-1,-1,-1.0
22391,22443,-12744.64810465024,-25161.838519487414,413.0,-1,-1,-1.0
22392,22444,5417.946055998458,26567.8798721091,449.0,-1,-1,-1.0
22393,22445,-16809.419848114074,33414.21876950319,293.0,-1,-1,-1.0
22394,22446,-36245.67698539219,37524.20160900056,455.0,-1,5,-1.0
22395,22447,22736.039970069287,12453.286112179829,351.0,-1,16,-1.0
22396,22448,-12031.23491875015,30755.81588728736,49.0,-1,48,-1.0
22397,22449,31989.30777754511,-32026.11747595211,83.0,-1,-1,-1.0
22398,22450,25531.81867752428,-17201.42729585364,291.0,-1,-1,-1.0
22399,22451,-3133.8940507718144,33879.31970149145,162.0,-1,48,-1.0
22400,22452,-9469.460446278452,-22663.982198932783,381.0,-1,-1,-1.0
22401,22453,-36398.8298317781,7649.419103785178,378.0,-1,24,-1.0
22402,22454,6792.9666069504965,-1638.8468583418944,380.0,-1,-1,-1.0
22403,22455,-4119.918137017543,3053.169724309475,198.0,-1,27,-1.0
22404,22456,30235.49794590501,-17965.722879439134,223.0,-1,-1,-1.0
22405,22457,23579.88893886582,14358.233554589227,227.0,-1,-1,-1.0
22406,22458,6251.5091781397205,-38315.04850755832,19.0,-1,-1,-1.0
22407,22459,1837.7425948080563,-7440.724341710902,438.0,-1,31,-1.0
22408,22460,-7740.579063543162,4482.316316207805,114.0,-1,-1,-1.0
22409,22461,-12571.604195248396,-14257.202775409423,473.0,-1,-1,-1.0
22410,22462,-35261.641835088194,36206.38296582099,134.0,-1,5,-1.0
22411,22463,-30941.99739954549,-13824.23636831918,458.0,-1,-1,-1.0
22412,22464,5281.092620704505,-4685.680609793453,49.0,-1,-1,-1.0
22413,22465,-34210.813071032746,3682.827700622424,498.0,-1,-1,-1.0
22414,22466,17878.2917006954,-30498.56349950189,318.0,-1,-1,-1.0
22415,22467,-21778.300410433003,-6808.067394224861,131.0,-1,-1,-1.0
22416,22468,-3645.0781573114,-28350.588401004585,89.0,-1,-1,-1.0
22417,22469,-12337.705637145067,30197.757948511804,89.0,-1,48,-1.0
22418,22470,2342.109896923648,-36771.59304752912,146.0,-1,-1,-1.0
22419,22471,20302.01424818986,-18115.86384892101,342.0,-1,-1,-1.0
22420,22472,-30259.443352042254,-21521.08967474519,412.0,-1,39,-1.0
22421,22473,-4858.529035431893,33452.96131566499,398.0,-1,-1,-1.0
22422,22474,36529.65681948347,-21132.449562600843,322.0,-1,-1,-1.0
22423,22475,35680.58645024987,-6236.022880120552,95.0,-1,-1,-1.0
22424,22476,24785.906120184365,19420.290834753738,399.0,-1,-1,-1.0
22425,22477,-16066.08152730498,-3947.621136176691,343.0,-1,43,-1.0
22426,22478,16499.482091782884,25899.437619648557,148.0,-1,9,-1.0
22427,22479,-6347.818509045959,6574.423868037906,327.0,-1,27,-1.0
22428,22480,-36140.90274152271,27348.874796355536,124.0,-1,-1,-1.0
22429,22481,25920.52004866954,-3516.752597130282,8.0,-1,-1,-1.0
22430,22482,15515.096489274772,30253.41721704979,486.0,-1,-1,-1.0
22431,22483,-27410.351364100283,1551.353990153788,364.0,-1,-1,-1.0
22432,22484,11632.049935711875,-22579.702757722265,417.0,-1,-1,-1.0
22433,22485,25990.06914741102,29002.43925290428,60.0,-1,-1,-1.0
22434,22486,25152.280465886863,-15178.24886088305,417.0,-1,45,-1.0
22435,22487,-32370.411427903546,30163.86994187477,259.0,-1,-1,-1.0
22436,22488,17638.714163500124,8534.568612100826,118.0,-1,-1,-1.0
22437,22489,-7651.830189518361,-8086.378124673778,69.0,-1,31,-1.0
22438,22490,30089.44349014049,-6758.289277604417,370.0,-1,-1,-1.0
22439,22491,36055.16220307282,33687.462017479105,100.0,-1,-1,-1.0
22440,22492,16595.20286973798,398.1354887976704,484.0,-1,-1,-1.0
22441,22493,-25885.53692855636,-33255.067935294064,141.0,-1,-1,-1.0
22442,22494,29092.39966038121,-5227.387473154187,437.0,-1,-1,-1.0
22443,22495,201.77613461490543,3858.8676655819145,80.0,-1,-1,-1.0
22444,22496,19042.49538856931,-6402.438322219932,487.0,-1,-1,-1.0
22445,22497,-13029.354314249507,12471.482657030703,470.0,-1,-1,-1.0
22446,22498,-15702.577171492572,37556.75615534921,369.0,-1,48,-1.0
22447,22499,-23033.112067607177,-8279.336030782306,409.0,-1,-1,-1.0
22448,22500,10583.398229319238,32694.67320953397,13.0,-1,47,-1.0
22449,22501,-24481.480164999623,5927.356639410704,443.0,-1,-1,-1.0
22450,22502,-2347.0011197743297,-5351.892861071086,105.0,-1,-1,-1.0
22451,22503,14142.4669454764,32532.9541227797,118.0,-1,47,-1.0
22452,22504,-24547.3563656284,-25386.652457098604,202.0,-1,38,-1.0
22453,22505,-9553.27942762678,26745.407645560623,67.0,-1,48,-1.0
22454,22506,35239.51968335461,-34167.57219131124,469.0,-1,21,-1.0
22455,22507,1233.431513179181,11888.29179774064,404.0,-1,-1,-1.0
22456,22508,-2141.9753441821667,2478.622937062253,77.0,-1,-1,-1.0
22457,22509,2324.012398228748,-32940.93967330982,193.0,-1,1,-1.0
22458,22510,17789.503267178166,32297.955246678423,39.0,-1,-1,-1.0
22459,22511,-30004.75015909799,-35577.17770762821,39.0,-1,-1,-1.0
22460,22512,15002.96730903387,22532.04823323441,492.0,-1,-1,-1.0
22461,22513,-25663.22244670072,-14517.61819302596,364.0,-1,-1,-1.0
22462,22514,38966.39439729521,30834.253491758194,166.0,-1,-1,-1.0
22463,22515,21770.67685317822,-8303.404533976569,429.0,-1,-1,-1.0
22464,22516,148.68827817818965,34062.7458239253,230.0,-1,-1,-1.0
22465,22517,10639.281157511592,13145.079873657232,98.0,-1,-1,-1.0
22466,22518,11712.200661195304,-19103.829453489278,481.0,-1,-1,-1.0
22467,22519,5344.752397068842,-9844.186267942394,103.0,-1,31,-1.0
22468,22520,-21485.223481842306,-1730.962256715422,320.0,-1,43,-1.0
22469,22521,28584.833236720748,-28286.12076795685,5.0,-1,-1,-1.0
22470,22522,37578.62247279288,33997.57253574624,128.0,-1,10,-1.0
22471,22523,1865.3744184722016,-36108.42095192468,137.0,-1,-1,-1.0
22472,22524,-11609.709335890078,-30353.783353195016,416.0,-1,-1,-1.0
22473,22525,5839.463771473747,22315.993899725057,57.0,-1,46,-1.0
22474,22526,20474.96788807461,11173.466201578303,418.0,-1,16,-1.0
22475,22527,16401.41249893979,34590.330245215184,248.0,-1,-1,-1.0
22476,22528,22156.12397801986,38953.56223788815,488.0,-1,-1,-1.0
22477,22529,-3804.62070609237,-2736.989966668545,360.0,-1,-1,-1.0
22478,22530,37547.31722025023,-27150.09133280428,212.0,-1,-1,-1.0
22479,22531,-21092.271109229598,-37511.27800685237,19.0,-1,12,-1.0
22480,22532,34019.34614323215,9558.540078337455,187.0,-1,28,-1.0
22481,22533,35580.58799953843,-20799.440034588715,385.0,-1,-1,-1.0
22482,22534,-25006.723572707684,-3732.414288779983,277.0,-1,41,-1.0
22483,22535,22193.751238196222,-11632.26808445888,165.0,-1,-1,-1.0
22484,22536,29876.38527809197,37442.25186389411,360.0,-1,11,-1.0
22485,22537,11972.773150840898,-6686.772035504779,388.0,-1,-1,-1.0
22486,22538,7996.725046952415,3733.599959894877,89.0,-1,14,-1.0
22487,22539,-39242.98767562944,-39317.67195836099,274.0,-1,-1,-1.0
22488,22540,20840.150768353764,31611.543387021,352.0,-1,30,-1.0
22489,22541,-24187.65368942396,38116.93888016384,47.0,-1,-1,-1.0
22490,22542,-14820.60305578912,-17765.187289606973,98.0,-1,-1,-1.0
22491,22543,4614.914555687239,20948.441780440706,5.0,-1,46,-1.0
22492,22544,31734.838430824617,-47.79954154438019,2.0,-1,-1,-1.0
22493,22545,32798.83113182055,-4785.759701413983,486.0,-1,33,-1.0
22494,22546,-27373.063253292385,21761.58039550132,82.0,-1,-1,-1.0
22495,22547,11240.2771399064,-10828.85310149883,267.0,-1,-1,-1.0
22496,22548,10757.512985319918,17170.27632907919,56.0,-1,-1,-1.0
22497,22549,23366.058398983507,-21697.802322458123,171.0,-1,-1,-1.0
22498,22550,-12277.18987381657,-17681.322334557077,236.0,-1,31,-1.0
22499,22551,-20961.40923449794,39312.54616025792,347.0,-1,-1,-1.0
22500,22552,-22441.8000747486,26598.57525790113,403.0,-1,48,-1.0
22501,22553,10945.355618405214,17713.87527597834,174.0,-1,-1,-1.0
22502,22554,-23866.568545256123,-36878.84860810397,428.0,-1,-1,-1.0
22503,22555,-18191.05831709046,-32940.57151332591,374.0,-1,-1,-1.0
22504,22556,-38943.5715767617,36883.30715605668,145.0,-1,-1,-1.0
22505,22557,18778.80556492898,-2494.3310449889614,107.0,-1,-1,-1.0
22506,22558,38208.18734310065,-1675.5413650608025,138.0,-1,-1,-1.0
22507,22559,-29562.147654212906,-38053.46572285624,292.0,-1,-1,-1.0
22508,22560,7788.782396253751,12159.5836367921,163.0,-1,8,-1.0
22509,22561,-20309.5889763273,-6254.772508531067,294.0,-1,-1,-1.0
22510,22562,-19251.28251253648,5583.714472072075,30.0,-1,-1,-1.0
22511,22563,17140.642730961692,-4140.091092033472,308.0,-1,-1,-1.0
22512,22564,36691.89856837946,10853.274799144252,447.0,-1,28,-1.0
22513,22565,-8406.112846723026,2836.493440548402,370.0,-1,-1,-1.0
22514,22566,4220.523664471722,35252.702170556004,81.0,-1,-1,-1.0
22515,22567,6742.107662694478,-33572.580570265745,231.0,-1,1,-1.0
22516,22568,25952.316717567344,33080.9629022296,15.0,-1,-1,-1.0
22517,22569,25649.79599869276,8652.489300791116,62.0,-1,15,-1.0
22518,22570,-8826.925291998294,33677.52073809688,262.0,-1,-1,-1.0
22519,22571,18676.444587452977,21749.02356409058,147.0,-1,18,-1.0
22520,22572,-29840.92702542071,-39795.14670309299,124.0,-1,-1,-1.0
22521,22573,-23036.15864883355,-17064.879608661013,456.0,-1,-1,-1.0
22522,22574,23028.54084820552,37124.136803464295,69.0,-1,30,-1.0
22523,22575,-739.7033846693957,-9728.7462262367,24.0,-1,31,-1.0
22524,22576,18782.520179635576,17638.39591259601,484.0,-1,18,-1.0
22525,22577,-27836.93619333567,-3342.0241372898818,160.0,-1,41,-1.0
22526,22578,-37988.73162623202,736.6904086944196,120.0,-1,-1,-1.0
22527,22579,-9133.43806557368,24194.344336681505,278.0,-1,-1,-1.0
22528,22580,32257.63848627964,-72.56394847213232,79.0,-1,-1,-1.0
22529,22581,7017.924753336556,17615.414570023044,499.0,-1,-1,-1.0
22530,22582,10405.48561378204,23264.26616426686,259.0,-1,48,-1.0
22531,22583,-7865.498217598877,38337.37801180901,167.0,-1,-1,-1.0
22532,22584,-5959.242465384239,-20643.6345847964,476.0,-1,7,-1.0
22533,22585,-27994.05332160263,-6573.54736914768,439.0,-1,-1,-1.0
22534,22586,-17638.55519941039,10388.78294988112,348.0,-1,-1,-1.0
22535,22587,-2479.892745423618,-33304.51532104422,107.0,-1,-1,-1.0
22536,22588,-9705.42351875623,34452.59892466523,261.0,-1,-1,-1.0
22537,22589,8130.445973331392,11405.683924706114,84.0,-1,8,-1.0
22538,22590,26990.911131108038,25421.374026230347,394.0,-1,-1,-1.0
22539,22591,28394.110293239937,-17697.247154733606,276.0,-1,-1,-1.0
22540,22592,2499.6083304300337,-25446.88635215482,275.0,-1,-1,-1.0
22541,22593,-18624.75049261982,33336.72437796331,482.0,-1,-1,-1.0
22542,22594,17086.743942284797,-6263.461190735099,144.0,-1,-1,-1.0
22543,22595,-6188.51723670544,25287.76775184776,318.0,-1,-1,-1.0
22544,22596,-29107.055013704245,16176.816653430498,470.0,-1,-1,-1.0
22545,22597,13646.753551114603,-29395.200490611853,430.0,-1,-1,-1.0
22546,22598,31807.771709196968,26827.99610010757,398.0,-1,-1,-1.0
22547,22599,-20522.16315812764,-825.0663637490361,499.0,-1,43,-1.0
22548,22600,17552.69867061735,21918.842997923588,421.0,-1,18,-1.0
22549,22601,14888.366477890326,-10762.634850773338,272.0,-1,-1,-1.0
22550,22602,-29369.637599992384,31426.964509085446,155.0,-1,-1,-1.0
22551,22603,21840.803074017706,3822.831443724339,142.0,-1,-1,-1.0
22552,22604,26656.21552866517,12372.849153915558,379.0,-1,-1,-1.0
22553,22605,31017.24819827032,-6889.724524127159,396.0,-1,-1,-1.0
22554,22606,39278.84570469585,-8858.69964479654,121.0,-1,-1,-1.0
22555,22607,31219.673395003992,-9842.381947447371,276.0,-1,-1,-1.0
22556,22608,-38078.748103071855,33240.1759476037,253.0,-1,5,-1.0
22557,22609,9187.431340558076,-26592.77857180948,168.0,-1,31,-1.0
22558,22610,21071.02308117237,23541.06123439821,438.0,-1,-1,-1.0
22559,22611,3028.438048349235,20536.11544939642,272.0,-1,46,54.0
22560,22612,11034.87196911966,-9956.737326989416,297.0,-1,13,-1.0
22561,22613,13418.152854634383,-10850.804168411389,10.0,-1,-1,-1.0
22562,22614,-36297.64169030996,-38453.179621909054,78.0,-1,-1,-1.0
22563,22615,9956.98418637312,15400.512118732542,451.0,-1,-1,-1.0
22564,22616,14227.600061147758,-26217.81389471068,148.0,-1,3,-1.0
22565,22617,-2334.33873853727,17286.23069772355,371.0,-1,46,-1.0
22566,22618,-22970.93970083183,12067.427982100451,30.0,-1,40,-1.0
22567,22619,-23098.535984135902,35448.59282082312,377.0,-1,-1,-1.0
22568,22620,2633.921750367393,27631.17912650008,210.0,-1,48,-1.0
22569,22621,-16345.995733781465,27562.755876071344,58.0,-1,48,59.0
22570,22622,-36834.02921245371,9132.92489174728,148.0,-1,24,-1.0
22571,22623,-35981.770055538764,2181.5070189855323,362.0,-1,-1,-1.0
22572,22624,-4655.568090704299,3023.010217725132,243.0,-1,27,-1.0
22573,22625,30119.35519325848,29287.954050297834,59.0,-1,10,-1.0
22574,22626,10924.86356449686,-27702.44955309668,107.0,-1,-1,-1.0
22575,22627,23937.047318808683,-10171.79590659256,474.0,-1,-1,-1.0
22576,22628,-15132.302584898129,-12723.059177011844,56.0,-1,-1,-1.0
22577,22629,-8814.100935077862,4263.469166753894,288.0,-1,27,-1.0
22578,22630,-11786.236563121884,-1212.2535353084097,428.0,-1,-1,-1.0
22579,22631,-30440.24485048581,-1409.4532940290155,262.0,-1,-1,-1.0
22580,22632,20249.89066795638,10230.356100891462,237.0,-1,16,-1.0
22581,22633,26268.899520567316,-33062.51110745099,260.0,-1,-1,-1.0
22582,22634,35904.66786797947,-1690.7083996202564,62.0,-1,-1,-1.0
22583,22635,9928.453512415936,26063.87997253347,69.0,-1,-1,-1.0
22584,22636,32102.573957140543,16765.379756018025,153.0,-1,-1,-1.0
22585,22637,-28813.499530346,-20975.361539619204,71.0,-1,39,-1.0
22586,22638,7886.566446070741,36366.50550443695,56.0,-1,-1,-1.0
22587,22639,-39917.342119009736,16320.549967073392,285.0,-1,-1,-1.0
22588,22640,-6605.553771383609,-7562.952313919373,18.0,-1,31,-1.0
22589,22641,29764.589737532093,37011.78479023666,198.0,-1,11,-1.0
22590,22642,7198.117123473632,-24896.161571064986,304.0,-1,31,-1.0
22591,22643,-9763.297355203253,37945.05681888803,126.0,-1,48,57.0
22592,22644,-18627.760985359902,-22148.759053130343,120.0,-1,-1,-1.0
22593,22645,-6638.963105887247,-33503.76148235719,433.0,-1,35,-1.0
22594,22646,-39985.0211120662,2856.925221937934,379.0,-1,-1,-1.0
22595,22647,-30927.888893867435,23613.817058563636,294.0,-1,-1,-1.0
22596,22648,-6128.287183779947,21512.43765397511,171.0,-1,-1,-1.0
22597,22649,21386.81984577234,-38850.62089502119,439.0,-1,-1,-1.0
22598,22650,27010.764279356412,-35156.03379658726,392.0,-1,-1,-1.0
22599,22651,-24457.339993554146,25122.310216138874,234.0,-1,48,59.0
22600,22652,-13511.800510549088,206.38209598549287,42.0,-1,-1,-1.0
22601,22653,13868.897236416604,22111.69656041327,46.0,-1,-1,-1.0
22602,22654,3332.563908325232,32139.36524541391,80.0,-1,48,-1.0
22603,22655,39975.15877541319,35900.7944276678,226.0,-1,-1,-1.0
22604,22656,19481.27210564717,-19854.190892270384,194.0,-1,-1,-1.0
22605,22657,-33145.36302865454,-7205.396550390833,151.0,-1,-1,-1.0
22606,22658,146.80162646806275,39756.97862177415,230.0,-1,-1,-1.0
22607,22659,1938.5056274033705,-14598.593697690623,159.0,-1,31,-1.0
22608,22660,4767.2693480399175,20786.7540261096,10.0,-1,-1,-1.0
22609,22661,15153.730716226752,28231.49943280763,288.0,-1,9,-1.0
22610,22662,30836.049718514278,-26376.007572218485,50.0,-1,45,53.0
22611,22663,35150.26199420038,17697.748011345364,165.0,-1,28,-1.0
22612,22664,21608.45565775105,-1301.0004386754008,42.0,-1,-1,-1.0
22613,22665,15973.577341376527,-20351.26819281177,160.0,-1,-1,-1.0
22614,22666,-4271.40940785953,33351.45448865714,479.0,-1,48,-1.0
22615,22667,-37914.74483172548,29052.94055560016,95.0,-1,-1,-1.0
22616,22668,-17659.866427379657,-32567.46458033133,62.0,-1,36,-1.0
22617,22669,-9913.779214259384,2323.761695164503,396.0,-1,-1,-1.0
22618,22670,1885.5262371303616,28832.51956753322,356.0,-1,-1,-1.0
22619,22671,-26842.46176505781,12160.508501557204,354.0,-1,-1,-1.0
22620,22672,14361.77779804667,-34495.65835614752,356.0,-1,4,-1.0
22621,22673,21354.83823499633,27496.021067626032,314.0,-1,-1,-1.0
22622,22674,-14723.203208869789,-19603.51671987312,413.0,-1,-1,-1.0
22623,22675,39938.857379809546,-21375.260800559045,6.0,-1,-1,-1.0
22624,22676,10225.03765390478,-1062.2827994069448,313.0,-1,-1,-1.0
22625,22677,32509.016363367467,-21859.54360624457,392.0,-1,-1,-1.0
22626,22678,-27859.204808380404,-12000.368744787073,236.0,-1,-1,-1.0
22627,22679,-22376.616590801816,-8279.095312325397,210.0,-1,-1,-1.0
22628,22680,-21207.27248840046,-36792.573721189314,186.0,-1,12,-1.0
22629,22681,-28872.347220128915,29664.18157211988,152.0,-1,-1,-1.0
22630,22682,10708.409242339583,-7937.8803853725185,456.0,-1,13,-1.0
22631,22683,-10231.493510309783,-18244.141292974226,273.0,-1,-1,-1.0
22632,22684,38346.65752916178,25088.57898117189,22.0,-1,-1,-1.0
22633,22685,4741.872501585211,-35766.47451713858,430.0,-1,-1,-1.0
22634,22686,4058.900466021965,6488.62519612124,23.0,-1,-1,-1.0
22635,22687,-1851.2429720911316,35229.73401405914,154.0,-1,-1,-1.0
22636,22688,-36518.52215343816,23001.06578262007,343.0,-1,-1,-1.0
22637,22689,-29138.046566027784,10727.230926277523,385.0,-1,-1,-1.0
22638,22690,-7117.675354457067,-31074.69476256356,473.0,-1,-1,-1.0
22639,22691,-17290.678540988596,10246.27128410754,451.0,-1,-1,-1.0
22640,22692,-13503.75590722754,-36914.65479296776,489.0,-1,36,-1.0
22641,22693,-29270.74112740005,-9311.278166986864,284.0,-1,-1,-1.0
22642,22694,-15856.889321303564,11887.06770458979,304.0,-1,-1,-1.0
22643,22695,-33864.37836235062,-29706.352121946908,334.0,-1,-1,-1.0
22644,22696,-27702.561048140247,16005.206826773365,176.0,-1,-1,-1.0
22645,22697,13763.046627520838,-12051.711133713525,176.0,-1,-1,-1.0
22646,22698,592.8406010496983,36716.40175976415,354.0,-1,48,57.0
22647,22699,-60.78821703552967,2432.636338198441,236.0,-1,22,-1.0
22648,22700,-15865.239218934244,-13106.688690039264,249.0,-1,-1,-1.0
22649,22701,-27182.18658508621,-18609.79525828137,293.0,-1,-1,-1.0
22650,22702,-38608.35098859991,-14950.925611043858,138.0,-1,-1,-1.0
22651,22703,-18791.729814397822,-33136.38387431723,25.0,-1,-1,-1.0
22652,22704,-7580.155841344549,-30182.19489225133,315.0,-1,-1,-1.0
22653,22705,-38778.66251806454,38898.39985352149,91.0,-1,-1,-1.0
22654,22706,9216.053219477188,-30598.35121929124,259.0,-1,-1,-1.0
22655,22707,-24423.0648830216,39448.680402055805,494.0,-1,-1,-1.0
22656,22708,29437.92701722441,-38744.3079255855,246.0,-1,-1,-1.0
22657,22709,-10153.036064867145,-34372.908664034425,230.0,-1,-1,-1.0
22658,22710,26864.92340238256,5873.46705563883,245.0,-1,15,-1.0
22659,22711,25267.30885964255,-20942.74724309219,302.0,-1,-1,-1.0
22660,22712,2677.967311624117,-36189.42573563841,227.0,-1,-1,-1.0
22661,22713,15573.105518773627,886.736942583957,369.0,-1,-1,-1.0
22662,22714,33040.94899486391,26861.23959686093,128.0,-1,10,-1.0
22663,22715,-7928.978273312648,-7638.463432873319,363.0,-1,31,-1.0
22664,22716,-30904.570559796048,-16587.47182963662,150.0,-1,-1,-1.0
22665,22717,27164.71791967837,-39682.68685624029,296.0,-1,-1,-1.0
22666,22718,-11034.455780708824,27652.22125826428,396.0,-1,48,-1.0
22667,22719,9034.00290255832,-38790.05408356532,34.0,-1,-1,-1.0
22668,22720,32818.53908521838,38852.66455223123,136.0,-1,-1,-1.0
22669,22721,20841.038931354524,9136.06417984776,84.0,-1,-1,-1.0
22670,22722,28479.024103737043,27865.874726044465,93.0,-1,-1,-1.0
22671,22723,21521.220721379184,7616.952324210295,241.0,-1,-1,-1.0
22672,22724,-11084.706533250755,18155.74812762355,384.0,-1,-1,-1.0
22673,22725,26400.50965950217,18836.38913143127,75.0,-1,-1,-1.0
22674,22726,21690.243782199075,36968.93005577827,79.0,-1,30,-1.0
22675,22727,-33502.07117541774,-9326.592947900288,30.0,-1,-1,-1.0
22676,22728,3957.523772788649,-593.8511346137602,7.0,-1,-1,-1.0
22677,22729,26358.970393185213,37846.58698138835,118.0,-1,30,-1.0
22678,22730,-14749.648077825375,33497.25193204572,337.0,-1,-1,-1.0
22679,22731,-36106.069154138415,25275.10197307021,8.0,-1,23,-1.0
22680,22732,-10424.84385701381,18343.854367125223,172.0,-1,-1,-1.0
22681,22733,28852.12919194196,6093.1342267116415,198.0,-1,-1,-1.0
22682,22734,-27205.21805334737,-27992.863987055745,328.0,-1,-1,-1.0
22683,22735,-34000.30536885839,-5154.930533300831,152.0,-1,-1,-1.0
22684,22736,6331.73563466216,38032.51494620557,491.0,-1,-1,-1.0
22685,22737,30628.603311499566,32856.09982205294,399.0,-1,-1,-1.0
22686,22738,10279.009370111322,9799.486102310851,428.0,-1,-1,-1.0
22687,22739,-20852.64311441325,-8126.439352202749,227.0,-1,-1,-1.0
22688,22740,-35676.43761080243,-12889.468966526012,460.0,-1,32,38.0
22689,22741,-15795.048544731686,-3626.725810345706,409.0,-1,-1,-1.0
22690,22742,15239.433212157235,12147.331326262189,474.0,-1,-1,-1.0
22691,22743,-8968.482441448523,38128.43134183914,36.0,-1,48,57.0
22692,22744,39990.96989080771,32744.265742552467,455.0,-1,-1,-1.0
22693,22745,19283.11256414632,-38243.952362868615,289.0,-1,-1,-1.0
22694,22746,-7304.609528242592,-31616.854925397816,98.0,-1,-1,-1.0
22695,22747,-38953.66661396991,-16950.734369074835,56.0,-1,-1,-1.0
22696,22748,13480.592522457824,-4046.956305559135,440.0,-1,-1,-1.0
22697,22749,8627.607587452978,-37727.704588428736,126.0,-1,-1,-1.0
22698,22750,-26541.53040259797,26341.750979658114,412.0,-1,-1,-1.0
22699,22751,-26616.72124067581,11261.872219391656,299.0,-1,-1,-1.0
22700,22752,31940.46671578723,-4765.100118051014,158.0,-1,33,-1.0
22701,22753,-37717.67271664611,-39655.105804319406,236.0,-1,-1,-1.0
22702,22754,32258.37648096048,23571.463024510864,8.0,-1,-1,-1.0
22703,22755,5611.993592511266,-17879.66349843681,230.0,-1,-1,-1.0
22704,22756,-33443.276005524815,6039.637421487394,33.0,-1,-1,-1.0
22705,22757,-1523.752476884787,-19047.50648717691,99.0,-1,31,-1.0
22706,22758,-15453.646837890745,32027.571338027337,206.0,-1,-1,-1.0
22707,22759,20184.62182438368,-39792.17975823094,307.0,-1,-1,-1.0
22708,22760,-17836.733128838623,-30609.817628043114,387.0,-1,36,-1.0
22709,22761,-7996.243231461849,9359.334656793471,174.0,-1,-1,-1.0
22710,22762,32397.55595402891,-6155.468150556269,132.0,-1,-1,-1.0
22711,22763,-33700.38364236013,18536.20408831995,420.0,-1,-1,-1.0
22712,22764,27186.339242191607,-27663.594747150142,280.0,-1,45,-1.0
22713,22765,11595.817151229094,-8382.432753385212,259.0,-1,13,-1.0
22714,22766,22674.328330193464,-13656.535381147234,470.0,-1,-1,-1.0
22715,22767,9588.16494426957,15692.362670244169,483.0,-1,8,-1.0
22716,22768,16860.982200108243,4908.801307063339,332.0,-1,2,-1.0
22717,22769,-14757.797627806576,-1633.4522254918556,387.0,-1,-1,-1.0
22718,22770,10991.85804174844,-4114.38450962762,117.0,-1,-1,-1.0
22719,22771,1219.5621712942448,-7168.32202358295,355.0,-1,31,-1.0
22720,22772,9718.841978613476,-17918.578909742333,57.0,-1,-1,-1.0
22721,22773,1107.1970788678443,-20900.35077476892,365.0,-1,31,-1.0
22722,22774,-36417.765033726406,-29517.315909061617,284.0,-1,20,-1.0
22723,22775,-6729.539356697918,-28281.65766860484,321.0,-1,25,-1.0
22724,22776,13157.061722462176,-21583.773355853584,114.0,-1,-1,-1.0
22725,22777,6624.942400241896,-27772.449789097504,120.0,-1,31,-1.0
22726,22778,7960.249506543674,9833.404012283208,111.0,-1,-1,-1.0
22727,22779,2924.1200307039253,39300.95294082667,67.0,-1,-1,-1.0
22728,22780,36156.82840579237,-35716.23770850306,86.0,-1,21,-1.0
22729,22781,11112.26965098286,-151.53907774324034,291.0,-1,-1,-1.0
22730,22782,-25247.769132783324,-25173.62890024743,313.0,-1,38,-1.0
22731,22783,-34639.74582951513,-27816.736377913134,302.0,-1,-1,-1.0
22732,22784,38908.37457135365,-33049.81352142698,182.0,-1,-1,-1.0
22733,22785,-22940.82352815007,4725.125772954205,287.0,-1,-1,-1.0
22734,22786,6483.725578988822,19115.79609548312,266.0,-1,-1,-1.0
22735,22787,38785.94248097774,33298.93848088363,497.0,-1,10,-1.0
22736,22788,-15406.116108670602,28330.95056625233,407.0,-1,48,61.0
22737,22789,-6414.073494306445,-15683.107534888415,345.0,-1,-1,-1.0
22738,22790,-10791.36649628616,-16580.54296374936,301.0,-1,31,-1.0
22739,22791,-23996.45257994037,-19157.87600891992,411.0,-1,-1,-1.0
22740,22792,-7584.910691034718,-37396.61272756656,337.0,-1,-1,-1.0
22741,22793,23343.16838062165,27718.32627734504,483.0,-1,-1,-1.0
22742,22794,-20823.349915303454,24195.144392561026,155.0,-1,-1,-1.0
22743,22795,-25524.772422466296,26058.623087810163,304.0,-1,-1,-1.0
22744,22796,9128.96681534272,33213.05451810629,327.0,-1,47,55.0
22745,22797,-14385.843397945566,14282.054845314577,285.0,-1,-1,-1.0
22746,22798,-38346.73764597498,-25880.923411415788,285.0,-1,-1,-1.0
22747,22799,-30824.605247069165,-15580.486074737604,50.0,-1,-1,-1.0
22748,22800,32427.86403395103,-29654.62101552684,467.0,-1,-1,-1.0
22749,22801,10041.462319759696,-8963.292679624974,262.0,-1,-1,-1.0
22750,22802,35257.81693794321,31323.48871913365,228.0,-1,-1,-1.0
22751,22803,10695.73882734507,-39740.46239051703,413.0,-1,-1,-1.0
22752,22804,19190.77626840793,29204.536830543104,295.0,-1,30,-1.0
22753,22805,-23453.02450345936,27320.700698522443,473.0,-1,-1,-1.0
22754,22806,17445.853466481414,17576.082527750972,425.0,-1,-1,-1.0
22755,22807,38667.133289687205,-37394.22267963871,157.0,-1,21,-1.0
22756,22808,-22451.86254278296,-5039.921288191123,265.0,-1,-1,-1.0
22757,22809,34675.741195382434,15987.389355674355,41.0,-1,28,32.0
22758,22810,-33914.41743915066,3633.168146051285,497.0,-1,-1,-1.0
22759,22811,21306.9470451308,-15244.748779723895,477.0,-1,45,-1.0
22760,22812,-16906.66789778174,32212.52273420733,454.0,-1,-1,-1.0
22761,22813,29426.57870723131,28087.576858400105,341.0,-1,10,-1.0
22762,22814,9674.956780009425,4803.556189058887,246.0,-1,-1,-1.0
22763,22815,34273.30783609698,-12397.531174488537,55.0,-1,-1,-1.0
22764,22816,23571.382348516207,-39086.31360705012,261.0,-1,-1,-1.0
22765,22817,-36549.356088585824,-1097.7408299403833,275.0,-1,29,-1.0
22766,22818,-27451.67222767832,-28055.257141959355,480.0,-1,-1,-1.0
22767,22819,-29987.586651787748,10249.316854709505,309.0,-1,-1,-1.0
22768,22820,-19871.998333211788,29506.70202198533,64.0,-1,48,-1.0
22769,22821,-16707.114705653952,-14426.605883571336,135.0,-1,-1,-1.0
22770,22822,-12326.973808817333,-33812.0127960774,312.0,-1,-1,-1.0
22771,22823,36083.1127634208,39373.813742639846,148.0,-1,-1,-1.0
22772,22824,27106.54136783881,7445.632643137658,42.0,-1,15,-1.0
22773,22825,35892.66677158393,-6054.345786211328,486.0,-1,-1,-1.0
22774,22826,20626.618527683444,16690.966558266948,402.0,-1,18,-1.0
22775,22827,12872.738448195618,38551.15071064001,133.0,-1,-1,-1.0
22776,22828,-21261.85507426812,36654.87000819882,54.0,-1,-1,-1.0
22777,22829,10830.273392814182,28790.25030144847,327.0,-1,-1,-1.0
22778,22830,-31780.710675492028,14057.1744913249,151.0,-1,-1,-1.0
22779,22831,-32484.64461922417,6267.655400748081,216.0,-1,-1,-1.0
22780,22832,-32855.39686553395,-14230.526555261928,291.0,-1,-1,-1.0
22781,22833,-18577.016372248483,-9491.778808991096,344.0,-1,-1,-1.0
22782,22834,31285.25934886778,-2282.9792811570005,356.0,-1,33,-1.0
22783,22835,-2136.1574725503306,33780.306310291766,120.0,-1,-1,-1.0
22784,22836,15869.258306439891,-34815.45459005571,403.0,-1,-1,-1.0
22785,22837,11082.61330503816,-20002.71615167681,384.0,-1,-1,-1.0
22786,22838,-37685.62048105712,-32483.440837345148,115.0,-1,20,-1.0
22787,22839,-20226.66775789348,-30688.37377944177,91.0,-1,-1,-1.0
22788,22840,19414.30414636708,1133.6526356938411,485.0,-1,-1,-1.0
22789,22841,-22891.710271098385,30306.775146497326,399.0,-1,-1,-1.0
22790,22842,37931.63931649699,37124.42389468297,42.0,-1,-1,-1.0
22791,22843,-33579.5315083536,9728.023506739606,230.0,-1,-1,-1.0
22792,22844,31790.23689808647,-32072.136346234685,375.0,-1,-1,-1.0
22793,22845,14828.399882779251,28118.12027722881,122.0,-1,-1,-1.0
22794,22846,30111.000938429454,-30611.36230560048,144.0,-1,-1,-1.0
22795,22847,-15515.94808952908,-6556.274806493835,324.0,-1,43,-1.0
22796,22848,10834.461755078984,29448.915755984926,71.0,-1,-1,-1.0
22797,22849,12863.015324121809,30414.666332592533,145.0,-1,-1,-1.0
22798,22850,11220.918873849398,-6665.4130506582005,240.0,-1,13,-1.0
22799,22851,38119.302238404125,-37845.4243326314,184.0,-1,21,-1.0
22800,22852,18116.620635704487,-8753.970132528062,111.0,-1,-1,-1.0
22801,22853,3981.360319100917,10432.084858219372,42.0,-1,-1,-1.0
22802,22854,-16027.067059302604,-36694.97754514183,176.0,-1,-1,-1.0
22803,22855,2085.675635376072,36818.771858929336,170.0,-1,48,-1.0
22804,22856,34815.49945039695,21298.64584638444,494.0,-1,28,-1.0
22805,22857,-9038.282908644098,26002.81944283005,98.0,-1,48,-1.0
22806,22858,-20694.90435513564,-9483.312841534123,309.0,-1,-1,-1.0
22807,22859,-33422.29601248478,-1783.150457501899,280.0,-1,-1,-1.0
22808,22860,-11912.000040408711,25698.04301051561,391.0,-1,48,-1.0
22809,22861,-7006.235918379927,-31581.9569519965,378.0,-1,-1,-1.0
22810,22862,34356.42387255479,23570.03604255066,406.0,-1,-1,-1.0
22811,22863,24335.830470493107,-3798.264614716252,281.0,-1,-1,-1.0
22812,22864,-35253.25096351395,-28553.133101305182,148.0,-1,-1,-1.0
22813,22865,-20869.29075161323,8887.148430523055,34.0,-1,-1,-1.0
22814,22866,15135.51543793999,-30924.79223857408,205.0,-1,-1,-1.0
22815,22867,-38211.626018255134,11907.844481724647,423.0,-1,-1,-1.0
22816,22868,29172.97302092967,32881.83826977169,48.0,-1,-1,-1.0
22817,22869,35179.81909529159,34374.41165153873,445.0,-1,-1,-1.0
22818,22870,20838.888406905982,-30931.98391741863,391.0,-1,-1,-1.0
22819,22871,185.1107948627105,-14891.994836492657,409.0,-1,31,-1.0
22820,22872,18467.66752126744,18898.760891047248,14.0,-1,18,-1.0
22821,22873,-33057.13421332252,-13720.244203531263,99.0,-1,-1,-1.0
22822,22874,-12485.743757402231,-17131.94878512076,412.0,-1,31,-1.0
22823,22875,-8881.900191786459,30054.072912973803,255.0,-1,-1,-1.0
22824,22876,-17835.960718566712,28051.07208450258,181.0,-1,48,59.0
22825,22877,-24705.7952987626,-28229.41992529969,97.0,-1,38,-1.0
22826,22878,30841.24209679112,35798.51279109484,326.0,-1,-1,-1.0
22827,22879,4022.188590992555,17699.247562381934,161.0,-1,-1,-1.0
22828,22880,12629.566646922203,-16123.42044656762,2.0,-1,-1,-1.0
22829,22881,12415.113528810776,34761.4353729438,321.0,-1,-1,-1.0
22830,22882,18864.86125285388,26599.550815952345,455.0,-1,-1,-1.0
22831,22883,-19361.20099938681,-1573.987738590069,393.0,-1,43,-1.0
22832,22884,-31274.65994719717,12575.384593793358,146.0,-1,-1,-1.0
22833,22885,14419.704390781691,-2576.026971171377,361.0,-1,-1,-1.0
22834,22886,10248.082312749924,19397.681552685917,12.0,-1,-1,-1.0
22835,22887,-8642.140005413985,-34868.03354622236,437.0,-1,35,-1.0
22836,22888,10009.750470718747,6906.493764146682,227.0,-1,2,-1.0
22837,22889,-19277.92163889061,-21803.034428280404,218.0,-1,36,-1.0
22838,22890,-12663.411281394729,21615.2351800812,352.0,-1,-1,-1.0
22839,22891,-8756.92075166155,33213.1485385094,197.0,-1,-1,-1.0
22840,22892,18968.1702842266,5421.472625687136,493.0,-1,-1,-1.0
22841,22893,21049.13207591756,18530.2274650779,480.0,-1,18,-1.0
22842,22894,15986.785815163,-22126.29520177812,12.0,-1,-1,-1.0
22843,22895,25288.167101728563,-17213.44143738838,237.0,-1,-1,-1.0
22844,22896,22084.49987763128,16643.17656969159,88.0,-1,18,-1.0
22845,22897,12304.832853943692,2348.1677911798324,219.0,-1,-1,-1.0
22846,22898,11674.318783070426,27364.283349970006,31.0,-1,-1,-1.0
22847,22899,21238.515381380377,7219.360312452634,40.0,-1,-1,-1.0
22848,22900,-28201.67359450745,-35764.064589027155,92.0,-1,-1,-1.0
22849,22901,-16599.57371277808,4394.619456698354,198.0,-1,-1,-1.0
22850,22902,25704.525855439715,-17790.880398726276,15.0,-1,-1,-1.0
22851,22903,-38575.986595465925,-16438.537586016482,276.0,-1,-1,-1.0
22852,22904,-26517.197064174838,26721.9793549507,335.0,-1,-1,-1.0
22853,22905,27193.495547728147,-30513.896024784088,114.0,-1,-1,-1.0
22854,22906,-312.8252554927676,24304.312878872923,431.0,-1,-1,-1.0
22855,22907,2686.027385627982,-35.92572129951441,321.0,-1,-1,-1.0
22856,22908,-17472.598851736202,32305.946174053897,107.0,-1,-1,-1.0
22857,22909,-10313.98961271586,-6555.961504708415,279.0,-1,-1,-1.0
22858,22910,-14246.256098481648,37550.56378142441,389.0,-1,-1,-1.0
22859,22911,12971.387257460005,15653.813471589225,352.0,-1,-1,-1.0
22860,22912,-38018.66701881936,-32435.84081161128,194.0,-1,20,-1.0
22861,22913,-39768.964014263256,-10322.526911296056,94.0,-1,-1,-1.0
22862,22914,33045.35308196435,-35570.73400625401,331.0,-1,-1,-1.0
22863,22915,22265.307721569057,38806.12417497416,313.0,-1,-1,-1.0
22864,22916,24726.21950527604,24509.22715963039,225.0,-1,18,-1.0
22865,22917,26725.25775518765,-670.1905562031025,352.0,-1,-1,-1.0
22866,22918,8477.099217035277,2626.581338824646,91.0,-1,14,-1.0
22867,22919,7110.554971699195,-11677.534032572405,355.0,-1,-1,-1.0
22868,22920,3451.643492639727,-34707.92243604587,433.0,-1,-1,-1.0
22869,22921,13516.542156771844,-38840.208104931655,155.0,-1,4,-1.0
22870,22922,-32426.38299158478,1799.9913852336977,261.0,-1,-1,-1.0
22871,22923,11485.296560037576,17743.269372377217,225.0,-1,-1,-1.0
22872,22924,-17648.11694540539,-26337.283820469085,213.0,-1,36,-1.0
22873,22925,-12778.54383757008,6149.827490088814,179.0,-1,-1,-1.0
22874,22926,6513.394576419392,-20552.366833825407,76.0,-1,-1,-1.0
22875,22927,1963.4663140655105,-9224.745523152054,228.0,-1,31,-1.0
22876,22928,-28420.762215502076,18106.704894801696,366.0,-1,40,-1.0
22877,22929,23912.39664600296,-36369.14833229183,477.0,-1,-1,-1.0
22878,22930,28775.70589576045,19359.435824825567,407.0,-1,-1,-1.0
22879,22931,-10975.06473210971,10093.73186162029,393.0,-1,-1,-1.0
22880,22932,23788.152896918044,-9142.29765769657,127.0,-1,-1,-1.0
22881,22933,7555.524609526707,-26576.58570079532,179.0,-1,31,-1.0
22882,22934,2648.636823629793,-7238.358189123886,278.0,-1,-1,-1.0
22883,22935,-8150.895857528485,-19192.605218246204,246.0,-1,-1,-1.0
22884,22936,34929.56674505568,-35629.8155494518,342.0,-1,-1,-1.0
22885,22937,37504.56348384361,-33114.704228767805,94.0,-1,-1,-1.0
22886,22938,7992.018395867919,-22381.86435054516,463.0,-1,-1,-1.0
22887,22939,25012.065082154404,39630.18968035113,263.0,-1,-1,-1.0
22888,22940,-24427.322252345468,-18181.03188202998,475.0,-1,-1,-1.0
22889,22941,-34064.343864914554,-32106.69564384593,22.0,-1,-1,-1.0
22890,22942,29528.46574337274,-8334.99047223583,149.0,-1,-1,-1.0
22891,22943,3988.844499573562,834.7115667538601,269.0,-1,-1,-1.0
22892,22944,10244.02346615748,15707.518590712352,76.0,-1,-1,-1.0
22893,22945,8797.912564399165,-16712.85438176521,109.0,-1,-1,-1.0
22894,22946,8296.067712080505,33419.662384948504,182.0,-1,47,-1.0
22895,22947,33380.45553498788,-19022.295133130712,271.0,-1,-1,-1.0
22896,22948,-16322.396460997736,38497.84799655604,7.0,-1,-1,-1.0
22897,22949,9395.583230656785,-7402.945421563691,39.0,-1,-1,-1.0
22898,22950,7695.423915929809,35085.163090417365,408.0,-1,-1,-1.0
22899,22951,-7373.806771953379,17767.671854601722,93.0,-1,-1,-1.0
22900,22952,39632.41946262852,24478.73014119837,486.0,-1,-1,-1.0
22901,22953,22722.98805942038,-32822.74946450276,252.0,-1,-1,-1.0
22902,22954,2028.7780218867265,-26423.47698995532,256.0,-1,25,-1.0
22903,22955,1197.9819572706474,-38915.88105055776,379.0,-1,-1,-1.0
22904,22956,39763.36025792272,29860.69852863885,177.0,-1,-1,-1.0
22905,22957,-13186.429512769271,27381.059327657586,218.0,-1,48,60.0
22906,22958,-29898.219892095825,27230.23460426272,366.0,-1,-1,-1.0
22907,22959,4025.1249372161474,34129.266882248514,201.0,-1,-1,-1.0
22908,22960,21229.571436958264,-21625.652310756766,480.0,-1,-1,-1.0
22909,22961,-25540.49442685728,-11435.9690143948,426.0,-1,-1,-1.0
22910,22962,-3382.692940438814,-5358.0886614649135,110.0,-1,-1,-1.0
22911,22963,12665.81994497624,17938.481835276987,203.0,-1,-1,-1.0
22912,22964,-23945.75020660038,-39133.708497080406,334.0,-1,-1,-1.0
22913,22965,9790.641199375372,-24092.795800898886,376.0,-1,-1,-1.0
22914,22966,-15277.47174200205,-25276.72261789232,389.0,-1,-1,-1.0
22915,22967,-24619.124291336662,-19827.334786732783,191.0,-1,-1,-1.0
22916,22968,8110.574145037383,-35469.18712297447,395.0,-1,1,-1.0
22917,22969,-39840.931273656606,7119.234668934361,188.0,-1,-1,-1.0
22918,22970,7060.377531873317,8951.881864791256,235.0,-1,-1,-1.0
22919,22971,-37355.3145310641,-8692.773177392344,449.0,-1,32,38.0
22920,22972,16951.765434242137,28682.278561488696,264.0,-1,9,-1.0
22921,22973,-30502.84720497145,16029.285041654031,100.0,-1,-1,-1.0
22922,22974,26866.56790830792,-23372.52465380649,136.0,-1,45,-1.0
22923,22975,38058.96211982232,9707.245679386113,148.0,-1,-1,-1.0
22924,22976,19117.308423734845,-4238.999909251223,347.0,-1,-1,-1.0
22925,22977,-22985.90141233137,31920.59969019759,126.0,-1,-1,-1.0
22926,22978,-13184.735303001868,26680.821551832632,33.0,-1,48,-1.0
22927,22979,7480.964233615348,-7411.377445642629,31.0,-1,-1,-1.0
22928,22980,23672.18952592223,-28244.129832743267,284.0,-1,-1,-1.0
22929,22981,34412.416026270046,-2393.8542328493204,140.0,-1,-1,-1.0
22930,22982,-25606.806261018093,-31396.226956126597,62.0,-1,-1,-1.0
22931,22983,-36126.72997167872,-29135.343038115327,24.0,-1,20,-1.0
22932,22984,-26531.436759151504,36686.36792925141,408.0,-1,-1,-1.0
22933,22985,25182.256787213577,-5487.718295668099,231.0,-1,-1,-1.0
22934,22986,-22321.96033502615,-23752.714353951094,62.0,-1,36,-1.0
22935,22987,6788.530840241205,27468.57262158784,268.0,-1,-1,-1.0
22936,22988,-39855.21650471475,-22165.82480431768,74.0,-1,-1,-1.0
22937,22989,6285.295085036778,-29338.8984520959,227.0,-1,-1,-1.0
22938,22990,-18431.041735910643,25820.59656595084,263.0,-1,-1,-1.0
22939,22991,-12711.435589442644,-10188.945405534789,423.0,-1,-1,-1.0
22940,22992,38212.20163364783,32694.120180607497,256.0,-1,10,-1.0
22941,22993,-20584.670243062712,8747.840454445213,308.0,-1,-1,-1.0
22942,22994,28280.980125202463,9012.102301202904,496.0,-1,-1,-1.0
22943,22995,-31261.100008971167,-39958.93363372291,272.0,-1,-1,-1.0
22944,22996,20028.559635689016,-38727.72289840439,296.0,-1,-1,-1.0
22945,22997,-31574.437604664738,-26515.397536453795,62.0,-1,-1,-1.0
22946,22998,2183.218238176327,-2817.941668559848,476.0,-1,-1,-1.0
22947,22999,29830.896042596894,-7757.432522841067,78.0,-1,-1,-1.0
22948,23000,14432.324683654491,19573.286731188786,358.0,-1,-1,-1.0
22949,23001,29225.12174353705,-15494.08987712546,418.0,-1,-1,-1.0
22950,23002,6609.140653066264,32647.994088530977,340.0,-1,47,-1.0
22951,23003,-18760.33314981999,33599.28583864066,249.0,-1,-1,-1.0
22952,23004,-6811.65532717407,19819.729883287204,194.0,-1,-1,-1.0
22953,23005,-5890.735661189552,-1869.2111858670687,182.0,-1,-1,-1.0
22954,23006,-21875.4244719561,-29502.76983715937,220.0,-1,-1,-1.0
22955,23007,13765.538747106555,2200.878298172,295.0,-1,-1,-1.0
22956,23008,8375.585451923558,-18850.831589742444,153.0,-1,-1,-1.0
22957,23009,12670.266520134304,6348.484774045966,478.0,-1,-1,-1.0
22958,23010,-17270.186557881065,21285.235629224888,156.0,-1,-1,-1.0
22959,23011,18708.348783090856,-15849.164397277356,210.0,-1,45,-1.0
22960,23012,-28484.003824699663,-5144.571399202752,94.0,-1,41,-1.0
22961,23013,-438.6024698652691,27253.57913235374,451.0,-1,48,-1.0
22962,23014,-18353.98084622897,7594.462412890694,155.0,-1,-1,-1.0
22963,23015,37123.338608619655,29976.20415236015,448.0,-1,10,-1.0
22964,23016,-28325.35143563056,-30355.32532299194,318.0,-1,-1,-1.0
22965,23017,-28823.151469275068,-14474.466549618646,82.0,-1,-1,-1.0
22966,23018,31439.73984298368,9138.49917267001,305.0,-1,-1,-1.0
22967,23019,-2060.550334026455,-22777.62392634683,299.0,-1,-1,-1.0
22968,23020,-38905.352312528834,5240.901266349239,51.0,-1,-1,-1.0
22969,23021,26008.253541960687,29285.38579208757,75.0,-1,-1,-1.0
22970,23022,28107.93555525725,39475.56747289686,28.0,-1,-1,-1.0
22971,23023,12932.03995576346,-22524.99449460048,482.0,-1,-1,-1.0
22972,23024,23710.5380860586,7679.799584463988,107.0,-1,-1,-1.0
22973,23025,-29154.49119447609,-8553.4122885342,216.0,-1,41,-1.0
22974,23026,-12732.36323295696,516.6402940429034,401.0,-1,-1,-1.0
22975,23027,36212.50842057142,19344.170271905365,157.0,-1,28,-1.0
22976,23028,-19408.084075150888,-38120.72292010556,219.0,-1,-1,-1.0
22977,23029,-1225.4842504377884,8118.757499385843,94.0,-1,27,-1.0
22978,23030,37147.35917497089,37116.56867701547,444.0,-1,-1,-1.0
22979,23031,-5930.353408838113,19999.260300776023,426.0,-1,-1,-1.0
22980,23032,-4853.25449789891,-489.6293177907719,88.0,-1,-1,-1.0
22981,23033,23382.943740547948,28886.03828793738,222.0,-1,-1,-1.0
22982,23034,26764.616576556306,-21907.652517473987,104.0,-1,45,-1.0
22983,23035,18483.70931953042,-21011.29337915145,250.0,-1,-1,-1.0
22984,23036,-18712.393847725365,-30297.20907311312,341.0,-1,-1,-1.0
22985,23037,19078.335984788195,-15585.497645830088,86.0,-1,45,-1.0
22986,23038,10224.452089632076,-37606.946792762974,152.0,-1,-1,-1.0
22987,23039,24092.56091720998,24518.28138887188,458.0,-1,18,-1.0
22988,23040,36527.66462370216,22940.64778874508,60.0,-1,-1,-1.0
22989,23041,-11955.58321118254,5562.709064193732,323.0,-1,-1,-1.0
22990,23042,5864.0999598046255,-21834.659397240677,253.0,-1,-1,-1.0
22991,23043,-35287.608425807375,34583.56123844349,387.0,-1,-1,-1.0
22992,23044,34488.13304055395,-9976.322256539748,453.0,-1,33,-1.0
22993,23045,-9618.0056764839,16608.095782729448,311.0,-1,-1,-1.0
22994,23046,-30517.462317560567,-12728.967093537884,351.0,-1,-1,-1.0
22995,23047,-7118.636233550453,16877.44405006592,365.0,-1,-1,-1.0
22996,23048,15203.909791435952,21397.288470932792,117.0,-1,-1,-1.0
22997,23049,19167.20476171789,36119.3385443149,123.0,-1,30,-1.0
22998,23050,-13516.341980705856,21001.35413182866,331.0,-1,-1,-1.0
22999,23051,11940.612893481702,-19070.980916650788,451.0,-1,-1,-1.0
23000,23052,18583.684696350298,-9280.66185957321,286.0,-1,-1,-1.0
23001,23053,-13349.3450893622,-34909.02171224692,125.0,-1,36,-1.0
23002,23054,17589.50707291456,35336.19216874502,437.0,-1,30,-1.0
23003,23055,27102.022030972992,-30021.96205038775,95.0,-1,-1,-1.0
23004,23056,10713.876175824713,-21089.368714104585,329.0,-1,-1,-1.0
23005,23057,25557.562048227264,25739.15688488359,415.0,-1,-1,-1.0
23006,23058,-36030.642303672896,-23715.42796598393,438.0,-1,-1,-1.0
23007,23059,-10714.45042642952,-8090.724369690775,255.0,-1,-1,-1.0
23008,23060,34404.98577729463,-15951.497502929986,177.0,-1,-1,-1.0
23009,23061,31752.5765119759,-66.80349353886413,131.0,-1,-1,-1.0
23010,23062,14274.2792733861,-6166.890646548869,74.0,-1,13,-1.0
23011,23063,-20601.760414000568,-32611.9151812416,362.0,-1,-1,-1.0
23012,23064,-27398.69259837321,-17207.366219332813,140.0,-1,-1,-1.0
23013,23065,-19655.877794686206,22591.64846370192,14.0,-1,-1,-1.0
23014,23066,-1089.8138941597936,-29648.320120327407,479.0,-1,-1,-1.0
23015,23067,36014.7051464191,-22126.7346636205,304.0,-1,-1,-1.0
23016,23068,-14534.639466499431,39121.30184901904,473.0,-1,-1,-1.0
23017,23069,-34355.3532139212,-5066.772289382614,490.0,-1,-1,-1.0
23018,23070,13202.594036848684,34407.07236088913,234.0,-1,-1,-1.0
23019,23071,-27298.96675452937,30021.21773066248,262.0,-1,-1,-1.0
23020,23072,-26835.634525108813,33469.37227384304,370.0,-1,-1,-1.0
23021,23073,-23025.52877774633,37325.04352190081,191.0,-1,-1,-1.0
23022,23074,38247.51668897354,28043.65700206521,75.0,-1,-1,-1.0
23023,23075,-1154.172930826964,35072.53721765298,157.0,-1,-1,-1.0
23024,23076,-14147.027087595625,38840.01364114796,105.0,-1,-1,-1.0
23025,23077,-33620.62626474337,13082.280446437682,6.0,-1,24,-1.0
23026,23078,6869.774364650009,-12271.641283310924,10.0,-1,-1,-1.0
23027,23079,8750.94388913051,7067.871123185883,88.0,-1,-1,-1.0
23028,23080,-39177.793647617305,27508.175458511352,223.0,-1,-1,-1.0
23029,23081,39015.28288521971,-34882.036114128365,441.0,-1,-1,-1.0
23030,23082,637.5175188273352,-7278.823778428356,415.0,-1,31,-1.0
23031,23083,-24913.24693800111,32088.83509538423,379.0,-1,-1,-1.0
23032,23084,-3289.427523114682,18376.46897852464,338.0,-1,46,54.0
23033,23085,34379.865752108555,37784.366383204455,24.0,-1,-1,-1.0
23034,23086,-16251.867987084632,28883.41992608129,38.0,-1,48,-1.0
23035,23087,26743.55569991877,-32887.07913626897,268.0,-1,-1,-1.0
23036,23088,10362.772353352955,-15290.8600707428,301.0,-1,-1,-1.0
23037,23089,-4155.219913016852,5624.974113906232,483.0,-1,27,-1.0
23038,23090,-26245.37523934544,11328.91736246906,8.0,-1,-1,-1.0
23039,23091,115.13301101193063,28845.74804961575,441.0,-1,-1,-1.0
23040,23092,-27042.500437858384,7943.490440289162,401.0,-1,-1,-1.0
23041,23093,12574.355436755526,-25696.37245159626,94.0,-1,-1,-1.0
23042,23094,-11985.03268248744,24076.13308348522,428.0,-1,48,-1.0
23043,23095,34398.71937799598,-29653.53702143048,39.0,-1,-1,-1.0
23044,23096,20004.8088032703,-6636.831262746513,279.0,-1,44,-1.0
23045,23097,-26896.92680033708,-23501.49712033515,194.0,-1,-1,-1.0
23046,23098,23739.726943248286,6256.25123598893,379.0,-1,-1,-1.0
23047,23099,11330.64086938752,-14900.943236395924,12.0,-1,-1,-1.0
23048,23100,17340.23241450255,-15703.802353475729,488.0,-1,44,-1.0
23049,23101,17523.825424057453,-18438.139309212387,329.0,-1,-1,-1.0
23050,23102,15783.660597821552,-5757.407838768908,462.0,-1,13,-1.0
23051,23103,6408.320338422564,7297.611648300743,331.0,-1,-1,-1.0
23052,23104,11943.275919458662,-9073.600836897393,462.0,-1,13,-1.0
23053,23105,25626.06141735411,-35853.89494398998,239.0,-1,-1,-1.0
23054,23106,-10996.870738524727,-25294.819881875865,377.0,-1,17,-1.0
23055,23107,8191.063732819399,-13395.58908691024,434.0,-1,31,-1.0
23056,23108,23961.38821185595,1808.089824456241,243.0,-1,-1,-1.0
23057,23109,-15359.961638060166,5077.502755326859,302.0,-1,26,-1.0
23058,23110,21542.96502563895,32629.696889823343,352.0,-1,-1,-1.0
23059,23111,15511.209394169457,-17124.179709248412,197.0,-1,45,-1.0
23060,23112,21878.852725022363,29270.252371159357,99.0,-1,-1,-1.0
23061,23113,2856.394208040838,12738.939289795877,249.0,-1,-1,-1.0
23062,23114,20475.456967502403,-12328.325972188772,397.0,-1,-1,-1.0
23063,23115,-14769.371053848969,6822.830413793527,159.0,-1,-1,-1.0
23064,23116,22445.7754532762,15560.04709475521,430.0,-1,-1,-1.0
23065,23117,17252.595836068554,-33477.803285093265,227.0,-1,-1,-1.0
23066,23118,-24386.179478059174,17976.290883040892,154.0,-1,-1,-1.0
23067,23119,11200.04049142517,-38848.41541831745,467.0,-1,-1,-1.0
23068,23120,-28765.434833546293,-22996.2607097569,477.0,-1,39,-1.0
23069,23121,29908.80941226623,24780.08199533456,323.0,-1,-1,-1.0
23070,23122,5775.781725229266,5289.504987442655,273.0,-1,-1,-1.0
23071,23123,-16506.64199633539,-38144.02143004174,221.0,-1,-1,-1.0
23072,23124,-8362.079340446147,-17038.492183025395,383.0,-1,-1,-1.0
23073,23125,-35556.69525129063,-13028.240442042388,142.0,-1,32,38.0
23074,23126,20400.88493628688,-22637.62629768742,463.0,-1,-1,-1.0
23075,23127,22893.28929840053,34045.65022312393,264.0,-1,-1,-1.0
23076,23128,6682.9080684526125,-19590.75629157992,97.0,-1,-1,-1.0
23077,23129,-9937.28850913075,-1896.2960277429884,16.0,-1,-1,-1.0
23078,23130,21915.85262142594,38699.6913613166,323.0,-1,-1,-1.0
23079,23131,-9447.00448253804,31992.73629731225,153.0,-1,-1,-1.0
23080,23132,38279.455869303856,38152.28006820618,465.0,-1,-1,-1.0
23081,23133,702.8654985095418,2424.082616816704,219.0,-1,-1,-1.0
23082,23134,36762.37845303083,-36554.178766582416,56.0,-1,21,-1.0
23083,23135,31468.586957454783,21021.81522307048,494.0,-1,-1,-1.0
23084,23136,14112.036937978371,12341.910736454149,319.0,-1,-1,-1.0
23085,23137,39543.26989579802,29637.61711889814,465.0,-1,-1,-1.0
23086,23138,34539.9254621491,-30287.66517821696,445.0,-1,-1,-1.0
23087,23139,-18011.79070612477,-25456.41666050177,39.0,-1,36,42.0
23088,23140,-37879.40194374247,4419.492051499939,9.0,-1,-1,-1.0
23089,23141,18024.566486227566,-20339.999784325693,164.0,-1,-1,-1.0
23090,23142,38058.62487454427,-27038.95675715427,35.0,-1,-1,-1.0
23091,23143,5225.418635595466,-6487.737306132272,171.0,-1,-1,-1.0
23092,23144,-3703.888078073076,-38984.8101965356,144.0,-1,-1,-1.0
23093,23145,33041.04091332911,-24004.55355952693,479.0,-1,45,-1.0
23094,23146,3046.8734587054205,-8805.905366507512,240.0,-1,-1,-1.0
23095,23147,-21636.425151787967,23308.67452923899,226.0,-1,-1,-1.0
23096,23148,-32138.03617860061,-16053.037245565289,210.0,-1,-1,-1.0
23097,23149,38281.18464563623,-11582.08624342829,270.0,-1,-1,-1.0
23098,23150,13129.92458946354,-27077.05331504906,400.0,-1,3,-1.0
23099,23151,3547.5150571372506,39418.79281766684,417.0,-1,-1,-1.0
23100,23152,36174.78842304497,17669.72550496024,187.0,-1,28,-1.0
23101,23153,-25046.61696229218,6898.506602431,271.0,-1,-1,-1.0
23102,23154,-14103.329469907938,7781.805951273302,424.0,-1,-1,-1.0
23103,23155,18961.137534036563,-20288.7920351518,479.0,-1,-1,-1.0
23104,23156,-29404.50011779542,-16586.37441507735,359.0,-1,-1,-1.0
23105,23157,33792.55471630189,26036.016736610007,371.0,-1,-1,-1.0
23106,23158,9076.348574202726,-39988.25078445757,381.0,-1,-1,-1.0
23107,23159,-38200.29393566445,17801.429888468483,329.0,-1,-1,-1.0
23108,23160,-35241.63655638139,-36862.84995305228,113.0,-1,19,-1.0
23109,23161,18273.85572397105,9829.489059249076,108.0,-1,-1,-1.0
23110,23162,-25631.31800337909,2557.260088682786,239.0,-1,-1,-1.0
23111,23163,18597.452806215908,6312.467965385571,127.0,-1,-1,-1.0
23112,23164,130.51558210370422,-1128.2767428822044,458.0,-1,-1,-1.0
23113,23165,-24787.849498561885,30424.829881945247,243.0,-1,-1,-1.0
23114,23166,30251.21252221389,9789.613494333207,425.0,-1,-1,-1.0
23115,23167,-15135.880002709437,5589.434410245682,50.0,-1,26,-1.0
23116,23168,5674.903698070702,14825.360076420788,359.0,-1,8,-1.0
23117,23169,-427.6985250578218,-5379.646291091463,68.0,-1,-1,-1.0
23118,23170,-11411.940463634426,-914.6249904350988,347.0,-1,-1,-1.0
23119,23171,19964.745283016404,26324.661873701087,135.0,-1,-1,-1.0
23120,23172,22489.776763338843,-36617.02446488816,163.0,-1,-1,-1.0
23121,23173,-9033.032487974657,7166.74702697718,218.0,-1,27,-1.0
23122,23174,-23648.146609469743,8494.823168352115,485.0,-1,-1,-1.0
23123,23175,-30163.26828643419,34708.34058122538,95.0,-1,6,-1.0
23124,23176,-33327.173740787155,8275.919727255321,336.0,-1,-1,-1.0
23125,23177,18315.96457000857,24991.06313842517,324.0,-1,9,-1.0
23126,23178,2712.701436998541,-7801.870552571683,368.0,-1,-1,-1.0
23127,23179,-4489.637313853258,-20312.03483281203,416.0,-1,7,-1.0
23128,23180,-37382.559293041006,-16616.904046347685,112.0,-1,-1,-1.0
23129,23181,30049.123812713617,-23217.60356026914,234.0,-1,45,53.0
23130,23182,7042.285649404657,33609.69424060141,69.0,-1,47,-1.0
23131,23183,14838.036293558493,-4879.4260946339855,270.0,-1,13,-1.0
23132,23184,1159.3659789650992,5083.411447823455,276.0,-1,-1,-1.0
23133,23185,-10337.368810538335,-36797.63168211375,446.0,-1,-1,-1.0
23134,23186,-39208.12334585573,-22330.93104304455,25.0,-1,-1,-1.0
23135,23187,35346.48637739236,-10400.258734997704,297.0,-1,-1,-1.0
23136,23188,-33617.53161478783,27498.03581108134,383.0,-1,-1,-1.0
23137,23189,3732.363658699564,-19929.24458294072,459.0,-1,-1,-1.0
23138,23190,-6584.90312171034,-12065.665225301778,101.0,-1,31,-1.0
23139,23191,-19656.439172618386,8596.170430157385,155.0,-1,-1,-1.0
23140,23192,28577.856349862035,-22125.635903544244,477.0,-1,45,-1.0
23141,23193,-14588.490632895948,-24235.917332652825,499.0,-1,-1,-1.0
23142,23194,31566.614450671725,-3507.5821337811503,87.0,-1,-1,-1.0
23143,23195,-18634.88682271327,39095.320884386965,68.0,-1,-1,-1.0
23144,23196,-11974.548110588694,-7959.316681052169,7.0,-1,-1,-1.0
23145,23197,6989.665832799044,2202.1176210913545,76.0,-1,14,-1.0
23146,23198,11466.67017252316,7579.048248293206,189.0,-1,-1,-1.0
23147,23199,27796.08319196479,-22109.76789115976,440.0,-1,45,-1.0
23148,23200,-36932.499310209365,19767.621421736112,436.0,-1,23,-1.0
23149,23201,-36159.62047728944,-12185.086807476084,356.0,-1,32,38.0
23150,23202,-24720.567345859024,-32602.47713193276,140.0,-1,-1,-1.0
23151,23203,4948.404958883853,-12412.274310724304,111.0,-1,31,-1.0
23152,23204,36632.19042118764,34269.59957223853,282.0,-1,10,-1.0
23153,23205,25608.718225707256,-31380.792373031123,199.0,-1,-1,-1.0
23154,23206,-25955.567497644784,35642.16560437117,169.0,-1,-1,-1.0
23155,23207,-28972.595387257505,-23623.843781714928,392.0,-1,-1,-1.0
23156,23208,34846.09608729565,36556.34322380806,286.0,-1,-1,-1.0
23157,23209,-39704.016218689125,15716.267899435152,45.0,-1,-1,-1.0
23158,23210,28124.48726068329,-10863.473574094114,144.0,-1,-1,-1.0
23159,23211,-30809.41356981733,-10890.337987091145,363.0,-1,-1,-1.0
23160,23212,-39467.92225429392,-22293.92371790376,384.0,-1,-1,-1.0
23161,23213,14400.441882442648,-21473.91995863856,237.0,-1,-1,-1.0
23162,23214,-20819.35284396298,-23230.907055115196,289.0,-1,-1,-1.0
23163,23215,-36669.039923986704,1237.297681507669,42.0,-1,-1,-1.0
23164,23216,-10179.530842462362,-10904.822648127396,77.0,-1,-1,-1.0
23165,23217,27549.3042421031,11232.937107408545,454.0,-1,15,-1.0
23166,23218,22315.239520364936,14355.035928510595,494.0,-1,-1,-1.0
23167,23219,24708.66923645709,-36404.44038962506,285.0,-1,-1,-1.0
23168,23220,13671.204926065424,16901.157525951327,262.0,-1,-1,-1.0
23169,23221,-15501.343885872016,5017.288524340329,68.0,-1,26,-1.0
23170,23222,31118.284882581866,-13572.793444940788,444.0,-1,-1,-1.0
23171,23223,2570.779956907165,4375.900936557169,387.0,-1,14,-1.0
23172,23224,-30424.160601649124,-21317.03136232483,17.0,-1,39,-1.0
23173,23225,-4682.506033947342,-12121.045604468669,84.0,-1,31,-1.0
23174,23226,33082.66624443687,-31837.91359915541,120.0,-1,-1,-1.0
23175,23227,-16634.93103785898,-18460.140169003236,444.0,-1,-1,-1.0
23176,23228,-38302.81536031095,-8511.955848113768,122.0,-1,-1,-1.0
23177,23229,-18649.59547441973,7713.633861976756,232.0,-1,-1,-1.0
23178,23230,-5369.733199258546,-33433.36316476151,460.0,-1,35,-1.0
23179,23231,-19905.08550435243,-37959.29392110266,63.0,-1,-1,-1.0
23180,23232,-7325.111283147602,29868.54143882754,19.0,-1,-1,-1.0
23181,23233,3195.83991664771,18171.410090965022,77.0,-1,-1,-1.0
23182,23234,-38879.43330652107,-21112.525186861458,493.0,-1,0,-1.0
23183,23235,12085.50725015918,-3758.649878898206,470.0,-1,-1,-1.0
23184,23236,-20782.933046577804,5350.826647412592,60.0,-1,-1,-1.0
23185,23237,31691.043079670533,7064.835781888134,29.0,-1,-1,-1.0
23186,23238,-29007.999702494435,-17615.319456788977,100.0,-1,-1,-1.0
23187,23239,-13035.593803598576,26289.24766027321,384.0,-1,48,-1.0
23188,23240,-30840.631935075013,12837.636494403056,326.0,-1,-1,-1.0
23189,23241,-16012.370551294436,1732.576863179267,48.0,-1,-1,-1.0
23190,23242,-13991.52103100614,-31875.088214272448,214.0,-1,36,-1.0
23191,23243,14924.130447798503,28316.070412692585,5.0,-1,9,-1.0
23192,23244,23741.009059746502,33121.81536260643,3.0,-1,-1,-1.0
23193,23245,10380.310657581957,16026.279461554172,318.0,-1,-1,-1.0
23194,23246,-1011.3097618755636,176.93666629822835,318.0,-1,22,-1.0
23195,23247,36677.00718654005,-4129.99924449213,242.0,-1,33,-1.0
23196,23248,-38658.551870380776,23926.02593498034,413.0,-1,-1,-1.0
23197,23249,-34938.831424602366,15297.705751434216,161.0,-1,24,-1.0
23198,23250,-15384.199039046573,4992.864772915207,409.0,-1,26,-1.0
23199,23251,12079.568361940248,17122.323616516645,333.0,-1,-1,-1.0
23200,23252,20587.211830070068,-4328.701315467166,460.0,-1,-1,-1.0
23201,23253,39642.52697697248,-9261.273652650309,116.0,-1,-1,-1.0
23202,23254,39014.36590395258,8548.264344146664,427.0,-1,-1,-1.0
23203,23255,1852.9783289713523,-22219.004977306136,146.0,-1,31,-1.0
23204,23256,10437.859138063686,35052.345981062856,20.0,-1,-1,-1.0
23205,23257,-32961.514004234574,-15186.836876095267,88.0,-1,-1,-1.0
23206,23258,13021.188764864346,-38776.97832456524,165.0,-1,-1,-1.0
23207,23259,-21846.07343622476,-9793.461217631157,8.0,-1,-1,-1.0
23208,23260,-34181.687804153844,16184.49489513308,401.0,-1,24,-1.0
23209,23261,4045.276977040732,-13775.274593927006,289.0,-1,-1,-1.0
23210,23262,-34587.96674619875,28121.76207246525,232.0,-1,-1,-1.0
23211,23263,-3198.9237837929613,28159.4181067976,286.0,-1,-1,-1.0
23212,23264,20975.292229179053,27919.831858503807,339.0,-1,-1,-1.0
23213,23265,-28606.261046265507,-29961.937277309386,303.0,-1,-1,-1.0
23214,23266,22497.034919478632,32053.93530138569,462.0,-1,-1,-1.0
23215,23267,37044.0187816323,9278.392290540483,374.0,-1,28,-1.0
23216,23268,11326.928011551428,26369.16031961617,205.0,-1,-1,-1.0
23217,23269,22434.697958484336,-26790.980946738844,312.0,-1,-1,-1.0
23218,23270,-15325.206840648836,31156.098275039025,56.0,-1,-1,-1.0
23219,23271,4036.700823301712,18719.336806856656,443.0,-1,-1,-1.0
23220,23272,8300.17580783215,11108.658460002303,223.0,-1,8,-1.0
23221,23273,38043.77213615872,7229.93372163309,153.0,-1,-1,-1.0
23222,23274,1046.6926323607768,-14566.385989811748,69.0,-1,31,-1.0
23223,23275,22918.20736853678,19500.083360563025,160.0,-1,-1,-1.0
23224,23276,32100.96060262478,29935.69562232833,17.0,-1,-1,-1.0
23225,23277,-9654.685805340818,12440.692705812078,106.0,-1,27,-1.0
23226,23278,32882.60119998749,8389.087299986422,320.0,-1,-1,-1.0
23227,23279,-33216.60643892889,39051.77189724939,495.0,-1,-1,-1.0
23228,23280,20048.05923815233,-27592.049090637003,233.0,-1,-1,-1.0
23229,23281,29573.417897094696,-33929.81493705802,291.0,-1,-1,-1.0
23230,23282,-37217.877078183104,29231.979972667745,486.0,-1,-1,-1.0
23231,23283,-2435.626236203978,29375.37854367659,299.0,-1,-1,-1.0
23232,23284,18255.24285711196,35076.4257166389,67.0,-1,30,-1.0
23233,23285,27972.04871357128,-33499.52431158643,36.0,-1,-1,-1.0
23234,23286,-4418.113112622872,39637.84889076432,283.0,-1,-1,-1.0
23235,23287,18978.226280611318,390.5180555033003,31.0,-1,-1,-1.0
23236,23288,-5472.847911682533,-33113.57000878028,183.0,-1,35,-1.0
23237,23289,-34955.19494227266,35088.336404495145,4.0,-1,5,-1.0
23238,23290,33553.06206134084,1542.0527888063516,18.0,-1,-1,-1.0
23239,23291,26920.810791884254,8250.338778524638,250.0,-1,15,-1.0
23240,23292,28069.11015433971,-23095.871374645278,451.0,-1,-1,-1.0
23241,23293,32539.25412429948,38778.76317032077,308.0,-1,-1,-1.0
23242,23294,9801.704718341432,-35340.67021388438,497.0,-1,-1,-1.0
23243,23295,19434.311659800434,-34601.02996706315,130.0,-1,-1,-1.0
23244,23296,25933.010062873,16475.034064237574,33.0,-1,-1,-1.0
23245,23297,-32764.20084950063,-3466.9721422021103,202.0,-1,-1,-1.0
23246,23298,27383.29292197466,-27569.74620061065,46.0,-1,-1,-1.0
23247,23299,-15977.007604445542,22783.42392648443,12.0,-1,-1,-1.0
23248,23300,1491.846707937504,13577.11137781114,143.0,-1,-1,-1.0
23249,23301,-15158.955309464243,-9201.456092513068,78.0,-1,43,-1.0
23250,23302,3501.439717716661,-10548.823685462748,175.0,-1,-1,-1.0
23251,23303,28698.64153855552,-16835.400983501964,498.0,-1,-1,-1.0
23252,23304,-36438.79954810269,-24008.09748539875,484.0,-1,-1,-1.0
23253,23305,-2469.4457492168003,-26194.39518764468,459.0,-1,-1,-1.0
23254,23306,31706.677406184943,-20452.720536804813,19.0,-1,-1,-1.0
23255,23307,-10109.005865940431,15255.43459568922,392.0,-1,-1,-1.0
23256,23308,-39750.9280920497,-1735.2473937842806,433.0,-1,-1,-1.0
23257,23309,-8186.76883488525,-16456.127246957956,336.0,-1,-1,-1.0
23258,23310,-10542.467805642762,-29857.45100779969,57.0,-1,-1,-1.0
23259,23311,-24297.64350642337,-24664.42321658021,458.0,-1,38,-1.0
23260,23312,20391.826981644524,-2612.9585753832507,97.0,-1,-1,-1.0
23261,23313,-27709.1132191702,-16318.291608413783,272.0,-1,-1,-1.0
23262,23314,25066.980879320363,-11784.896772235508,13.0,-1,-1,-1.0
23263,23315,-17641.664430347693,10398.160314656969,452.0,-1,-1,-1.0
23264,23316,34561.31598520449,-34206.14407386361,463.0,-1,-1,-1.0
23265,23317,-36157.14481503375,-22660.84429978999,445.0,-1,-1,-1.0
23266,23318,-36899.74334914672,-38267.25707994833,96.0,-1,-1,-1.0
23267,23319,34741.1905523024,13272.512362839669,191.0,-1,28,32.0
23268,23320,-1233.9172090311622,21860.260191098525,307.0,-1,-1,-1.0
23269,23321,-37442.0778104081,5874.282858207938,387.0,-1,-1,-1.0
23270,23322,13060.824647690722,-11038.32084868296,490.0,-1,-1,-1.0
23271,23323,-18301.3882909981,-29107.59058980545,466.0,-1,36,-1.0
23272,23324,-22282.9459084927,-39680.51688926075,310.0,-1,-1,-1.0
23273,23325,-17190.287928070375,22271.78784324249,371.0,-1,-1,-1.0
23274,23326,-19841.829053431917,31128.397130051235,47.0,-1,-1,-1.0
23275,23327,29681.41343078141,-27809.109596456277,314.0,-1,-1,-1.0
23276,23328,5904.706831551266,13966.005928825703,412.0,-1,8,-1.0
23277,23329,11462.13931897725,-6100.895625853998,312.0,-1,-1,-1.0
23278,23330,-34344.328374816745,14637.620158411788,312.0,-1,24,-1.0
23279,23331,37495.52197230404,9572.986948751888,443.0,-1,28,-1.0
23280,23332,-32321.455675257963,32068.046221013487,335.0,-1,6,-1.0
23281,23333,-10533.877763454944,29818.02513220765,0.0,-1,-1,-1.0
23282,23334,7083.295581377461,-20801.2281789292,408.0,-1,-1,-1.0
23283,23335,27490.54867073857,-4558.75899595824,110.0,-1,-1,-1.0
23284,23336,-35138.48931592035,-8792.028450259462,17.0,-1,-1,-1.0
23285,23337,-9236.002156536675,21048.353542674507,21.0,-1,-1,-1.0
23286,23338,806.1754920541207,-32825.63010795719,318.0,-1,-1,-1.0
23287,23339,-30565.540372824104,1828.7171620713489,482.0,-1,29,-1.0
23288,23340,-11201.781342237246,-13996.348301090393,199.0,-1,-1,-1.0
23289,23341,22913.355285664104,-30020.120899247828,17.0,-1,-1,-1.0
23290,23342,-6076.550094156053,-7932.811748398053,495.0,-1,31,-1.0
23291,23343,-34054.84193991462,23598.10875304714,423.0,-1,-1,-1.0
23292,23344,20217.77669421005,-18011.62160365302,95.0,-1,-1,-1.0
23293,23345,14611.086528901424,34547.850487243646,191.0,-1,-1,-1.0
23294,23346,-2512.2525966348767,37391.6534194608,397.0,-1,48,-1.0
23295,23347,-19188.1896722484,-26081.066807794472,124.0,-1,36,-1.0
23296,23348,-15249.448792048815,719.1957243295547,155.0,-1,-1,-1.0
23297,23349,17143.802242000682,31756.01021586267,103.0,-1,-1,-1.0
23298,23350,-37506.043965573816,19122.215039710754,159.0,-1,-1,-1.0
23299,23351,16426.357739968196,1897.3185076530356,388.0,-1,-1,-1.0
23300,23352,-7155.871767944343,-32747.62539293727,270.0,-1,35,-1.0
23301,23353,-28735.82700306864,38569.45744875683,166.0,-1,-1,-1.0
23302,23354,28609.655304917105,13240.570764232514,146.0,-1,-1,-1.0
23303,23355,-2349.293355513786,-1781.4959485167128,127.0,-1,-1,-1.0
23304,23356,22062.83537597715,-25686.21052293053,347.0,-1,-1,-1.0
23305,23357,13764.637961792992,-34849.344022377976,131.0,-1,4,-1.0
23306,23358,26499.46929210433,-31011.293841611023,53.0,-1,-1,-1.0
23307,23359,-12152.601147611123,6196.714056858014,222.0,-1,-1,-1.0
23308,23360,-31334.806196887977,3375.2088459081497,327.0,-1,29,-1.0
23309,23361,-29111.709381708584,-10467.247246563207,241.0,-1,-1,-1.0
23310,23362,-28314.443132517208,-30259.283040903814,220.0,-1,-1,-1.0
23311,23363,-27862.144651816987,12025.179527559958,36.0,-1,-1,-1.0
23312,23364,-32015.96770758971,4743.422626549429,447.0,-1,-1,-1.0
23313,23365,-7113.114019190849,16562.18843083815,461.0,-1,-1,-1.0
23314,23366,32963.5914866792,35359.28665391616,173.0,-1,-1,-1.0
23315,23367,35494.30989803956,7115.983533001738,89.0,-1,28,-1.0
23316,23368,-37993.776919020806,24923.342658674257,75.0,-1,23,-1.0
23317,23369,-4135.0001673635925,35524.93278437875,46.0,-1,48,-1.0
23318,23370,33098.69469791786,-1647.5783554370428,51.0,-1,33,-1.0
23319,23371,1129.4252657624893,547.1493190188994,165.0,-1,-1,-1.0
23320,23372,20005.87231716371,6650.098764732145,317.0,-1,-1,-1.0
23321,23373,-4548.605280996257,-34220.992865426335,60.0,-1,35,-1.0
23322,23374,-39707.53986865396,11588.765238778537,255.0,-1,-1,-1.0
23323,23375,38735.65689542811,-16880.358534273735,456.0,-1,-1,-1.0
23324,23376,-26109.64122850449,-26787.569733263637,135.0,-1,-1,-1.0
23325,23377,26417.04977039536,-3593.131804007171,48.0,-1,-1,-1.0
23326,23378,-25175.608029187133,16906.51941324731,396.0,-1,-1,-1.0
23327,23379,13741.086814075788,26040.57863271254,496.0,-1,-1,-1.0
23328,23380,-32585.517666981286,-13242.868511989982,456.0,-1,-1,-1.0
23329,23381,-31132.125862360328,-5483.942452056996,290.0,-1,-1,-1.0
23330,23382,39976.08009986216,-18581.93575025384,321.0,-1,-1,-1.0
23331,23383,-34044.481847251875,36196.03081215201,221.0,-1,-1,-1.0
23332,23384,-28701.22076755176,26233.46386051564,387.0,-1,-1,-1.0
23333,23385,5398.307716196752,-24733.1315293843,29.0,-1,31,-1.0
23334,23386,-26376.47448635403,-10725.476282127323,86.0,-1,-1,-1.0
23335,23387,36485.584364560505,-29209.53230358557,325.0,-1,-1,-1.0
23336,23388,-13132.271978651992,34142.16542159456,276.0,-1,48,-1.0
23337,23389,6581.796746782675,32021.01319817193,166.0,-1,-1,-1.0
23338,23390,27941.57053175292,9669.1489619126,79.0,-1,-1,-1.0
23339,23391,7147.665845551244,34776.44332064524,300.0,-1,-1,-1.0
23340,23392,19953.57603562804,20242.79099152662,483.0,-1,18,-1.0
23341,23393,-5927.923416376369,9663.581912683449,71.0,-1,-1,-1.0
23342,23394,32800.31488169395,21010.29908895096,409.0,-1,-1,-1.0
23343,23395,14206.6665170696,26728.497843442383,322.0,-1,-1,-1.0
23344,23396,8986.950460613509,20253.61171086364,331.0,-1,-1,-1.0
23345,23397,-19473.90854844878,-20384.35932578393,327.0,-1,-1,-1.0
23346,23398,14138.500975914496,-10589.637648057986,382.0,-1,-1,-1.0
23347,23399,-11420.266304785997,12543.768084805692,324.0,-1,-1,-1.0
23348,23400,28132.326872524223,21011.482275979462,312.0,-1,-1,-1.0
23349,23401,-2556.7803138949675,29972.90971340265,232.0,-1,-1,-1.0
23350,23402,6931.672560250554,-26248.81610954935,280.0,-1,31,-1.0
23351,23403,-33507.904043271345,18344.271555302497,407.0,-1,-1,-1.0
23352,23404,4267.780191225727,16747.858654682597,487.0,-1,-1,-1.0
23353,23405,6070.513355478979,-31587.10351265139,2.0,-1,-1,-1.0
23354,23406,38900.3460443035,-31925.580719640748,112.0,-1,-1,-1.0
23355,23407,8666.918065623344,-37967.41617537731,64.0,-1,1,-1.0
23356,23408,-29433.32419562256,-24428.263091434623,79.0,-1,-1,-1.0
23357,23409,36031.88978496268,23661.424632440743,222.0,-1,-1,-1.0
23358,23410,11285.803792885104,-24650.22471223276,111.0,-1,3,-1.0
23359,23411,6828.139360073357,1966.752595985476,114.0,-1,-1,-1.0
23360,23412,2268.5925425194,-26496.975557688813,409.0,-1,25,-1.0
23361,23413,-10157.684033170648,-7813.940910052999,334.0,-1,31,-1.0
23362,23414,27528.79359546085,19680.20127117142,165.0,-1,-1,-1.0
23363,23415,4468.243297279543,25732.472266422294,210.0,-1,48,-1.0
23364,23416,-22244.807436459483,-35147.35267879921,175.0,-1,-1,-1.0
23365,23417,-28314.69618407774,293.6324349116039,167.0,-1,-1,-1.0
23366,23418,-13029.606948683962,35.28777773366164,88.0,-1,-1,-1.0
23367,23419,-1416.903609120469,-11940.925288295042,2.0,-1,31,-1.0
23368,23420,20771.48097924213,-23069.07332991358,452.0,-1,-1,-1.0
23369,23421,-10994.574049720995,28912.544067881696,298.0,-1,-1,-1.0
23370,23422,10022.472829732586,-2310.71839773353,16.0,-1,-1,-1.0
23371,23423,23814.35412275076,32930.46667009135,62.0,-1,-1,-1.0
23372,23424,-8695.479499619702,36901.42561400043,143.0,-1,48,57.0
23373,23425,19050.823845732222,5083.424594329794,53.0,-1,-1,-1.0
23374,23426,-20343.612212737906,20594.445022684864,228.0,-1,-1,-1.0
23375,23427,-23164.465357519253,-663.1107324423792,64.0,-1,-1,-1.0
23376,23428,-35277.70263590814,12339.181287055571,455.0,-1,24,-1.0
23377,23429,-8832.363679299055,-2335.6719721665286,137.0,-1,-1,-1.0
23378,23430,35810.46652495756,34822.15683553148,168.0,-1,-1,-1.0
23379,23431,4827.661123568389,-22920.454555583943,491.0,-1,31,-1.0
23380,23432,5432.106165093719,2093.6383260034563,168.0,-1,14,-1.0
23381,23433,-19608.81777600897,-31577.1691969429,209.0,-1,-1,-1.0
23382,23434,20010.942471313014,-34089.18460759829,307.0,-1,-1,-1.0
23383,23435,-3828.619424485245,14641.309376591402,12.0,-1,-1,-1.0
23384,23436,-29070.77862172688,-28661.954714957603,65.0,-1,-1,-1.0
23385,23437,11172.046445405877,-20163.07936854156,444.0,-1,-1,-1.0
23386,23438,-14992.332104107903,21742.73270642938,26.0,-1,-1,-1.0
23387,23439,-32786.42914895328,33442.942559666335,238.0,-1,-1,-1.0
23388,23440,15166.176436677008,31368.42698072724,312.0,-1,-1,-1.0
23389,23441,-34374.39814263078,27629.51077996296,204.0,-1,-1,-1.0
23390,23442,-35913.817448516784,-35589.42374484909,211.0,-1,19,-1.0
23391,23443,36557.89887013343,-3863.561608810065,468.0,-1,-1,-1.0
23392,23444,-27945.38932442149,-25960.88904610454,154.0,-1,-1,-1.0
23393,23445,4751.932628609284,-23361.13604645305,403.0,-1,31,-1.0
23394,23446,-1664.8479422552846,-3501.2909688553045,163.0,-1,-1,-1.0
23395,23447,27533.34266222312,24773.767369244797,353.0,-1,-1,-1.0
23396,23448,22434.877988555105,-3807.837154950008,109.0,-1,44,50.0
23397,23449,34847.429293793495,13457.172525794456,350.0,-1,28,-1.0
23398,23450,7030.550013739448,2677.8883713147807,261.0,-1,14,-1.0
23399,23451,-11797.753196704736,-18469.883259500417,476.0,-1,31,-1.0
23400,23452,-17130.01101236898,-29789.0807718903,305.0,-1,36,-1.0
23401,23453,-3771.8131965846983,39548.9203432104,353.0,-1,-1,-1.0
23402,23454,7790.087734616245,-17953.53852741047,456.0,-1,-1,-1.0
23403,23455,-24444.610672183044,36066.19263042131,376.0,-1,-1,-1.0
23404,23456,-14546.55750483428,17351.481710064494,130.0,-1,-1,-1.0
23405,23457,-3647.194999186693,31784.91082669345,220.0,-1,-1,-1.0
23406,23458,23374.325017174087,-8922.097476422594,64.0,-1,-1,-1.0
23407,23459,-1142.782957740681,-25041.2521552229,197.0,-1,-1,-1.0
23408,23460,6441.51858041525,-27834.42353190127,72.0,-1,31,35.0
23409,23461,36629.30286770998,-22347.147107600955,461.0,-1,-1,-1.0
23410,23462,27668.12261241772,-11466.44502464478,84.0,-1,45,-1.0
23411,23463,32187.45828667871,20659.313102292865,88.0,-1,-1,-1.0
23412,23464,11116.459774936253,-10290.058008311236,27.0,-1,-1,-1.0
23413,23465,6483.62438829054,38805.53829215818,320.0,-1,-1,-1.0
23414,23466,20016.05058464901,6698.792265938318,461.0,-1,-1,-1.0
23415,23467,-36696.57681889,34125.24896330244,339.0,-1,5,-1.0
23416,23468,-7920.534920755592,39083.96889620101,490.0,-1,-1,-1.0
23417,23469,-22076.932223116863,10871.360101898426,228.0,-1,-1,-1.0
23418,23470,3878.2697661003695,3284.338721834807,482.0,-1,14,-1.0
23419,23471,1749.0165299604705,29752.280519721025,232.0,-1,-1,-1.0
23420,23472,2755.2554033348497,22596.764122276603,189.0,-1,-1,-1.0
23421,23473,16378.338206539163,-14787.015959279684,400.0,-1,-1,-1.0
23422,23474,-20315.310811645384,-7953.549045933731,172.0,-1,-1,-1.0
23423,23475,18839.450013802867,-27558.119438012774,231.0,-1,3,-1.0
23424,23476,28995.18537496809,-27274.583923068185,414.0,-1,-1,-1.0
23425,23477,-24661.37916248965,-9050.891818518085,218.0,-1,-1,-1.0
23426,23478,-30942.57353675366,25311.52408442243,164.0,-1,-1,-1.0
23427,23479,-3721.218656111276,-10276.04582051876,61.0,-1,31,-1.0
23428,23480,-13400.67405634838,15891.71443754289,221.0,-1,-1,-1.0
23429,23481,26076.91922715967,-37508.17431100989,176.0,-1,-1,-1.0
23430,23482,27996.81178039765,28006.7051574622,300.0,-1,-1,-1.0
23431,23483,-13930.184321841423,11726.50383370401,350.0,-1,-1,-1.0
23432,23484,-2018.160135943632,17973.03705664043,290.0,-1,46,-1.0
23433,23485,12537.925215430803,5868.705573804415,219.0,-1,-1,-1.0
23434,23486,-24716.44907861746,13142.82641023033,41.0,-1,-1,-1.0
23435,23487,15623.295286326284,-17542.44495655894,405.0,-1,45,52.0
23436,23488,3920.6134687290905,-15079.61226945505,29.0,-1,31,-1.0
23437,23489,16930.714695726747,-21447.900655141,433.0,-1,-1,-1.0
23438,23490,2284.911118685304,29467.887871502448,329.0,-1,-1,-1.0
23439,23491,-4198.861606713159,-30343.36812763712,141.0,-1,-1,-1.0
23440,23492,-9246.152726321669,15985.646769983485,5.0,-1,-1,-1.0
23441,23493,2585.555719690041,37099.49447452647,309.0,-1,48,-1.0
23442,23494,32385.09697556727,-9201.791772038294,495.0,-1,-1,-1.0
23443,23495,-20876.73406632943,1596.0184671754903,317.0,-1,-1,-1.0
23444,23496,-16926.84741690236,16241.733834602295,435.0,-1,-1,-1.0
23445,23497,-5358.2939895231175,22104.686339297405,205.0,-1,-1,-1.0
23446,23498,5835.731727775492,19953.292092125423,221.0,-1,-1,-1.0
23447,23499,965.1708736626242,32795.63043208161,14.0,-1,-1,-1.0
23448,23500,-30537.66036069242,-12030.366910809862,112.0,-1,-1,-1.0
23449,23501,15237.288533012594,-33525.41008929085,151.0,-1,-1,-1.0
23450,23502,36456.87841156339,-4669.475606424639,344.0,-1,-1,-1.0
23451,23503,18146.378526934284,973.3744108518948,483.0,-1,-1,-1.0
23452,23504,-2227.609672488441,-9270.088442512397,284.0,-1,31,-1.0
23453,23505,-32408.91985441359,-19133.046056597075,0.0,-1,-1,-1.0
23454,23506,-16834.552855359347,-35695.28832040473,36.0,-1,-1,-1.0
23455,23507,20671.300169739137,15353.230845549828,369.0,-1,18,-1.0
23456,23508,-24098.460791746234,-32182.519100895563,391.0,-1,-1,-1.0
23457,23509,34473.7859786488,3354.7637079409037,194.0,-1,28,-1.0
23458,23510,-39116.93100421661,890.5378510694427,370.0,-1,-1,-1.0
23459,23511,16613.50569122479,27288.135444073923,175.0,-1,9,-1.0
23460,23512,26557.72279351784,-258.3534561196939,219.0,-1,-1,-1.0
23461,23513,17103.97593404189,6844.622589967519,348.0,-1,2,-1.0
23462,23514,38256.75005411096,39753.360812212806,206.0,-1,-1,-1.0
23463,23515,23516.427533777445,15793.728947300006,373.0,-1,-1,-1.0
23464,23516,24838.304186957343,-36874.93703248133,198.0,-1,-1,-1.0
23465,23517,14071.554258662783,-36436.64409615896,319.0,-1,-1,-1.0
23466,23518,-35517.4180638082,7661.58236994694,180.0,-1,24,-1.0
23467,23519,28625.847776189927,-37479.4965418854,192.0,-1,-1,-1.0
23468,23520,25319.41661049185,21729.01329345887,138.0,-1,18,-1.0
23469,23521,-21165.722408742866,38494.246875437646,198.0,-1,-1,-1.0
23470,23522,16720.153594267307,32770.629427181804,92.0,-1,-1,-1.0
23471,23523,23121.754719380813,26944.005093842177,125.0,-1,-1,-1.0
23472,23524,-26656.20289168846,3859.7644749702886,140.0,-1,-1,-1.0
23473,23525,19916.056175987425,9982.363963026808,96.0,-1,16,-1.0
23474,23526,-27244.24667866863,-27935.54613238704,203.0,-1,-1,-1.0
23475,23527,33322.76317840365,-19529.002736363265,189.0,-1,-1,-1.0
23476,23528,-28935.35804380885,-12952.403148779962,221.0,-1,-1,-1.0
23477,23529,-29628.03955230066,-21957.171567870864,424.0,-1,39,-1.0
23478,23530,-12038.225281295629,12226.738207843227,135.0,-1,-1,-1.0
23479,23531,9616.023967292303,20890.669637644707,47.0,-1,-1,-1.0
23480,23532,20245.086986384267,5051.151125211414,310.0,-1,-1,-1.0
23481,23533,-4150.126452737692,-32167.367089803865,34.0,-1,-1,-1.0
23482,23534,-33701.920516809056,-6655.451917923019,200.0,-1,-1,-1.0
23483,23535,-13622.3611328015,29960.270526229917,320.0,-1,-1,-1.0
23484,23536,-3301.202914037349,18419.427203311257,119.0,-1,46,-1.0
23485,23537,-26721.80185273188,-9574.745141953834,168.0,-1,-1,-1.0
23486,23538,-31944.012094519552,-24437.858103305603,14.0,-1,-1,-1.0
23487,23539,17955.447281389235,3671.83154102938,260.0,-1,-1,-1.0
23488,23540,20059.83412137332,29331.381646266163,213.0,-1,30,-1.0
23489,23541,-15658.596483407338,21788.410050837738,279.0,-1,-1,-1.0
23490,23542,18106.301641646067,38077.10028618788,435.0,-1,-1,-1.0
23491,23543,25093.81387264863,-20287.99774123673,100.0,-1,-1,-1.0
23492,23544,-7198.185726039344,-15023.877432865174,194.0,-1,-1,-1.0
23493,23545,-10098.07069182659,-1657.6097979296392,180.0,-1,-1,-1.0
23494,23546,-6643.409664213141,-33800.70042229968,254.0,-1,35,-1.0
23495,23547,6119.6353927272285,9599.838588319908,430.0,-1,-1,-1.0
23496,23548,30769.207443862517,-1332.8366276272936,449.0,-1,-1,-1.0
23497,23549,-23517.76306842259,29020.621185163065,129.0,-1,-1,-1.0
23498,23550,-12280.234035728998,5238.304342500021,319.0,-1,26,-1.0
23499,23551,34899.60664736453,-18644.133868960813,394.0,-1,-1,-1.0
23500,23552,15132.220003173185,-27230.9803550609,222.0,-1,3,-1.0
23501,23553,-26927.457234135523,-9954.784869819565,422.0,-1,-1,-1.0
23502,23554,247.0269266933683,-31363.94104831869,441.0,-1,-1,-1.0
23503,23555,991.0725486570371,14969.931074244489,399.0,-1,-1,-1.0
23504,23556,20708.04059425325,36792.63984749325,352.0,-1,30,-1.0
23505,23557,-500.6647449803859,6523.377777406764,149.0,-1,27,-1.0
23506,23558,10680.453666400192,-10728.617928452495,375.0,-1,13,-1.0
23507,23559,12969.045890430672,35217.809287820986,322.0,-1,-1,-1.0
23508,23560,30292.597375702662,22864.55824865811,56.0,-1,-1,-1.0
23509,23561,30560.776512500845,12362.28054205884,104.0,-1,-1,-1.0
23510,23562,12857.853258053903,18835.534356244367,208.0,-1,-1,-1.0
23511,23563,24290.1224026402,-16981.375689521414,431.0,-1,-1,-1.0
23512,23564,20154.620223624654,13250.49535939088,268.0,-1,-1,-1.0
23513,23565,-24276.54875781101,-9287.051253119644,456.0,-1,-1,-1.0
23514,23566,-5473.798261209689,13370.25828912604,246.0,-1,-1,-1.0
23515,23567,6970.010641603483,-11694.002984747742,112.0,-1,-1,-1.0
23516,23568,10706.614570343629,39727.17520283144,288.0,-1,-1,-1.0
23517,23569,1248.432980003352,-18581.988731241727,205.0,-1,31,-1.0
23518,23570,7403.724051682897,1782.1274266542823,197.0,-1,-1,-1.0
23519,23571,-20770.88285514976,6297.671658757943,242.0,-1,-1,-1.0
23520,23572,-26347.69284337937,34436.5843751151,143.0,-1,-1,-1.0
23521,23573,-25466.74775135834,6713.925557928596,277.0,-1,-1,-1.0
23522,23574,9049.844722720867,13591.416914868149,307.0,-1,-1,-1.0
23523,23575,-24846.670462878366,4560.060424438743,123.0,-1,-1,-1.0
23524,23576,-1472.9024994291249,38438.40440464846,2.0,-1,48,-1.0
23525,23577,-22170.754303335736,6589.372897288864,299.0,-1,-1,-1.0
23526,23578,-33871.025470540335,38526.03705476932,287.0,-1,5,-1.0
23527,23579,11907.695746986996,20849.802819098262,270.0,-1,-1,-1.0
23528,23580,12274.202307286454,34938.02312889564,132.0,-1,-1,-1.0
23529,23581,-34995.7768775541,27764.79649347131,486.0,-1,-1,-1.0
23530,23582,26293.147149779863,1212.1781506193583,107.0,-1,-1,-1.0
23531,23583,30422.38892387436,-27246.063098159822,433.0,-1,-1,-1.0
23532,23584,-25665.86676571278,-32134.30563017965,157.0,-1,-1,-1.0
23533,23585,15227.21006613203,-28693.621688557443,442.0,-1,-1,-1.0
23534,23586,38404.67337148148,-25556.75731384641,320.0,-1,-1,-1.0
23535,23587,-31282.804969133755,-33339.67361420372,418.0,-1,34,-1.0
23536,23588,37286.42906533848,24918.27501993032,361.0,-1,-1,-1.0
23537,23589,-18266.72769199905,18660.25692253913,5.0,-1,-1,-1.0
23538,23590,8896.448969811914,15570.778889156674,163.0,-1,-1,-1.0
23539,23591,-22971.98146808785,-33456.32269495253,207.0,-1,-1,-1.0
23540,23592,-6148.19183050016,-37498.63529648321,118.0,-1,-1,-1.0
23541,23593,12833.24757746241,-6617.44891890014,429.0,-1,13,-1.0
23542,23594,-28414.73899548464,8727.175342152033,66.0,-1,-1,-1.0
23543,23595,-36910.29236883126,9970.739701031336,311.0,-1,-1,-1.0
23544,23596,33202.77941631073,-25303.79056559009,359.0,-1,45,-1.0
23545,23597,13360.532957004558,-580.6424838450112,33.0,-1,-1,-1.0
23546,23598,1996.7666746479665,33151.7603821161,46.0,-1,48,-1.0
23547,23599,24466.121807842384,-1949.5936584286535,45.0,-1,-1,-1.0
23548,23600,-24527.655845078967,-1449.6423991410993,56.0,-1,-1,-1.0
23549,23601,3276.329143474388,39783.26307008005,238.0,-1,-1,-1.0
23550,23602,19942.73619372782,31282.65837072088,221.0,-1,30,-1.0
23551,23603,-7034.141021565207,-15682.221181948447,305.0,-1,-1,-1.0
23552,23604,5853.850114011984,-25340.727735739438,183.0,-1,31,-1.0
23553,23605,15566.5734224649,-4862.100916794741,189.0,-1,13,-1.0
23554,23606,-9096.170648308633,27085.86352934048,141.0,-1,48,-1.0
23555,23607,36998.04388972599,-29046.427084195348,306.0,-1,-1,-1.0
23556,23608,29375.26728116638,8013.79576859712,481.0,-1,-1,-1.0
23557,23609,-26486.81824601927,-7585.386497428237,228.0,-1,-1,-1.0
23558,23610,-3280.934313279889,-17492.41068422824,142.0,-1,31,-1.0
23559,23611,33306.74064204484,-3966.106961218131,249.0,-1,33,-1.0
23560,23612,35083.8662482489,-7277.974281023275,266.0,-1,33,-1.0
23561,23613,3277.598288013316,37325.1992211112,419.0,-1,-1,-1.0
23562,23614,-36729.46954908872,-26730.87427748162,2.0,-1,-1,-1.0
23563,23615,-35825.78103037465,-906.1373361707592,50.0,-1,-1,-1.0
23564,23616,30108.177787935856,-38947.1722187567,6.0,-1,-1,-1.0
23565,23617,5857.566741109236,3383.5465084087336,260.0,-1,14,-1.0
23566,23618,-34219.338437551254,-30492.49843852289,184.0,-1,-1,-1.0
23567,23619,-10707.644280601264,-23734.43017985932,76.0,-1,-1,-1.0
23568,23620,15536.96130078676,-26031.32848370727,277.0,-1,3,-1.0
23569,23621,25241.488240461706,-9557.548844820234,189.0,-1,-1,-1.0
23570,23622,14356.422978119706,-5389.067653551501,395.0,-1,13,-1.0
23571,23623,-20986.533409997755,8690.014781444632,426.0,-1,-1,-1.0
23572,23624,22999.033771708047,11747.853917365765,204.0,-1,16,-1.0
23573,23625,24018.88952978576,-19102.295184732626,111.0,-1,-1,-1.0
23574,23626,8227.36899730601,-5901.411576550847,213.0,-1,-1,-1.0
23575,23627,1370.2296261596855,-33660.045863549094,200.0,-1,1,-1.0
23576,23628,-33856.507024661085,31147.44445407651,418.0,-1,6,-1.0
23577,23629,21326.025880448145,-38622.546539464114,391.0,-1,-1,-1.0
23578,23630,-3954.819424218622,3231.823324885103,183.0,-1,27,-1.0
23579,23631,9226.853119870357,39180.36934316741,276.0,-1,-1,-1.0
23580,23632,7945.222772162131,-6194.89225379665,6.0,-1,-1,-1.0
23581,23633,4090.242604577245,19826.470253451283,76.0,-1,-1,-1.0
23582,23634,-22170.41346441261,7890.601552393506,150.0,-1,-1,-1.0
23583,23635,21883.52537638237,-10869.236348368042,25.0,-1,-1,-1.0
23584,23636,14314.844526697683,2389.1507984686614,48.0,-1,-1,-1.0
23585,23637,-20780.11762122644,-1398.2275461442405,483.0,-1,43,-1.0
23586,23638,37282.83377673056,21099.66619687066,314.0,-1,-1,-1.0
23587,23639,-5497.789385971839,16100.97807253962,207.0,-1,-1,-1.0
23588,23640,7183.103345253679,35684.54852732456,340.0,-1,-1,-1.0
23589,23641,-17013.91785922638,-25604.881368326016,234.0,-1,36,-1.0
23590,23642,-10795.946454547193,3350.4346825717585,496.0,-1,-1,-1.0
23591,23643,3731.8105544832288,-8170.0509571276925,215.0,-1,-1,-1.0
23592,23644,-16760.93320686272,-7210.562800818509,265.0,-1,43,-1.0
23593,23645,-3739.0639342914073,1418.3322856887023,224.0,-1,27,-1.0
23594,23646,12417.708892706913,18496.63896915368,244.0,-1,-1,-1.0
23595,23647,-2507.974215884089,14606.841246028976,92.0,-1,-1,-1.0
23596,23648,29539.40299564156,-26532.23133108861,276.0,-1,-1,-1.0
23597,23649,-5961.656663531976,-28045.869132866283,223.0,-1,25,-1.0
23598,23650,-24389.029496813226,27206.51279212232,75.0,-1,-1,-1.0
23599,23651,29753.0185139274,25929.06658115901,420.0,-1,-1,-1.0
23600,23652,-39857.16903962101,-24443.870106211398,160.0,-1,-1,-1.0
23601,23653,18000.72881482994,31350.74177374373,4.0,-1,30,-1.0
23602,23654,29356.299812455327,-12155.006494184769,321.0,-1,45,-1.0
23603,23655,25036.615239159,-17391.222572293125,210.0,-1,-1,-1.0
23604,23656,35155.84299914805,28100.52730983474,375.0,-1,-1,-1.0
23605,23657,223.1418599664248,-39129.43888207101,142.0,-1,-1,-1.0
23606,23658,-33402.65524759386,-29664.36262516292,255.0,-1,-1,-1.0
23607,23659,24523.329053326896,8216.45253130707,222.0,-1,-1,-1.0
23608,23660,29885.84627558547,13695.456065023449,193.0,-1,-1,-1.0
23609,23661,-28289.0124673029,37997.53562048532,408.0,-1,-1,-1.0
23610,23662,1973.5765294583543,23745.71033837009,233.0,-1,-1,-1.0
23611,23663,-17080.485164932605,2193.8738586750187,427.0,-1,-1,-1.0
23612,23664,-13084.111252040344,20086.02792712821,338.0,-1,-1,-1.0
23613,23665,-8039.329657590199,7912.596257076439,356.0,-1,27,-1.0
23614,23666,14583.649014192471,-26137.705427046967,135.0,-1,3,-1.0
23615,23667,-23291.031249914617,-8920.596549554728,344.0,-1,-1,-1.0
23616,23668,-27985.21422851892,394.94585283930064,256.0,-1,-1,-1.0
23617,23669,12148.589604339852,3622.7537813757735,381.0,-1,-1,-1.0
23618,23670,3435.3151804446825,24815.71188085116,335.0,-1,-1,-1.0
23619,23671,-7109.413190954045,31592.82484664538,370.0,-1,-1,-1.0
23620,23672,-16434.927844246977,-17577.053771100396,300.0,-1,-1,-1.0
23621,23673,-34427.85144646851,-10048.284702642424,352.0,-1,-1,-1.0
23622,23674,20572.7776325536,-2141.111956569024,479.0,-1,-1,-1.0
23623,23675,-13208.669849221507,-35476.265175432214,468.0,-1,36,-1.0
23624,23676,7247.084866951773,33670.866466849155,122.0,-1,47,-1.0
23625,23677,22074.482851288216,10379.265983061632,406.0,-1,-1,-1.0
23626,23678,7284.294138014608,-38808.97140315258,142.0,-1,-1,-1.0
23627,23679,27952.294059784355,5922.059353903394,132.0,-1,-1,-1.0
23628,23680,-39409.08051601402,-19069.59633962688,12.0,-1,-1,-1.0
23629,23681,-38612.12509418026,-30741.92449704453,238.0,-1,20,-1.0
23630,23682,-11923.778316288666,-25019.72635670624,379.0,-1,17,-1.0
23631,23683,-10200.44378412508,33045.25208154986,489.0,-1,-1,-1.0
23632,23684,-9279.997363133183,10367.708582956504,372.0,-1,-1,-1.0
23633,23685,-16336.0239137051,-6726.603272799883,69.0,-1,43,49.0
23634,23686,16671.133329540506,-11575.93955948922,384.0,-1,-1,-1.0
23635,23687,-30830.835875466888,-10205.489651883272,48.0,-1,-1,-1.0
23636,23688,35309.23082077247,-7955.739131921069,473.0,-1,33,-1.0
23637,23689,3818.8741987411777,10132.777114114297,208.0,-1,-1,-1.0
23638,23690,11580.794768680542,-23418.874438281397,200.0,-1,3,-1.0
23639,23691,-23768.957292886906,-14389.75186359172,222.0,-1,-1,-1.0
23640,23692,-30032.327383736814,23342.269409788503,2.0,-1,-1,-1.0
23641,23693,-30819.411481708965,-6717.746964179343,241.0,-1,41,47.0
23642,23694,-18986.05479291065,5022.7442659198205,371.0,-1,-1,-1.0
23643,23695,-37931.21632894564,3877.989323128946,332.0,-1,-1,-1.0
23644,23696,6751.6453760460645,-3609.606075867501,435.0,-1,-1,-1.0
23645,23697,16696.530099112075,8723.885708486298,406.0,-1,-1,-1.0
23646,23698,36884.34905513772,20544.862912254168,1.0,-1,28,-1.0
23647,23699,-19101.53407375879,-33391.99386476489,1.0,-1,-1,-1.0
23648,23700,39756.177497734825,-4931.774978858339,144.0,-1,-1,-1.0
23649,23701,19477.09427866213,-37953.59195644133,472.0,-1,-1,-1.0
23650,23702,20724.0394953182,27063.00327200831,158.0,-1,-1,-1.0
23651,23703,-30455.60628508288,2402.200663911295,205.0,-1,29,-1.0
23652,23704,28818.497235197967,-33982.8879043692,207.0,-1,-1,-1.0
23653,23705,19448.11548114108,-17684.577306323703,16.0,-1,-1,-1.0
23654,23706,10126.001275649209,-4393.595177803385,356.0,-1,-1,-1.0
23655,23707,-12229.074640918729,-30275.795877347853,228.0,-1,-1,-1.0
23656,23708,-31487.565833732908,-7124.460682044846,359.0,-1,41,-1.0
23657,23709,8937.292019945715,16062.667023535534,455.0,-1,-1,-1.0
23658,23710,30166.36601659768,-23826.8582117756,107.0,-1,45,-1.0
23659,23711,-20980.2902311842,-8257.916261516708,315.0,-1,-1,-1.0
23660,23712,10256.666417221742,24982.35492971902,244.0,-1,48,-1.0
23661,23713,28847.446885145702,-33190.17967224126,109.0,-1,-1,-1.0
23662,23714,15541.436822657204,3481.52675644595,350.0,-1,2,-1.0
23663,23715,-23163.44730935854,5705.805631080693,64.0,-1,-1,-1.0
23664,23716,-31742.676735328503,32634.53045798209,56.0,-1,6,-1.0
23665,23717,33707.20066882123,-34343.656171117465,155.0,-1,21,-1.0
23666,23718,-14335.87880377692,32847.891876565714,438.0,-1,48,-1.0
23667,23719,37604.14105252024,-29505.20605511092,339.0,-1,-1,-1.0
23668,23720,28108.27419011337,-5159.613499660743,129.0,-1,-1,-1.0
23669,23721,-6609.388676269453,122.81765289229224,199.0,-1,-1,-1.0
23670,23722,-5112.238971420105,17631.196519555764,354.0,-1,-1,-1.0
23671,23723,-6158.947360072845,28182.952625996662,80.0,-1,48,56.0
23672,23724,-38567.80107217113,-28244.230036494464,296.0,-1,-1,-1.0
23673,23725,-5025.093945120512,16904.92051111575,315.0,-1,-1,-1.0
23674,23726,-26035.84069909365,10160.746877943997,332.0,-1,-1,-1.0
23675,23727,32385.93263594237,-9908.910978143162,365.0,-1,-1,-1.0
23676,23728,3278.324980003308,20507.64441377799,408.0,-1,46,-1.0
23677,23729,-31449.545942556288,9702.641424356943,341.0,-1,-1,-1.0
23678,23730,-8740.007705943124,17444.140070036075,284.0,-1,-1,-1.0
23679,23731,-21497.905723901637,-26242.409824990107,180.0,-1,-1,-1.0
23680,23732,620.0878990397468,-19324.41876589401,240.0,-1,31,35.0
23681,23733,6935.295811282609,-23468.08401471024,16.0,-1,-1,-1.0
23682,23734,-26393.520047706043,-21425.05518000342,147.0,-1,-1,-1.0
23683,23735,7959.4831369705935,28757.554513219613,441.0,-1,48,-1.0
23684,23736,-23001.84865441308,-39193.51902930054,352.0,-1,-1,-1.0
23685,23737,25425.228842946293,-27936.025676694047,2.0,-1,45,-1.0
23686,23738,-12158.997702924098,35729.31519941236,294.0,-1,48,-1.0
23687,23739,-24109.164075467037,401.0446706374569,472.0,-1,-1,-1.0
23688,23740,12434.52580800568,-6060.748207017037,143.0,-1,13,-1.0
23689,23741,-24210.94167048145,-26510.21232750095,30.0,-1,38,-1.0
23690,23742,-2351.9097032276186,-21140.332434097694,251.0,-1,-1,-1.0
23691,23743,38717.79287722767,-1415.2937811283628,249.0,-1,-1,-1.0
23692,23744,7286.282539255386,-27.530557909783965,442.0,-1,-1,-1.0
23693,23745,6972.630898098418,-20729.721739141198,460.0,-1,-1,-1.0
23694,23746,-5562.723805672787,6649.638021219682,68.0,-1,-1,-1.0
23695,23747,659.2279083360554,-7461.123021623807,33.0,-1,31,-1.0
23696,23748,-12443.90318079877,39107.23734208652,434.0,-1,-1,-1.0
23697,23749,-25003.04501443181,-26507.42830551293,278.0,-1,-1,-1.0
23698,23750,9868.603775114818,-37851.32374166016,222.0,-1,-1,-1.0
23699,23751,32923.13031206012,-943.5922120398682,296.0,-1,33,-1.0
23700,23752,7790.077677390538,35116.161086989625,402.0,-1,-1,-1.0
23701,23753,34990.798504520455,17568.839095129595,107.0,-1,28,-1.0
23702,23754,-32563.198120578552,1040.8172671771465,282.0,-1,-1,-1.0
23703,23755,-12545.981507779115,-16897.671597377474,117.0,-1,31,-1.0
23704,23756,-38801.12274659176,38236.61910322844,403.0,-1,-1,-1.0
23705,23757,27375.20243313537,-25797.83300695139,143.0,-1,-1,-1.0
23706,23758,16411.975940758362,-3802.352557425962,330.0,-1,13,-1.0
23707,23759,-37987.84626318284,-33689.43535281632,46.0,-1,20,-1.0
23708,23760,39204.96255024905,-11694.45893331294,178.0,-1,-1,-1.0
23709,23761,34069.63450952305,-15828.472280986476,278.0,-1,-1,-1.0
23710,23762,8202.306497005979,-8020.275377640093,27.0,-1,-1,-1.0
23711,23763,37042.87920551935,36963.9634802217,371.0,-1,-1,-1.0
23712,23764,-12443.698025010432,-21109.0014720241,21.0,-1,-1,-1.0
23713,23765,-4801.305323268367,2067.9633446539374,141.0,-1,27,-1.0
23714,23766,-12350.047338466866,-2591.4376329983206,252.0,-1,-1,-1.0
23715,23767,-19244.365075926053,33657.68942631528,321.0,-1,-1,-1.0
23716,23768,-27316.320885176283,-2.824043754953891,410.0,-1,41,47.0
23717,23769,10014.174858177284,23398.88769222612,353.0,-1,48,-1.0
23718,23770,-9261.89348702782,-31893.27711661881,428.0,-1,-1,-1.0
23719,23771,24567.21431092109,-19158.419579922644,134.0,-1,-1,-1.0
23720,23772,5901.124980119988,-13028.37337690318,412.0,-1,31,-1.0
23721,23773,31639.18230673369,-36055.9320585901,1.0,-1,-1,-1.0
23722,23774,-16627.08637812708,-5763.988958680893,318.0,-1,43,-1.0
23723,23775,-7928.099294172171,21662.12824478696,270.0,-1,-1,-1.0
23724,23776,16542.271160737786,19725.539044625664,474.0,-1,-1,-1.0
23725,23777,29753.789778088816,-12687.42614910427,140.0,-1,45,-1.0
23726,23778,-12319.92959634243,17323.652368037103,256.0,-1,-1,-1.0
23727,23779,39380.64613738548,-38301.09833405262,6.0,-1,-1,-1.0
23728,23780,-6208.214610042429,-8000.283256367267,150.0,-1,31,36.0
23729,23781,16958.980643699295,24227.55798648957,396.0,-1,-1,-1.0
23730,23782,33866.54542181228,-36606.41937822519,161.0,-1,21,-1.0
23731,23783,4712.024500381922,-26277.975572370942,375.0,-1,31,-1.0
23732,23784,-34208.45133426947,15577.88152748163,374.0,-1,24,-1.0
23733,23785,37827.27192257915,-13247.525159924684,360.0,-1,-1,-1.0
23734,23786,-2716.979382948753,-27975.343513420597,272.0,-1,-1,-1.0
23735,23787,14218.489918297266,-34708.3018892867,478.0,-1,4,-1.0
23736,23788,-818.535323338263,461.6252564219976,295.0,-1,22,-1.0
23737,23789,25982.09725566946,24418.504972362687,220.0,-1,18,-1.0
23738,23790,1972.190817429495,35101.09678624717,61.0,-1,-1,-1.0
23739,23791,1586.0423299268225,24137.210273317734,29.0,-1,-1,-1.0
23740,23792,31838.250873830504,34159.04769173918,238.0,-1,-1,-1.0
23741,23793,14244.59379145896,-32437.28254839847,158.0,-1,-1,-1.0
23742,23794,-16678.199129446137,-10291.0655790091,444.0,-1,-1,-1.0
23743,23795,28693.448888287225,28219.14578339248,478.0,-1,-1,-1.0
23744,23796,-7279.540796851397,7193.820309196432,283.0,-1,27,-1.0
23745,23797,-18475.59473460988,39037.24276143563,194.0,-1,-1,-1.0
23746,23798,-25727.954540769548,1090.810757846557,413.0,-1,41,-1.0
23747,23799,-29414.09963609003,-21763.1242659451,443.0,-1,39,-1.0
23748,23800,-29792.31564126975,24343.139053481675,233.0,-1,-1,-1.0
23749,23801,12278.953396424644,-34376.19501261343,473.0,-1,4,-1.0
23750,23802,-33274.44394315217,191.66354034282267,345.0,-1,-1,-1.0
23751,23803,9388.879659013546,37254.6076628383,388.0,-1,-1,-1.0
23752,23804,38237.079915219496,628.4526258783008,424.0,-1,28,-1.0
23753,23805,-28438.985899778243,18159.580365100235,391.0,-1,40,-1.0
23754,23806,7769.882401910618,28939.91485317664,370.0,-1,48,-1.0
23755,23807,-10396.961030670998,25389.888555089587,276.0,-1,-1,-1.0
23756,23808,470.8176882100306,1297.9024914655456,93.0,-1,-1,-1.0
23757,23809,23157.536079286627,-23995.021776268222,282.0,-1,-1,-1.0
23758,23810,-8464.276809298877,-14282.739454017566,290.0,-1,-1,-1.0
23759,23811,33899.63422416401,-4549.50990261275,145.0,-1,33,-1.0
23760,23812,9470.011000098924,790.0921086335729,21.0,-1,-1,-1.0
23761,23813,-22401.100834060577,32849.284903361346,24.0,-1,-1,-1.0
23762,23814,-5064.504049925345,-22016.818905309297,179.0,-1,-1,-1.0
23763,23815,29617.545701845025,16791.338056351764,485.0,-1,-1,-1.0
23764,23816,-27530.941904655552,-8094.503716086347,200.0,-1,-1,-1.0
23765,23817,29275.742431679668,32047.9883980905,371.0,-1,-1,-1.0
23766,23818,-26357.08370128945,38072.8207745408,79.0,-1,-1,-1.0
23767,23819,38424.69510276127,7088.046589897334,236.0,-1,-1,-1.0
23768,23820,-29602.503315902577,29837.833451646977,35.0,-1,-1,-1.0
23769,23821,19412.336865243087,-37736.36314201221,172.0,-1,-1,-1.0
23770,23822,-30613.465235591397,-482.69228996301536,34.0,-1,29,-1.0
23771,23823,-156.359042939941,-34083.54195848194,469.0,-1,-1,-1.0
23772,23824,-15647.5054804746,-20927.736482267374,310.0,-1,-1,-1.0
23773,23825,15964.888221980997,-3511.812471831683,11.0,-1,-1,-1.0
23774,23826,-22333.79229343603,-9186.617896957923,138.0,-1,-1,-1.0
23775,23827,-23675.61753925244,-37225.87123954811,459.0,-1,-1,-1.0
23776,23828,10565.259308999382,-19776.933578030337,471.0,-1,-1,-1.0
23777,23829,-23953.698574728514,-13078.355972773785,155.0,-1,-1,-1.0
23778,23830,5491.581007894427,34703.623189886755,186.0,-1,-1,-1.0
23779,23831,23308.4767183586,-487.8945798311106,330.0,-1,-1,-1.0
23780,23832,-13725.533549074404,-7083.964033815828,267.0,-1,-1,-1.0
23781,23833,28510.966690125555,-672.3831081828248,180.0,-1,33,-1.0
23782,23834,39551.05803416444,2234.4619098843104,386.0,-1,-1,-1.0
23783,23835,36469.204293298,29199.93055159181,23.0,-1,-1,-1.0
23784,23836,-4042.298936712199,3613.420369397026,68.0,-1,27,-1.0
23785,23837,11170.186362859567,38770.23971325047,498.0,-1,-1,-1.0
23786,23838,2565.4214513382103,24759.800949648343,323.0,-1,-1,-1.0
23787,23839,-10326.562493380769,16294.531900725364,2.0,-1,-1,-1.0
23788,23840,21252.159899844024,-24555.099711927265,93.0,-1,-1,-1.0
23789,23841,5676.795511655189,2517.09727123478,429.0,-1,14,-1.0
23790,23842,-18114.917537663863,-21371.57835795411,493.0,-1,-1,-1.0
23791,23843,21659.06654205432,-6215.005402398194,232.0,-1,44,50.0
23792,23844,-37667.68363806183,33780.34341163565,206.0,-1,5,-1.0
23793,23845,-28578.0682081157,-8404.108356319914,375.0,-1,-1,-1.0
23794,23846,23421.677472707102,36100.84004099779,242.0,-1,-1,-1.0
23795,23847,11429.524025868375,-1401.463966416377,21.0,-1,-1,-1.0
23796,23848,31951.035753629927,5237.787259173296,105.0,-1,-1,-1.0
23797,23849,16868.043311506415,-11512.984355234526,393.0,-1,-1,-1.0
23798,23850,-25121.58891308836,28961.796044494946,42.0,-1,-1,-1.0
23799,23851,-9451.046712846844,18731.201042154175,134.0,-1,-1,-1.0
23800,23852,30821.360936939174,-6430.761126761943,122.0,-1,-1,-1.0
23801,23853,27143.31043053832,8280.183240716826,300.0,-1,15,-1.0
23802,23854,-27715.23098025658,-9177.793729829507,446.0,-1,-1,-1.0
23803,23855,-6593.168053501329,-3386.800277145157,87.0,-1,-1,-1.0
23804,23856,32704.192829329462,-36705.359775045246,118.0,-1,-1,-1.0
23805,23857,-18674.2907924493,-32294.20694900169,109.0,-1,-1,-1.0
23806,23858,-3307.703628636875,-20159.597245816112,480.0,-1,-1,-1.0
23807,23859,-37235.863451758814,-37334.74195700215,27.0,-1,19,-1.0
23808,23860,32295.466510994596,26454.369344874314,142.0,-1,10,-1.0
23809,23861,24407.536838981134,-5632.468674309966,297.0,-1,-1,-1.0
23810,23862,-31493.493633363687,-6807.635137778278,202.0,-1,41,47.0
23811,23863,29696.887073437523,12062.778969953411,260.0,-1,-1,-1.0
23812,23864,18603.061000112488,-9297.71303041428,407.0,-1,-1,-1.0
23813,23865,-22149.353605699896,36883.80154780789,93.0,-1,-1,-1.0
23814,23866,39954.07432278378,14526.379910308628,7.0,-1,-1,-1.0
23815,23867,27852.619830402156,32801.57259507351,251.0,-1,-1,-1.0
23816,23868,-30090.56882686309,26153.23173209232,480.0,-1,-1,-1.0
23817,23869,-35852.87926840389,-14248.489174104225,400.0,-1,-1,-1.0
23818,23870,31632.252354373995,-28808.978947679745,368.0,-1,-1,-1.0
23819,23871,-22079.0384265524,7300.957855488217,307.0,-1,-1,-1.0
23820,23872,-36421.89349277374,-34309.14803683044,183.0,-1,-1,-1.0
23821,23873,2899.5614056236373,32151.478663690985,229.0,-1,48,58.0
23822,23874,-34329.21413126631,-16363.980541594296,110.0,-1,-1,-1.0
23823,23875,17547.22554324712,23791.507872872186,263.0,-1,-1,-1.0
23824,23876,15362.38985137076,-19187.569759444195,251.0,-1,-1,-1.0
23825,23877,-16102.686498596278,35438.465359194175,91.0,-1,-1,-1.0
23826,23878,-19785.252892699584,25871.33740250817,118.0,-1,-1,-1.0
23827,23879,7281.89493703976,28413.157649209403,445.0,-1,48,-1.0
23828,23880,15056.247492394576,779.0990417848952,460.0,-1,-1,-1.0
23829,23881,-22450.601577500383,-28108.29498097947,76.0,-1,-1,-1.0
23830,23882,18385.6524161833,18407.77785558103,439.0,-1,18,-1.0
23831,23883,-10815.003532748104,23044.061113114083,188.0,-1,-1,-1.0
23832,23884,-32485.53804953781,19746.49115931337,374.0,-1,-1,-1.0
23833,23885,27289.851807998537,29979.69146047524,362.0,-1,-1,-1.0
23834,23886,-23486.43311225298,32106.232676042757,429.0,-1,-1,-1.0
23835,23887,-22619.46565246741,-27402.26672639285,418.0,-1,-1,-1.0
23836,23888,-20670.934036143008,23959.991250217936,284.0,-1,-1,-1.0
23837,23889,-1631.351803849764,-32415.601332676557,57.0,-1,-1,-1.0
23838,23890,-11518.653179504312,15325.038900214391,290.0,-1,-1,-1.0
23839,23891,11428.317706917078,-1615.355176432182,255.0,-1,-1,-1.0
23840,23892,34321.50401981482,-28051.465804244195,182.0,-1,-1,-1.0
23841,23893,9692.19367395313,-28175.073195849105,18.0,-1,-1,-1.0
23842,23894,-27104.404417547485,-20828.22903600564,63.0,-1,39,-1.0
23843,23895,-8055.770430963581,38048.45064064959,485.0,-1,-1,-1.0
23844,23896,39415.60687108644,14401.149587313274,465.0,-1,-1,-1.0
23845,23897,-22266.78543099743,-19226.46356772602,347.0,-1,-1,-1.0
23846,23898,19910.87690295421,-22343.776914534315,383.0,-1,-1,-1.0
23847,23899,7044.618901420872,36764.93788393463,491.0,-1,-1,-1.0
23848,23900,-7687.878781863543,22746.926969681976,331.0,-1,-1,-1.0
23849,23901,-14335.29124294882,-29222.270507067653,9.0,-1,-1,-1.0
23850,23902,-25583.998687355717,-10488.765308841284,316.0,-1,-1,-1.0
23851,23903,-23641.76321225668,20569.16413197056,483.0,-1,37,-1.0
23852,23904,-30976.63800838113,33482.492812584955,35.0,-1,-1,-1.0
23853,23905,-2189.6932923363565,23116.92171326386,449.0,-1,-1,-1.0
23854,23906,-33138.58857467769,-37101.77972716826,285.0,-1,-1,-1.0
23855,23907,-22016.409567317703,14631.239285849464,82.0,-1,-1,-1.0
23856,23908,-14734.141375457908,30807.57992452517,267.0,-1,-1,-1.0
23857,23909,-31951.62140927877,-18943.07544903373,397.0,-1,-1,-1.0
23858,23910,-33649.315662420515,1133.1335102403464,464.0,-1,29,-1.0
23859,23911,12897.963123184352,-36891.03190078632,75.0,-1,4,-1.0
23860,23912,-19786.98762788552,26478.1678460095,496.0,-1,48,-1.0
23861,23913,-3892.639420766856,-35013.81271188768,472.0,-1,35,-1.0
23862,23914,14833.63318304799,11968.058072374006,373.0,-1,-1,-1.0
23863,23915,2817.796283619908,-27051.89261826459,134.0,-1,-1,-1.0
23864,23916,-34070.082311735896,38836.52818241886,235.0,-1,5,-1.0
23865,23917,202.66680027824623,-2386.170059219774,110.0,-1,-1,-1.0
23866,23918,39985.65622083208,-6938.127674292555,444.0,-1,-1,-1.0
23867,23919,11169.120353667822,-25607.834558195653,246.0,-1,-1,-1.0
23868,23920,-18727.34694778376,29756.88131007357,325.0,-1,48,-1.0
23869,23921,6202.259211615528,9130.967795595214,455.0,-1,-1,-1.0
23870,23922,12017.174669196102,-7747.195792503182,57.0,-1,13,-1.0
23871,23923,-5456.429004728241,-33545.80073911588,173.0,-1,35,-1.0
23872,23924,35625.4946300743,-7235.734790022288,436.0,-1,33,-1.0
23873,23925,35213.53533293067,-18834.296309272308,263.0,-1,-1,-1.0
23874,23926,-2197.946401982372,-17964.70184072698,456.0,-1,31,-1.0
23875,23927,30211.8809043236,-33732.77347139518,474.0,-1,-1,-1.0
23876,23928,-28416.956269656435,-17545.058455343642,233.0,-1,-1,-1.0
23877,23929,-30485.48594484245,-37283.44991625472,231.0,-1,-1,-1.0
23878,23930,12518.439472767546,37504.88196828959,412.0,-1,-1,-1.0
23879,23931,1690.4636930993147,-5187.489051644072,106.0,-1,-1,-1.0
23880,23932,4381.354534591381,-34562.034938384524,425.0,-1,1,-1.0
23881,23933,12833.3496497218,-33458.89684677826,87.0,-1,-1,-1.0
23882,23934,4116.852819322929,38049.67366346203,316.0,-1,-1,-1.0
23883,23935,13071.22212790112,-13254.148567899363,296.0,-1,-1,-1.0
23884,23936,-6548.165942954416,-14877.717705881643,368.0,-1,-1,-1.0
23885,23937,-33393.859066213896,-15392.837474413427,337.0,-1,-1,-1.0
23886,23938,27959.535217055367,-29905.633224440964,436.0,-1,-1,-1.0
23887,23939,4750.04127520269,23542.20706968259,188.0,-1,-1,-1.0
23888,23940,-16171.403181225196,8960.426897767604,143.0,-1,-1,-1.0
23889,23941,-23985.270606900973,22212.66671435495,154.0,-1,-1,-1.0
23890,23942,11272.283630635531,27379.79801090846,220.0,-1,-1,-1.0
23891,23943,-2422.254672452218,-3609.1096282492954,62.0,-1,22,-1.0
23892,23944,-10792.72546716652,7752.107876603761,246.0,-1,-1,-1.0
23893,23945,14808.261273805285,-28744.66411322211,453.0,-1,3,-1.0
23894,23946,-7470.333493362872,-18106.27931608094,165.0,-1,-1,-1.0
23895,23947,13808.268238871096,10079.904554530767,142.0,-1,-1,-1.0
23896,23948,2070.335571842996,-20593.934079106617,304.0,-1,31,-1.0
23897,23949,26248.48533102685,-18421.90115956633,183.0,-1,45,51.0
23898,23950,-21635.313797065533,23238.625185094228,131.0,-1,-1,-1.0
23899,23951,-2408.9076875087994,18579.508802999444,334.0,-1,46,54.0
23900,23952,-28156.03175123585,-31957.80683992406,97.0,-1,-1,-1.0
23901,23953,-22208.934162115944,-19068.779661531786,408.0,-1,-1,-1.0
23902,23954,-23681.17822691304,19293.06952509468,497.0,-1,-1,-1.0
23903,23955,-5400.142837530832,-8460.702321611927,338.0,-1,31,-1.0
23904,23956,-3468.138174673295,39196.8711495914,222.0,-1,-1,-1.0
23905,23957,-25135.76070497531,24786.52673115936,324.0,-1,48,59.0
23906,23958,36844.02054499017,36458.56097622472,167.0,-1,-1,-1.0
23907,23959,37095.67498022124,39429.23734192988,44.0,-1,-1,-1.0
23908,23960,38474.73273753851,23578.38571679868,446.0,-1,-1,-1.0
23909,23961,39548.17467374334,2361.6786889747746,18.0,-1,-1,-1.0
23910,23962,33033.26673565728,5388.767473343934,499.0,-1,-1,-1.0
23911,23963,-157.15867429717764,-12543.364603112124,254.0,-1,31,-1.0
23912,23964,14922.146955690492,15298.503533593808,451.0,-1,-1,-1.0
23913,23965,-15850.443855789785,7362.646460693177,375.0,-1,-1,-1.0
23914,23966,31661.333907595064,-28242.160916395063,229.0,-1,-1,-1.0
23915,23967,-16457.9454713141,16619.33522814404,446.0,-1,-1,-1.0
23916,23968,-35033.96583291379,9092.456239201803,196.0,-1,24,-1.0
23917,23969,-32625.18889428825,-7420.530755464733,285.0,-1,-1,-1.0
23918,23970,-1951.1229796030093,-12519.183392907413,51.0,-1,31,-1.0
23919,23971,-19224.333783930662,-21751.43096621173,299.0,-1,36,-1.0
23920,23972,-21444.99216919943,12757.193557041122,269.0,-1,-1,-1.0
23921,23973,5754.044339034073,7340.222222052253,320.0,-1,-1,-1.0
23922,23974,-30090.69119002292,-39947.13679912988,289.0,-1,-1,-1.0
23923,23975,-28776.43229057388,-7011.883466489897,312.0,-1,41,-1.0
23924,23976,7985.564208627744,-30250.14330184861,312.0,-1,-1,-1.0
23925,23977,37237.691974517584,-23829.508057994182,463.0,-1,-1,-1.0
23926,23978,27214.211268344152,12329.170808083809,309.0,-1,-1,-1.0
23927,23979,23519.09229855768,-7280.330045750194,377.0,-1,-1,-1.0
23928,23980,30968.13044512451,21407.42047403308,195.0,-1,-1,-1.0
23929,23981,12577.03221825455,-1051.9451837265003,364.0,-1,-1,-1.0
23930,23982,9416.639017536763,14846.284023086926,231.0,-1,-1,-1.0
23931,23983,29032.432307639872,-4911.51339833239,108.0,-1,-1,-1.0
23932,23984,10904.20640376972,11110.349034953106,192.0,-1,-1,-1.0
23933,23985,-22022.115163103244,-29029.87812597748,337.0,-1,-1,-1.0
23934,23986,-39476.52665246071,31182.187595283904,425.0,-1,5,-1.0
23935,23987,5748.691706250291,37308.81799270696,236.0,-1,-1,-1.0
23936,23988,-7760.221111271931,2713.699590267628,221.0,-1,-1,-1.0
23937,23989,-18402.963525745363,37656.10879878665,161.0,-1,-1,-1.0
23938,23990,-7369.902768714943,-14920.286002314828,428.0,-1,-1,-1.0
23939,23991,12341.554902724558,-24121.88620604564,261.0,-1,-1,-1.0
23940,23992,14627.531289811246,16654.81363525089,293.0,-1,-1,-1.0
23941,23993,33166.09190901552,23199.62309759709,391.0,-1,-1,-1.0
23942,23994,-8319.314173447008,-26813.25833348312,27.0,-1,-1,-1.0
23943,23995,14723.70533011628,18505.72606955163,40.0,-1,-1,-1.0
23944,23996,-20848.077208048377,4623.801352080925,135.0,-1,-1,-1.0
23945,23997,-1438.5553676031632,-7183.843717863863,458.0,-1,31,-1.0
23946,23998,22129.454694218803,11868.74455576224,26.0,-1,16,-1.0
23947,23999,28064.961103233876,-1158.414200568841,77.0,-1,33,-1.0
23948,24000,-35651.76397471184,-19114.371333079027,288.0,-1,-1,-1.0
23949,24001,3864.9113518245063,16329.642032805275,229.0,-1,8,-1.0
23950,24002,-29078.20315304397,-2442.0693603424224,421.0,-1,41,47.0
23951,24003,37425.044750574496,-27999.74620343714,252.0,-1,-1,-1.0
23952,24004,-17275.032547439827,15925.83120760497,77.0,-1,-1,-1.0
23953,24005,38601.25311414908,-16799.195464237437,162.0,-1,-1,-1.0
23954,24006,-26402.09678541065,37512.70719073157,375.0,-1,-1,-1.0
23955,24007,2045.792670287672,-28433.336969953205,86.0,-1,25,-1.0
23956,24008,-6335.584438849248,24834.98654083151,2.0,-1,-1,-1.0
23957,24009,12258.183894553214,28232.832184973144,130.0,-1,-1,-1.0
23958,24010,-17210.675690272827,553.9489594765473,69.0,-1,-1,-1.0
23959,24011,-18431.7164439417,-830.968701832513,158.0,-1,43,-1.0
23960,24012,26740.31810092617,-10040.19737379707,421.0,-1,-1,-1.0
23961,24013,27562.61543184973,16473.113287196327,226.0,-1,-1,-1.0
23962,24014,35250.64763609973,-17704.65122693195,2.0,-1,-1,-1.0
23963,24015,39638.01350517245,-4766.872565202946,335.0,-1,-1,-1.0
23964,24016,-32553.36873628448,6232.84968769244,276.0,-1,-1,-1.0
23965,24017,14548.354200535672,-14620.268102358596,28.0,-1,-1,-1.0
23966,24018,32576.63293913149,14006.46637965733,26.0,-1,28,-1.0
23967,24019,-3464.222108107606,-15568.788163527395,110.0,-1,31,-1.0
23968,24020,-14178.305107267784,7143.29814709229,251.0,-1,-1,-1.0
23969,24021,-39593.93521757715,-18082.333954739483,378.0,-1,-1,-1.0
23970,24022,36022.9624286153,27119.962901156963,250.0,-1,10,-1.0
23971,24023,9917.807024360838,-7304.8226285367855,487.0,-1,-1,-1.0
23972,24024,38690.77820399402,-13791.67714313346,80.0,-1,-1,-1.0
23973,24025,-116.91460513118363,5675.82376596512,123.0,-1,27,-1.0
23974,24026,-12060.62015245526,-7108.124927211757,361.0,-1,-1,-1.0
23975,24027,37883.31866885946,-21843.37636756508,47.0,-1,-1,-1.0
23976,24028,21446.57586755604,-33869.73033377638,149.0,-1,-1,-1.0
23977,24029,7492.524019607335,-33990.37901669169,340.0,-1,-1,-1.0
23978,24030,13912.5998642517,21242.92256482377,81.0,-1,-1,-1.0
23979,24031,-28134.57451043246,33756.23654442045,450.0,-1,-1,-1.0
23980,24032,-23535.69419482728,27002.2933981674,199.0,-1,-1,-1.0
23981,24033,-26827.39544240957,36903.56849664597,7.0,-1,-1,-1.0
23982,24034,-27241.521062463427,-17860.91701031024,481.0,-1,-1,-1.0
23983,24035,35157.65641474165,10263.999853883462,357.0,-1,28,-1.0
23984,24036,33466.94572139662,-38467.24983228733,433.0,-1,-1,-1.0
23985,24037,11580.558070813546,13281.53140026125,361.0,-1,-1,-1.0
23986,24038,-6992.560327709143,-14381.59286621719,308.0,-1,-1,-1.0
23987,24039,32715.89926481697,-16332.92132522495,480.0,-1,-1,-1.0
23988,24040,20462.069724581732,16994.345248578575,133.0,-1,18,-1.0
23989,24041,29666.82541526956,-26859.24700227708,455.0,-1,45,-1.0
23990,24042,19400.63220092206,6354.418966252721,434.0,-1,-1,-1.0
23991,24043,16653.64137481113,-33435.948284796206,299.0,-1,3,-1.0
23992,24044,7293.699203047603,-7274.732520097481,299.0,-1,-1,-1.0
23993,24045,15784.60331559919,-11559.900016193891,436.0,-1,-1,-1.0
23994,24046,-13739.182363295058,30273.11722961657,303.0,-1,-1,-1.0
23995,24047,-38322.11464252133,36275.07615561098,314.0,-1,5,-1.0
23996,24048,14975.60182477378,19745.42706770092,309.0,-1,-1,-1.0
23997,24049,-34645.906269331084,-20991.34493515929,277.0,-1,-1,-1.0
23998,24050,25262.69742568221,-33920.01212518988,73.0,-1,-1,-1.0
23999,24051,-11946.491671928408,-30250.89372901147,341.0,-1,-1,-1.0
24000,24052,-13663.089015250502,15032.96934572928,117.0,-1,-1,-1.0
24001,24053,8692.544063733185,33652.80865428559,400.0,-1,47,-1.0
24002,24054,-27063.189434163767,-8119.228095443133,142.0,-1,-1,-1.0
24003,24055,27476.085073747003,12867.569516150368,97.0,-1,-1,-1.0
24004,24056,-816.1621258300147,35292.27510375742,337.0,-1,-1,-1.0
24005,24057,-10765.425916555592,819.2723824074128,464.0,-1,-1,-1.0
24006,24058,-9305.365113324937,-22380.6063039327,268.0,-1,-1,-1.0
24007,24059,37118.77951617027,-22210.931126833257,203.0,-1,-1,-1.0
24008,24060,31436.98559627017,29225.302332173203,194.0,-1,10,-1.0
24009,24061,6721.962202067392,17733.856792012164,441.0,-1,-1,-1.0
24010,24062,-21398.357988014966,38723.55849189396,393.0,-1,-1,-1.0
24011,24063,-13815.583483873916,22867.22320668,335.0,-1,-1,-1.0
24012,24064,-13561.476635497744,8896.229335819327,100.0,-1,-1,-1.0
24013,24065,-25476.75488652418,19902.56058929701,319.0,-1,37,-1.0
24014,24066,38758.32033233759,8608.549265947637,6.0,-1,-1,-1.0
24015,24067,32983.78685108472,36823.72440451504,260.0,-1,11,-1.0
24016,24068,-7353.9509748809905,-5094.176908454334,242.0,-1,-1,-1.0
24017,24069,-10417.644436893052,-308.5126492135605,46.0,-1,-1,-1.0
24018,24070,15438.69005076102,20786.310610008164,221.0,-1,-1,-1.0
24019,24071,14539.739578246998,533.0989195066068,410.0,-1,2,-1.0
24020,24072,25065.48043870164,8848.20928420897,1.0,-1,15,-1.0
24021,24073,32880.30091024558,23461.60366635763,371.0,-1,-1,-1.0
24022,24074,-18373.53223645814,14780.416692535007,393.0,-1,-1,-1.0
24023,24075,-25140.159921204824,26820.91268828792,177.0,-1,-1,-1.0
24024,24076,-15797.136278076618,-4875.394264375282,330.0,-1,43,-1.0
24025,24077,21185.851649099477,29468.48956409136,386.0,-1,30,-1.0
24026,24078,11204.73107091149,4393.0189526348695,340.0,-1,-1,-1.0
24027,24079,-39944.791556882,19867.566528690622,306.0,-1,-1,-1.0
24028,24080,-35905.21991063361,-12591.836168581558,115.0,-1,32,38.0
24029,24081,-13264.841103623135,-36362.46238841245,199.0,-1,36,-1.0
24030,24082,-4835.804921710034,-35537.00865773554,463.0,-1,-1,-1.0
24031,24083,39531.44235742005,39282.57714424466,375.0,-1,-1,-1.0
24032,24084,-22466.789082845546,-39998.14383653071,37.0,-1,-1,-1.0
24033,24085,-29685.712286206457,-9043.044009881774,297.0,-1,41,-1.0
24034,24086,-6165.935915776339,-23524.23789246333,349.0,-1,-1,-1.0
24035,24087,-24255.997338012527,-12114.807833466257,403.0,-1,-1,-1.0
24036,24088,28507.26922496791,25729.519603718523,263.0,-1,-1,-1.0
24037,24089,-34484.805613134784,-25124.78740286429,488.0,-1,-1,-1.0
24038,24090,-7548.459183370156,-29838.041627609466,428.0,-1,-1,-1.0
24039,24091,-38553.03566202435,-20364.419004503103,198.0,-1,0,-1.0
24040,24092,-5423.154780492012,-25296.444877308317,406.0,-1,-1,-1.0
24041,24093,8514.685273370014,12205.997594432723,284.0,-1,8,-1.0
24042,24094,-8599.825647361642,-14633.243232440163,405.0,-1,-1,-1.0
24043,24095,-16421.716299594726,11549.537684461497,342.0,-1,-1,-1.0
24044,24096,30628.042577300963,-25525.21433260866,428.0,-1,45,-1.0
24045,24097,34724.877569114426,-35493.1690947523,413.0,-1,-1,-1.0
24046,24098,298.4391789724832,34090.4951576217,490.0,-1,-1,-1.0
24047,24099,33154.56550784703,23464.314774835977,244.0,-1,-1,-1.0
24048,24100,30443.572538825712,815.7510551006999,146.0,-1,-1,-1.0
24049,24101,15602.504026121882,24845.06693814099,14.0,-1,9,-1.0
24050,24102,11732.322668141707,-27712.991499488773,379.0,-1,3,-1.0
24051,24103,-8302.708820142816,-37535.89474011232,302.0,-1,-1,-1.0
24052,24104,-1339.556337756614,-3343.44713274594,30.0,-1,-1,-1.0
24053,24105,19249.44097215808,6573.923098880907,267.0,-1,-1,-1.0
24054,24106,34516.3567539137,32808.88121016737,465.0,-1,-1,-1.0
24055,24107,-546.4913551268692,38123.26269229593,153.0,-1,-1,-1.0
24056,24108,-20245.442807351123,-4450.012120583233,21.0,-1,-1,-1.0
24057,24109,18872.389980477,-7189.944671667494,85.0,-1,-1,-1.0
24058,24110,-8548.640803360853,-15797.0161877883,424.0,-1,-1,-1.0
24059,24111,5269.534705926279,34125.24453345714,196.0,-1,-1,-1.0
24060,24112,14373.98876849631,-27117.23877549245,375.0,-1,3,-1.0
24061,24113,-20998.441284616794,-1912.2127252379723,179.0,-1,43,-1.0
24062,24114,-7602.887564988254,-10521.989787152224,100.0,-1,-1,-1.0
24063,24115,-21712.431668610134,-17651.989490930893,123.0,-1,-1,-1.0
24064,24116,36350.05590242572,-12350.103594293716,179.0,-1,-1,-1.0
24065,24117,34488.102745465265,8216.739319261404,431.0,-1,28,-1.0
24066,24118,-33547.89804182108,22425.25455275652,178.0,-1,-1,-1.0
24067,24119,39082.398458922005,-8895.995844202691,477.0,-1,-1,-1.0
24068,24120,17534.318931975024,-23009.069464276192,134.0,-1,-1,-1.0
24069,24121,22212.05702870448,-34042.80592101644,95.0,-1,-1,-1.0
24070,24122,33010.46727351501,-1067.2483870963042,241.0,-1,33,-1.0
24071,24123,22019.3120395944,34129.08127820102,408.0,-1,30,-1.0
24072,24124,22136.752075258635,17325.711079872104,153.0,-1,18,-1.0
24073,24125,18183.197487119323,-7459.10410897512,483.0,-1,-1,-1.0
24074,24126,-24231.9858833086,-35292.50191917671,450.0,-1,12,-1.0
24075,24127,-27908.272203193443,9875.35860197692,434.0,-1,-1,-1.0
24076,24128,21293.356882839325,33953.18581175456,106.0,-1,-1,-1.0
24077,24129,-24497.22554240561,19548.56453418814,222.0,-1,-1,-1.0
24078,24130,8166.17262168631,-24866.06298556257,431.0,-1,-1,-1.0
24079,24131,-36431.87431452718,-11710.215325331745,161.0,-1,32,38.0
24080,24132,-12930.46395702568,2149.3252985684885,191.0,-1,-1,-1.0
24081,24133,-36753.22656037445,20107.030753705287,106.0,-1,23,-1.0
24082,24134,-18003.223350528853,-39641.6294503244,185.0,-1,-1,-1.0
24083,24135,-13681.879716402109,5595.420922202917,470.0,-1,-1,-1.0
24084,24136,-5627.710980735472,-20091.82403320317,217.0,-1,7,-1.0
24085,24137,-19319.445285821803,-17207.535828139422,25.0,-1,42,48.0
24086,24138,24736.50544774742,-16045.785617214126,217.0,-1,-1,-1.0
24087,24139,-37384.02722207967,13597.056537824516,316.0,-1,-1,-1.0
24088,24140,-39500.84430458473,-35132.57483596192,27.0,-1,-1,-1.0
24089,24141,-38941.84617437256,-25484.829662249835,473.0,-1,-1,-1.0
24090,24142,-23363.351538442592,-10063.569561534385,220.0,-1,-1,-1.0
24091,24143,-38218.5165655265,37220.62416987511,75.0,-1,-1,-1.0
24092,24144,-16154.506025270628,-7784.216239337366,365.0,-1,43,-1.0
24093,24145,4228.476747012326,25864.916646376296,107.0,-1,48,-1.0
24094,24146,-10269.466307340575,-38532.475370747285,256.0,-1,-1,-1.0
24095,24147,-31581.112759656862,-27873.100319684607,299.0,-1,34,-1.0
24096,24148,15282.770572212969,-1914.8313300531008,125.0,-1,-1,-1.0
24097,24149,23935.649753616868,23471.1666035824,342.0,-1,18,-1.0
24098,24150,35321.33539888833,36447.56158825518,443.0,-1,-1,-1.0
24099,24151,-21899.67732875715,16530.85783606585,4.0,-1,-1,-1.0
24100,24152,-22908.426628444333,21450.109960511058,420.0,-1,37,-1.0
24101,24153,26770.126646780263,1621.6619540295724,343.0,-1,-1,-1.0
24102,24154,-37992.6789440332,-23238.83066061934,130.0,-1,0,-1.0
24103,24155,10851.284642059414,684.2705262249219,221.0,-1,-1,-1.0
24104,24156,7133.405205880881,16883.66306712188,314.0,-1,-1,-1.0
24105,24157,-33634.41556882261,-19831.686344064077,305.0,-1,-1,-1.0
24106,24158,1455.6318095737297,29660.100834986748,282.0,-1,-1,-1.0
24107,24159,12320.94022281852,5059.178719887452,405.0,-1,2,-1.0
24108,24160,12408.17615449911,22453.03346374469,107.0,-1,-1,-1.0
24109,24161,-18086.651573224197,-28662.577809962684,122.0,-1,36,42.0
24110,24162,6987.293688013408,23182.90229151918,472.0,-1,-1,-1.0
24111,24163,-1085.6048256823924,38163.860299210064,422.0,-1,-1,-1.0
24112,24164,-4491.176359440789,-24638.674639383386,181.0,-1,25,-1.0
24113,24165,-4731.774942332173,28100.034259975844,212.0,-1,48,-1.0
24114,24166,10908.852684582387,-10624.102255962403,481.0,-1,-1,-1.0
24115,24167,-28029.801581954336,20649.057379998038,462.0,-1,-1,-1.0
24116,24168,37448.22143401951,29209.957927089083,121.0,-1,10,-1.0
24117,24169,-33201.25661488228,-4623.817160184924,167.0,-1,-1,-1.0
24118,24170,13697.029798363985,-20657.66586508074,276.0,-1,-1,-1.0
24119,24171,32493.52116691225,-8692.706694176504,63.0,-1,-1,-1.0
24120,24172,19053.639298109672,-28890.79055165021,204.0,-1,-1,-1.0
24121,24173,23775.00010865285,21495.84286832942,283.0,-1,-1,-1.0
24122,24174,-32795.16685954219,-9246.27095008831,317.0,-1,-1,-1.0
24123,24175,-24418.365701689578,-25648.944984193706,262.0,-1,38,-1.0
24124,24176,-16368.415031144375,7711.14200284773,171.0,-1,-1,-1.0
24125,24177,32780.454325657425,-7321.404392654596,216.0,-1,33,-1.0
24126,24178,-32905.120494828,5575.564889272609,85.0,-1,-1,-1.0
24127,24179,30836.176922588507,15308.70114115352,372.0,-1,-1,-1.0
24128,24180,-5446.096247355861,-24068.12209287305,380.0,-1,-1,-1.0
24129,24181,9569.809560128,24320.30087457313,251.0,-1,48,-1.0
24130,24182,5413.866216299655,-3052.4448787403526,85.0,-1,-1,-1.0
24131,24183,9890.941298122709,15497.971170772653,34.0,-1,-1,-1.0
24132,24184,29576.875814066647,-34503.29513513145,50.0,-1,-1,-1.0
24133,24185,-23138.465755564324,20109.35961364489,102.0,-1,37,-1.0
24134,24186,38640.200819113874,-18010.25622365364,182.0,-1,-1,-1.0
24135,24187,-24407.898418819896,-16352.364113045733,172.0,-1,-1,-1.0
24136,24188,2724.5454816087004,-30612.112780663192,199.0,-1,-1,-1.0
24137,24189,19743.889416874124,-18543.7741468846,405.0,-1,-1,-1.0
24138,24190,-26736.52263294951,663.8834517601645,61.0,-1,41,-1.0
24139,24191,-23703.35879807112,-1175.098765551411,149.0,-1,-1,-1.0
24140,24192,-30377.63613656069,-28659.40884958717,380.0,-1,-1,-1.0
24141,24193,-31.687632177156047,31175.67757816527,195.0,-1,48,-1.0
24142,24194,-8132.116214460686,-4669.542085032772,347.0,-1,-1,-1.0
24143,24195,16133.623698337571,2787.193430005398,497.0,-1,2,-1.0
24144,24196,-22273.82298950679,-2978.715286313076,334.0,-1,-1,-1.0
24145,24197,27821.546814430403,-33971.48561222917,227.0,-1,-1,-1.0
24146,24198,-4178.083124581739,31483.71271296295,234.0,-1,-1,-1.0
24147,24199,-10905.624912105064,-27064.32539057833,425.0,-1,17,-1.0
24148,24200,13599.05279465866,18088.212166171805,246.0,-1,-1,-1.0
24149,24201,18745.41796605334,-2868.052222828112,264.0,-1,-1,-1.0
24150,24202,12697.272196683887,14698.1199282816,327.0,-1,-1,-1.0
24151,24203,22604.492124234937,-33879.08855805712,358.0,-1,-1,-1.0
24152,24204,-34518.168478027445,13907.789991287653,218.0,-1,24,-1.0
24153,24205,31744.543560902195,6128.021592511577,275.0,-1,-1,-1.0
24154,24206,-37155.83226188833,18769.240872085426,418.0,-1,-1,-1.0
24155,24207,36612.7390825512,-5446.497558867144,499.0,-1,-1,-1.0
24156,24208,-20926.5732944365,-23548.400271679668,142.0,-1,36,-1.0
24157,24209,4256.991535413377,-37322.32568250262,233.0,-1,1,-1.0
24158,24210,16665.04906996157,26112.197312373013,180.0,-1,9,-1.0
24159,24211,-18712.357115573424,14981.457911533997,222.0,-1,-1,-1.0
24160,24212,31314.58767085873,5470.985875528422,380.0,-1,-1,-1.0
24161,24213,39644.5551066621,-25299.208892058366,187.0,-1,-1,-1.0
24162,24214,7444.825441011497,-9558.85955729209,474.0,-1,-1,-1.0
24163,24215,23454.266654485888,33377.15009226972,7.0,-1,-1,-1.0
24164,24216,-5979.999314607565,38293.22432225567,318.0,-1,-1,-1.0
24165,24217,-34212.97068894455,34332.5378111686,262.0,-1,-1,-1.0
24166,24218,33642.50610894585,-24009.371756844383,103.0,-1,45,-1.0
24167,24219,35714.015716222915,-16474.106624941473,186.0,-1,-1,-1.0
24168,24220,3074.061848167992,2509.9203899855493,2.0,-1,14,-1.0
24169,24221,30289.040969357757,-14416.918529486651,477.0,-1,-1,-1.0
24170,24222,-9957.397500643594,-39428.7622869164,186.0,-1,-1,-1.0
24171,24223,37270.6265027741,-25586.26243658045,143.0,-1,-1,-1.0
24172,24224,-26396.27617452128,24792.322450223284,313.0,-1,48,59.0
24173,24225,7563.460824964386,13944.741535272617,459.0,-1,-1,-1.0
24174,24226,-21499.89099135267,22407.11013016337,189.0,-1,-1,-1.0
24175,24227,-19195.763913730647,-11141.363804296372,296.0,-1,-1,-1.0
24176,24228,6521.539994519037,-15412.92524875284,246.0,-1,31,-1.0
24177,24229,-2194.95558475679,-28489.36124100356,493.0,-1,-1,-1.0
24178,24230,35390.25898919476,5230.957260972442,50.0,-1,28,-1.0
24179,24231,-27838.699055221376,-37787.19514721009,370.0,-1,-1,-1.0
24180,24232,-22758.854665579936,-4218.917693943702,274.0,-1,-1,-1.0
24181,24233,32956.00496818776,14299.899617205352,275.0,-1,-1,-1.0
24182,24234,-5532.965215877935,-1084.1446358927424,297.0,-1,-1,-1.0
24183,24235,3285.685389152677,12518.283304968732,213.0,-1,-1,-1.0
24184,24236,-18764.573856062096,17779.432957428493,440.0,-1,-1,-1.0
24185,24237,-5376.530845072317,17589.84084678439,469.0,-1,-1,-1.0
24186,24238,1020.9814113052488,6351.075522987878,175.0,-1,-1,-1.0
24187,24239,-18467.210037932826,-31736.714487472284,196.0,-1,-1,-1.0
24188,24240,18585.9749354385,-30350.51359221214,118.0,-1,-1,-1.0
24189,24241,-36258.19490083464,18013.758651202566,101.0,-1,23,-1.0
24190,24242,13395.93941388306,26032.319466407323,353.0,-1,-1,-1.0
24191,24243,35557.31534066015,-6923.742618370554,26.0,-1,33,-1.0
24192,24244,33636.673295265035,15912.66236447548,204.0,-1,-1,-1.0
24193,24245,-27622.37258772495,-39627.14902434029,192.0,-1,-1,-1.0
24194,24246,36233.83264606906,17405.10493915531,372.0,-1,28,-1.0
24195,24247,-36611.28604634743,36728.12118974992,225.0,-1,5,6.0
24196,24248,38113.84433035851,10122.483055050316,228.0,-1,-1,-1.0
24197,24249,-713.7504303265741,-34462.64812940604,97.0,-1,-1,-1.0
24198,24250,1301.490371544096,-26878.62714421112,488.0,-1,25,-1.0
24199,24251,-33724.369923841674,-6540.658307381527,479.0,-1,-1,-1.0
24200,24252,-30100.19832259244,39059.97231708143,27.0,-1,-1,-1.0
24201,24253,19245.675078307395,-1010.2047410545348,313.0,-1,-1,-1.0
24202,24254,31487.660268330656,11322.241203581529,321.0,-1,-1,-1.0
24203,24255,9060.004536021726,34994.61080409208,112.0,-1,-1,-1.0
24204,24256,6074.3601551240645,-30548.193716650527,42.0,-1,-1,-1.0
24205,24257,17567.168993977633,-30692.755518510683,369.0,-1,-1,-1.0
24206,24258,19498.17705453036,38175.31115190541,23.0,-1,-1,-1.0
24207,24259,27596.58067595433,14517.661726548504,360.0,-1,-1,-1.0
24208,24260,8235.462498855268,20429.739159871184,336.0,-1,-1,-1.0
24209,24261,7133.2864330452285,-2868.686641640823,285.0,-1,-1,-1.0
24210,24262,18022.40240860701,17917.369412234526,191.0,-1,-1,-1.0
24211,24263,33576.77584997067,18020.80198755797,113.0,-1,-1,-1.0
24212,24264,-15525.044821226234,-25598.124490208844,304.0,-1,-1,-1.0
24213,24265,23823.39986455048,-3953.248628081783,11.0,-1,-1,-1.0
24214,24266,23032.53688133901,-39159.7861810489,12.0,-1,-1,-1.0
24215,24267,-3022.171572641164,-10146.8954631156,141.0,-1,31,36.0
24216,24268,-24101.471321750083,-37866.98098707551,286.0,-1,-1,-1.0
24217,24269,5770.364398720929,-4399.110084212443,170.0,-1,-1,-1.0
24218,24270,23998.68525779765,-33064.41674496723,65.0,-1,-1,-1.0
24219,24271,-29543.49688722564,38242.28027668617,333.0,-1,-1,-1.0
24220,24272,11901.24055483032,604.8173801152589,289.0,-1,-1,-1.0
24221,24273,-34925.97891164454,27455.53979187479,66.0,-1,-1,-1.0
24222,24274,38803.43625409136,-7587.104453192336,148.0,-1,-1,-1.0
24223,24275,12298.343757321423,16923.305766567406,108.0,-1,-1,-1.0
24224,24276,-23997.72221387556,-19493.67807518804,232.0,-1,-1,-1.0
24225,24277,10969.06837795242,-33056.82792500159,270.0,-1,-1,-1.0
24226,24278,16047.667428550238,-17532.984472108783,305.0,-1,45,-1.0
24227,24279,29538.485197900955,4036.7564640137207,437.0,-1,-1,-1.0
24228,24280,1954.4807335350636,9365.816917874516,454.0,-1,27,-1.0
24229,24281,18408.60165701156,10661.468902438137,430.0,-1,-1,-1.0
24230,24282,-35163.34068345801,-24233.960408686544,150.0,-1,-1,-1.0
24231,24283,30857.33142646088,-2217.357121015252,284.0,-1,33,-1.0
24232,24284,-31695.194089584176,12758.263163713607,114.0,-1,24,-1.0
24233,24285,-27302.882775992057,-2208.152674566016,258.0,-1,41,-1.0
24234,24286,23892.219998901597,-15931.639684238511,8.0,-1,-1,-1.0
24235,24287,8172.185157290558,-4382.44181134148,302.0,-1,-1,-1.0
24236,24288,-22454.189645038536,11111.661653871502,49.0,-1,40,-1.0
24237,24289,-19707.33251677457,-798.9294896597348,254.0,-1,43,-1.0
24238,24290,-2339.551154249755,-27959.72673421918,279.0,-1,-1,-1.0
24239,24291,26421.689972457927,-9562.966475786892,320.0,-1,-1,-1.0
24240,24292,20346.767544645787,-9482.15649540382,98.0,-1,44,-1.0
24241,24293,14657.650935012913,20114.88736678649,342.0,-1,-1,-1.0
24242,24294,-7525.920765577637,24004.664659897506,215.0,-1,-1,-1.0
24243,24295,15754.91935148248,37806.498305160494,132.0,-1,-1,-1.0
24244,24296,-4472.190650227043,-12869.499993175425,93.0,-1,31,-1.0
24245,24297,-28318.87888371256,-28104.178651285245,313.0,-1,-1,-1.0
24246,24298,-4222.00300642036,39063.56333891023,189.0,-1,-1,-1.0
24247,24299,-39181.58565860264,39197.63984812988,449.0,-1,-1,-1.0
24248,24300,-27958.700024648868,-36982.22518803054,333.0,-1,-1,-1.0
24249,24301,21388.26415679396,2131.32079395702,300.0,-1,-1,-1.0
24250,24302,3138.3160124991628,-21323.48525103014,398.0,-1,31,-1.0
24251,24303,9213.049736508416,16725.323427608448,402.0,-1,8,-1.0
24252,24304,-35715.33968817926,-12891.314776646592,107.0,-1,32,38.0
24253,24305,5622.509314108589,20092.64595412484,391.0,-1,-1,-1.0
24254,24306,-5709.764325860437,38559.18434175625,262.0,-1,-1,-1.0
24255,24307,-33399.3318612715,1452.308979127607,485.0,-1,-1,-1.0
24256,24308,31135.46722115649,-2654.1330136547767,135.0,-1,-1,-1.0
24257,24309,-22788.696758809994,11976.646762215714,27.0,-1,-1,-1.0
24258,24310,33996.557941780935,35364.680147735606,409.0,-1,11,-1.0
24259,24311,9658.95746847881,-7331.613736686311,188.0,-1,-1,-1.0
24260,24312,17009.3370939542,-30648.49136844668,60.0,-1,-1,-1.0
24261,24313,36061.53155726948,-23943.52495353366,9.0,-1,-1,-1.0
24262,24314,5652.60293063835,22401.225678886527,489.0,-1,46,-1.0
24263,24315,-34287.26033835237,-37666.304541205485,297.0,-1,-1,-1.0
24264,24316,-27081.62449757773,22015.19089098963,76.0,-1,-1,-1.0
24265,24317,16389.886516299048,14711.557861844194,480.0,-1,-1,-1.0
24266,24318,34912.22320927572,-510.4916210674856,18.0,-1,-1,-1.0
24267,24319,16561.714686400497,28240.09800729963,498.0,-1,9,-1.0
24268,24320,-66.97946580847201,-3742.982223975487,337.0,-1,-1,-1.0
24269,24321,-8783.010400300314,14133.426249251335,384.0,-1,-1,-1.0
24270,24322,23976.319486494584,-31828.84141708316,72.0,-1,-1,-1.0
24271,24323,-36512.93675256266,9346.57732430099,487.0,-1,24,-1.0
24272,24324,-15192.79860010884,-16392.608905350804,365.0,-1,-1,-1.0
24273,24325,7380.034171316758,-7921.445798191307,313.0,-1,-1,-1.0
24274,24326,36735.91363285057,3158.0647690082333,365.0,-1,28,32.0
24275,24327,-33040.78779656961,39923.49544160014,346.0,-1,-1,-1.0
24276,24328,21466.54785543176,-6520.002792344938,493.0,-1,44,-1.0
24277,24329,-20411.478189888345,-6771.323049100764,436.0,-1,-1,-1.0
24278,24330,12761.699485751822,16647.94441590197,224.0,-1,-1,-1.0
24279,24331,-8699.093989007797,27815.023224840537,104.0,-1,-1,-1.0
24280,24332,-31809.598872304006,-18918.67521935426,220.0,-1,-1,-1.0
24281,24333,-2936.487100710437,-24146.79306172026,355.0,-1,25,-1.0
24282,24334,35157.908475477845,22506.19095250831,172.0,-1,-1,-1.0
24283,24335,-10463.58423392408,-23849.502352436804,210.0,-1,-1,-1.0
24284,24336,11126.274380295205,-20985.916634366917,233.0,-1,-1,-1.0
24285,24337,-23761.19698697225,-26063.73080470135,216.0,-1,-1,-1.0
24286,24338,26805.90668138837,-22767.944324940057,62.0,-1,45,-1.0
24287,24339,6808.706568148067,-16790.352824928297,110.0,-1,-1,-1.0
24288,24340,-8496.170227485927,7027.361355237052,95.0,-1,27,-1.0
24289,24341,-39709.78593361846,36088.7301632898,166.0,-1,-1,-1.0
24290,24342,17124.7216490836,1786.9309952297845,235.0,-1,-1,-1.0
24291,24343,7505.700478828156,-39311.20295794071,435.0,-1,-1,-1.0
24292,24344,-20105.68638114373,-6783.198284137441,121.0,-1,-1,-1.0
24293,24345,-28652.2663254875,-22331.02539381997,423.0,-1,39,-1.0
24294,24346,38222.57923023467,-31808.2981903122,257.0,-1,-1,-1.0
24295,24347,31917.731570230026,-30287.584891057755,311.0,-1,-1,-1.0
24296,24348,-32681.894485838515,-39201.96470249183,45.0,-1,-1,-1.0
24297,24349,-18938.283048607384,30616.690005907032,275.0,-1,-1,-1.0
24298,24350,29210.23448318348,-11476.084449156002,33.0,-1,-1,-1.0
24299,24351,11520.497699505975,16981.56364975449,395.0,-1,-1,-1.0
24300,24352,13437.890713507237,20697.60266192729,29.0,-1,-1,-1.0
24301,24353,30756.01423250097,35176.41027494063,345.0,-1,-1,-1.0
24302,24354,6099.879972851915,7552.427563228804,481.0,-1,-1,-1.0
24303,24355,27126.118582812865,13065.06805055598,405.0,-1,-1,-1.0
24304,24356,-38951.10360635721,-13343.203216923035,240.0,-1,-1,-1.0
24305,24357,-35000.83692801297,23019.873767258214,226.0,-1,-1,-1.0
24306,24358,-26277.348906605657,-11086.853264175414,346.0,-1,-1,-1.0
24307,24359,-15743.805419940974,27565.95358437662,390.0,-1,48,61.0
24308,24360,21054.26495579196,-30044.34659907295,493.0,-1,-1,-1.0
24309,24361,30668.604784706768,-8476.796399406758,197.0,-1,-1,-1.0
24310,24362,-7877.868883554351,-22391.319285972982,423.0,-1,7,-1.0
24311,24363,25233.067441594583,-6858.40739663539,211.0,-1,-1,-1.0
24312,24364,23487.518326789526,-11146.61870898747,83.0,-1,-1,-1.0
24313,24365,-4058.715106789576,11302.517520817884,20.0,-1,-1,-1.0
24314,24366,26741.41572490605,-37000.79333109671,165.0,-1,-1,-1.0
24315,24367,-28008.37042770352,3643.837147179169,381.0,-1,-1,-1.0
24316,24368,33389.59986552445,-19622.16168364358,498.0,-1,-1,-1.0
24317,24369,-4824.594166692965,-18025.53694631399,382.0,-1,-1,-1.0
24318,24370,6862.944416582344,3152.23293049854,382.0,-1,14,-1.0
24319,24371,-36470.60385786331,-30956.945348569185,421.0,-1,20,-1.0
24320,24372,29907.910191693158,-19929.263488496308,444.0,-1,45,-1.0
24321,24373,2778.3179888221784,10073.651695865388,179.0,-1,27,-1.0
24322,24374,-23877.298463808154,23872.9167292202,229.0,-1,-1,-1.0
24323,24375,-11181.702361866792,17595.086429976844,208.0,-1,-1,-1.0
24324,24376,33286.247356341075,-35194.78765878956,157.0,-1,-1,-1.0
24325,24377,-33659.308213774486,-2846.9132049431573,16.0,-1,-1,-1.0
24326,24378,-28916.79734639478,-35057.49109969829,158.0,-1,-1,-1.0
24327,24379,37218.37562521192,37818.22662240383,491.0,-1,-1,-1.0
24328,24380,39521.7565060629,-36463.80154200158,182.0,-1,-1,-1.0
24329,24381,-6161.080043666312,4221.941466020115,65.0,-1,-1,-1.0
24330,24382,29538.079547863832,3532.704330732864,34.0,-1,-1,-1.0
24331,24383,-25173.173607968674,24478.73994467435,414.0,-1,48,-1.0
24332,24384,5321.512486968983,-30008.032981204044,314.0,-1,-1,-1.0
24333,24385,14285.240273652817,-524.7560348640836,89.0,-1,-1,-1.0
24334,24386,33711.1967850847,-21459.4153250504,124.0,-1,-1,-1.0
24335,24387,10348.53932015715,-80.51903822050372,412.0,-1,-1,-1.0
24336,24388,4569.31814975154,31799.529676411606,111.0,-1,48,-1.0
24337,24389,-36755.7770313816,28006.493277833884,4.0,-1,-1,-1.0
24338,24390,23760.81903434782,-3252.3023575089537,56.0,-1,-1,-1.0
24339,24391,-35854.38428066692,10308.49058428254,131.0,-1,24,-1.0
24340,24392,-19955.621273007237,-30113.22953082458,428.0,-1,-1,-1.0
24341,24393,7289.004169729087,-27302.299231157405,299.0,-1,31,-1.0
24342,24394,-29517.96651643175,26085.97212340236,338.0,-1,-1,-1.0
24343,24395,-21357.140386130053,7754.572700596982,446.0,-1,-1,-1.0
24344,24396,20101.15533209412,23912.51835429536,36.0,-1,18,-1.0
24345,24397,38865.757149714336,-8239.847124659933,177.0,-1,-1,-1.0
24346,24398,-19323.66758616829,31881.5940325494,88.0,-1,-1,-1.0
24347,24399,-29390.2077900452,31041.87219621695,323.0,-1,-1,-1.0
24348,24400,-12161.254523283633,-22465.8109480816,308.0,-1,-1,-1.0
24349,24401,38749.90679015046,-1672.3599286552562,454.0,-1,-1,-1.0
24350,24402,-37833.16298748186,-37514.60871825574,339.0,-1,19,-1.0
24351,24403,33714.3759055258,-1957.2649145280448,48.0,-1,-1,-1.0
24352,24404,38591.37780849043,3460.344472219156,149.0,-1,28,-1.0
24353,24405,-28927.130108790803,24492.612887777737,328.0,-1,-1,-1.0
24354,24406,3232.0592587162464,1800.5302421935485,459.0,-1,-1,-1.0
24355,24407,23435.54492244213,6882.113574636154,255.0,-1,16,-1.0
24356,24408,700.4410896229747,22037.690054218605,55.0,-1,-1,-1.0
24357,24409,-10950.09710034712,-13824.085292526852,297.0,-1,-1,-1.0
24358,24410,-23700.302067917142,-21558.24890931723,91.0,-1,-1,-1.0
24359,24411,-14682.9149170612,38995.43768139218,43.0,-1,-1,-1.0
24360,24412,-13133.47741950822,-21014.39038519243,14.0,-1,-1,-1.0
24361,24413,-10270.645385471653,-11136.64836092771,271.0,-1,31,-1.0
24362,24414,35682.97708496581,-22859.516523010618,217.0,-1,-1,-1.0
24363,24415,12100.335537991486,-18511.000538828823,385.0,-1,-1,-1.0
24364,24416,-34637.08660640156,-24176.973687379268,69.0,-1,-1,-1.0
24365,24417,317.1275176164927,24587.924423015284,163.0,-1,-1,-1.0
24366,24418,119.93293631062988,35711.264106695744,490.0,-1,-1,-1.0
24367,24419,39864.77571679413,32772.04782723705,436.0,-1,-1,-1.0
24368,24420,9700.768593342656,19783.636136496974,197.0,-1,-1,-1.0
24369,24421,-32796.187455322004,8430.15096557801,335.0,-1,-1,-1.0
24370,24422,34424.54381991936,34953.157248206364,309.0,-1,11,-1.0
24371,24423,5765.5540139029545,-2067.597770969121,17.0,-1,-1,-1.0
24372,24424,-19717.834875613604,29360.95161184571,253.0,-1,48,-1.0
24373,24425,-14200.562786869294,11601.42610850439,62.0,-1,-1,-1.0
24374,24426,-24950.461137327096,-24911.058935577028,279.0,-1,38,-1.0
24375,24427,24561.005046239137,-10261.774131115446,443.0,-1,-1,-1.0
24376,24428,2580.696884856523,-13894.15200475149,158.0,-1,31,-1.0
24377,24429,-25072.36226795925,-15536.525713422643,319.0,-1,-1,-1.0
24378,24430,-6649.392781185976,8017.497761634302,32.0,-1,-1,-1.0
24379,24431,2806.3555643112923,-18328.97444142829,94.0,-1,-1,-1.0
24380,24432,-35583.90622627666,37969.48886446602,200.0,22,5,6.0
24381,24433,-35572.26476567324,37842.05844890954,201.0,22,5,6.0
24382,24434,-35655.68859719119,37867.6178284219,203.0,22,5,6.0
24383,24435,-35573.09051898434,37832.334609606856,204.0,22,5,6.0
24384,24436,-35721.05663328256,37814.52191489145,204.0,22,5,6.0
24385,24437,-35639.23352900286,37747.38072019549,205.0,22,5,6.0
24386,24438,-35631.6342229614,37740.19601550551,205.0,22,5,6.0
24387,24439,-35575.66679877018,37652.28387056198,206.0,22,5,6.0
24388,24440,-35599.18455984783,37553.68003490183,207.0,22,5,6.0
24389,24441,-35561.93083473821,37566.21167725923,207.0,22,5,6.0
24390,24442,-35644.05646281467,37590.72076991207,207.0,22,5,6.0
24391,24443,-35588.694159205486,37446.482992314384,208.0,22,5,6.0
24392,24444,-35682.61602488852,37520.27091214521,208.0,22,5,6.0
24393,24445,-35725.86559272443,37407.96225399502,209.0,22,5,6.0
24394,24446,-35672.67344260919,37420.96669012899,209.0,22,5,6.0
24395,24447,-35812.35697866408,37355.14151892302,210.0,22,5,6.0
24396,24448,-35766.83160009671,37483.11385688488,210.0,22,5,6.0
24397,24449,-35769.674658674245,37348.34356235901,213.0,22,5,6.0
24398,24450,-35867.814804048976,37382.55231703839,213.0,22,5,6.0
24399,24451,-35870.748331711206,37320.579619333366,215.0,22,5,6.0
24400,24452,-35924.67863510846,37313.411442014985,215.0,22,5,6.0
24401,24453,-35921.21665060132,37230.17402451392,218.0,22,5,6.0
24402,24454,-36003.23154494782,37315.62819018847,218.0,22,5,6.0
24403,24455,-36082.28646857622,37280.879112837545,219.0,22,5,6.0
24404,24456,-36067.10754566066,37248.1808398724,219.0,22,5,6.0
24405,24457,-36189.76545200421,37299.995273849774,220.0,22,5,6.0
24406,24458,-36005.74013116262,37181.44635133252,220.0,22,5,6.0
24407,24459,-36057.249065985474,37151.89167186351,221.0,22,5,6.0
24408,24460,-36206.3407784728,37268.98759123042,221.0,22,5,6.0
24409,24461,-36183.15827947038,37137.678394816976,222.0,22,5,6.0
24410,24462,-36269.337487186574,37126.56554122321,226.0,22,5,6.0
24411,24463,-36296.872939988665,37046.56520735019,228.0,22,5,6.0
24412,24464,-36286.15919556284,37009.824202461496,228.0,22,5,6.0
24413,24465,-36372.18786291376,36945.55909017295,231.0,22,5,6.0
24414,24466,-36219.47516256638,36905.17824759852,231.0,22,5,6.0
24415,24467,-36386.40253498077,36940.83310520431,232.0,22,5,6.0
24416,24468,-36360.88021053479,36973.22290778709,232.0,22,5,6.0
24417,24469,-36418.186123160274,36848.951973146606,233.0,22,5,6.0
24418,24470,-36433.07149167522,36762.89814329915,234.0,22,5,6.0
24419,24471,-36470.38512903773,36652.328964083776,236.0,22,5,6.0
24420,24472,-36496.7886381764,36554.55640965525,237.0,22,5,6.0
24421,24473,-36580.144746467886,36545.24724153197,238.0,22,5,6.0
24422,24474,-36608.10551284008,36566.91224979749,238.0,22,5,6.0
24423,24475,-36472.9677002135,36435.49559232019,238.0,22,5,6.0
24424,24476,-36633.68398028351,36468.611640226045,240.0,22,5,6.0
24425,24477,-36702.48403989107,36428.81692649964,241.0,22,5,6.0
24426,24478,-36702.91597359667,36476.506831454695,241.0,22,5,6.0
24427,24479,-36697.69420106985,36318.13175556676,242.0,22,5,6.0
24428,24480,-36715.00718438781,36216.508074753845,243.0,22,5,6.0
24429,24481,-36791.24871142908,36163.21651498034,244.0,22,5,6.0
24430,24482,-36760.592222316496,36104.63098312828,244.0,22,5,6.0
24431,24483,-36760.60509489916,36101.82638004106,244.0,22,5,6.0
24432,24484,-36708.53098364556,36117.00915383791,244.0,22,5,6.0
24433,24485,-36809.90637861145,36067.34359294343,245.0,22,5,6.0
24434,24486,-36895.2951736554,35993.387171868475,246.0,22,5,6.0
24435,24487,-36926.977798844135,35966.85782835686,249.0,22,5,6.0
24436,24488,-36979.22692299828,35999.62208360773,250.0,22,5,6.0
24437,24489,-37001.31034518856,35892.45996793356,251.0,22,5,6.0
24438,24490,-36997.89448532834,35774.06101669016,252.0,22,5,6.0
24439,24491,-37133.0618363463,35810.09481313554,253.0,22,5,6.0
24440,24492,-37165.361478965024,35731.882804359164,254.0,22,5,6.0
24441,24493,-37178.846146412216,35631.81694267576,257.0,22,5,6.0
24442,24494,-37234.85010146854,35545.94554646293,258.0,22,5,6.0
24443,24495,-37274.51213279797,35695.01028728364,258.0,22,5,6.0
24444,24496,-37296.96296845749,35674.49402915459,260.0,22,5,6.0
24445,24497,-37326.01098363904,35614.83401998697,261.0,22,5,6.0
24446,24498,-37384.91623965064,35521.0637156952,262.0,22,5,6.0
24447,24499,-37423.79535331757,35421.15665288273,263.0,22,5,6.0
24448,24500,-37413.24701878036,35438.95133300648,263.0,22,5,6.0
24449,24501,-37376.768728332536,35311.93811909566,264.0,22,5,6.0
24450,24502,-37378.65160514606,35151.654555958106,265.0,22,5,6.0
24451,24503,-37478.67086679086,35126.562701347306,267.0,22,5,6.0
24452,24504,-37494.36778271858,35139.59273325373,267.0,22,5,6.0
24453,24505,-37455.18414454165,35139.82482816367,267.0,22,5,6.0
24454,24506,-37471.99961275461,35041.185256827426,268.0,22,5,6.0
24455,24507,-37560.58878017642,35051.17892679286,269.0,22,5,6.0
24456,24508,-37599.69138886886,35015.598501715656,269.0,22,5,6.0
24457,24509,-37519.20896584671,34943.34272662429,269.0,22,5,6.0
24458,24510,-37543.24631943396,34949.62045384282,269.0,22,5,6.0
24459,24511,-37647.194518864126,34955.86678447452,271.0,22,5,6.0
24460,24512,-37688.81894958668,34945.40358039482,271.0,22,5,6.0
24461,24513,-37671.841597657294,34840.726717744554,272.0,22,5,6.0
24462,24514,-37682.06249085873,34720.31712250717,273.0,22,5,6.0
24463,24515,-37668.54164363139,34652.3545263767,277.0,22,5,6.0
24464,24516,-37638.379190585314,34590.69868106451,278.0,22,5,6.0
24465,24517,-37730.54711979089,34553.4627617135,279.0,22,5,6.0
24466,24518,-37715.55230595056,34524.30748270787,279.0,22,5,6.0
24467,24519,-37566.45605042067,34533.97583063202,279.0,22,5,6.0
24468,24520,-37724.24736419765,34495.58910568215,281.0,22,5,6.0
24469,24521,-37849.05069759586,34520.63763511604,282.0,22,5,6.0
24470,24522,-37809.60724914919,34433.45278084809,285.0,22,5,6.0
24471,24523,-37761.96283946837,34344.522984615665,288.0,22,5,6.0
24472,24524,-37849.045758432,34270.764695723774,289.0,22,5,6.0
24473,24525,-37834.70363236318,34164.69716751947,290.0,22,5,6.0
24474,24526,-37898.61236397098,34187.000475803994,290.0,22,5,6.0
24475,24527,-37889.95433998872,34075.91736780087,291.0,22,5,6.0
24476,24528,-37975.08261471803,34141.23391337159,291.0,22,5,6.0
24477,24529,-37880.21263839049,34066.85064616337,291.0,22,5,6.0
24478,24530,-37939.77571156729,33991.59684985315,293.0,22,5,6.0
24479,24531,-37998.55149124643,34055.47205216401,293.0,22,5,6.0
24480,24532,-37963.21145555228,34026.996087407024,293.0,22,5,6.0
24481,24533,-38039.52510767714,33937.543604856815,294.0,22,5,6.0
24482,24534,-38112.14315477315,33880.166750828124,298.0,22,5,6.0
24483,24535,-38151.82143210338,33816.498151144326,299.0,22,5,6.0
24484,24536,-38201.69458097834,33725.68525647898,301.0,22,5,6.0
24485,24537,-38243.03522784685,33873.21836371388,301.0,22,5,6.0
24486,24538,-38104.66744134034,33725.750946153,301.0,22,5,6.0
24487,24539,-38232.42569777383,33680.515903134044,302.0,22,5,6.0
24488,24540,-38098.290896516126,33678.15602384706,302.0,22,5,6.0
24489,24541,-38240.38163137589,33743.61248448722,304.0,22,5,6.0
24490,24542,-38226.34557455711,33623.58952784941,305.0,22,5,6.0
24491,24543,-38348.71641869944,33628.26182170988,306.0,22,5,6.0
24492,24544,-38312.46974775754,33625.45194233127,306.0,22,5,6.0
24493,24545,-38310.86339273114,33559.83366177991,307.0,22,5,6.0
24494,24546,-38329.49321441024,33468.16802845557,308.0,22,5,6.0
24495,24547,-38380.07148365281,33563.852306138644,308.0,22,5,6.0
24496,24548,-38410.78388479283,33480.605426528215,310.0,22,5,6.0
24497,24549,-38491.4261833027,33574.55045057517,311.0,22,5,6.0
24498,24550,-38504.804671096885,33573.431894285895,311.0,22,5,6.0
24499,24551,-38461.00848323627,33489.8528874683,312.0,22,5,6.0
24500,24552,-38572.34761208114,33453.58746724232,315.0,22,5,6.0
24501,24553,-38560.38725037046,33530.358876556646,315.0,22,5,6.0
24502,24554,-38510.659272230674,33361.83207542984,316.0,22,5,6.0
24503,24555,-38591.22114638969,33369.8864065524,316.0,22,5,6.0
24504,24556,-38617.83147466738,33402.90048827889,318.0,22,5,6.0
24505,24557,-38516.50975224469,33264.96695676022,318.0,22,5,6.0
24506,24558,-38569.50618531953,33287.214137466435,318.0,22,5,6.0
24507,24559,-38607.222553671614,33290.43820472107,318.0,22,5,6.0
24508,24560,-38574.022118565306,33320.249051403305,318.0,22,5,6.0
24509,24561,-38661.2786650041,33239.14595953722,320.0,22,5,6.0
24510,24562,-38772.986107183606,33211.62805011113,322.0,22,5,6.0
24511,24563,-38802.05325668094,33127.69150250167,323.0,22,5,6.0
24512,24564,-38889.63741474824,33040.26223121958,324.0,22,5,6.0
24513,24565,-38814.40353008302,33071.77034889783,324.0,22,5,6.0
24514,24566,-38872.87240973424,33075.105328887395,324.0,22,5,6.0
24515,24567,-38950.89030575467,33091.91932205889,326.0,22,5,6.0
24516,24568,-39017.88246282461,33041.01776670511,328.0,22,5,6.0
24517,24569,-39027.8993315281,33094.590126470815,328.0,22,5,6.0
24518,24570,-38994.118874978376,33039.03375456911,328.0,22,5,6.0
24519,24571,-38880.68097275363,33076.60230541924,328.0,22,5,6.0
24520,24572,-39111.29660864276,32960.38921960897,329.0,22,5,6.0
24521,24573,-39084.25046631749,32918.9600299134,331.0,22,5,6.0
24522,24574,-39131.16177454145,32882.93414582248,332.0,22,5,6.0
24523,24575,-39215.743653998994,32928.34939074981,333.0,22,5,6.0
24524,24576,-39217.56616099393,32840.15569120541,333.0,22,5,6.0
24525,24577,-39263.31172934925,32786.26273025047,334.0,22,5,6.0
24526,24578,-39376.23369028906,32785.32468010105,336.0,22,5,6.0
24527,24579,-39500.46335539166,32735.50138744512,337.0,22,5,6.0
24528,24580,-39529.71124167372,32665.761546322825,338.0,22,5,6.0
24529,24581,-39548.481602898966,32567.807553082173,339.0,22,5,6.0
24530,24582,-39568.58981913512,32472.16176597424,341.0,22,5,6.0
24531,24583,-39655.81011347204,32432.91343377944,344.0,22,5,6.0
24532,24584,-39675.02111992279,32340.439680127784,346.0,22,5,6.0
24533,24585,-39644.01577807686,32222.23525084769,347.0,22,5,6.0
24534,24586,-39685.93200813796,32128.91542614697,351.0,22,5,6.0
24535,24587,-39660.72224012405,31990.064571091425,353.0,22,5,6.0
24536,24588,-39733.05284345405,32017.488527851467,353.0,22,5,6.0
24537,24589,-39669.35465226926,32049.3280602098,353.0,22,5,6.0
24538,24590,-39787.11371470596,32047.10255884781,355.0,22,5,6.0
24539,24591,-39731.64664832086,31929.1304359128,355.0,22,5,6.0
24540,24592,-39814.2367465295,32001.705156314303,355.0,22,5,6.0
24541,24593,-39837.79924859943,31968.984083903,356.0,22,5,6.0
24542,24594,-39825.16842702386,31880.808565564308,356.0,22,5,6.0
24543,24595,-39843.73355943069,31818.89491542169,357.0,22,5,6.0
24544,24596,-39858.64186049324,31753.212518507084,359.0,22,5,6.0
24545,24597,-39962.29436451342,31755.764217198604,360.0,22,5,6.0
24546,24599,-39996.245428130176,31614.704891286627,363.0,22,-1,-1.0
24547,24637,15329.080073772202,-15932.45847566232,387.0,-1,-1,-1.0
24548,24638,17258.542301181194,28163.56615170768,189.0,-1,-1,-1.0
24549,24639,8025.575017385338,12834.199012178644,302.0,-1,8,-1.0
24550,24640,18167.80336074422,-1316.4044583497453,463.0,-1,-1,-1.0
24551,24641,-36016.49091767213,-36740.412167141134,65.0,-1,19,-1.0
24552,24642,3191.7431004234822,17529.027331019388,435.0,-1,-1,-1.0
24553,24643,-28792.979970929577,-1326.1426280530868,14.0,-1,41,-1.0
24554,24644,13195.451307050049,-23674.6297426606,299.0,-1,-1,-1.0
24555,24645,16530.852357627722,-8077.872771779119,413.0,-1,-1,-1.0
24556,24646,6415.135339353343,11118.253236662951,171.0,-1,-1,-1.0
24557,24647,17142.56320597518,-34132.653703433185,424.0,-1,-1,-1.0
24558,24648,19006.463919781192,29942.645884530157,264.0,-1,30,-1.0
24559,24649,-17791.092029044987,-5558.88314855886,23.0,-1,43,-1.0
24560,24650,11760.45645173583,1684.2858994199414,279.0,-1,-1,-1.0
24561,24651,13086.021757740193,-22171.165763241366,237.0,-1,-1,-1.0
24562,24652,27110.08694690834,5248.243949842283,31.0,-1,-1,-1.0
24563,24653,-27578.18035144788,-26318.535702925365,309.0,-1,-1,-1.0
24564,24654,37346.73039928374,-19924.149921401524,225.0,-1,-1,-1.0
24565,24655,7250.364787831379,-29349.625410998236,27.0,-1,-1,-1.0
24566,24656,20118.3263189462,-10074.567630445425,285.0,-1,44,50.0
24567,24657,26130.92709921043,9367.059807134472,111.0,-1,15,-1.0
24568,24658,26338.23713045563,3637.4888333172057,432.0,-1,-1,-1.0
24569,24659,34974.23216249354,-1736.268658654335,478.0,-1,-1,-1.0
24570,24660,-36249.68467273095,7093.913209357073,254.0,-1,-1,-1.0
24571,24661,23197.820608207,7244.811493687397,255.0,-1,16,-1.0
24572,24662,2458.6165121798404,9141.716128167922,181.0,-1,27,-1.0
24573,24663,-25473.245578257996,20294.82398543635,429.0,-1,37,-1.0
24574,24664,-15333.435660864228,-13866.372638533425,148.0,-1,-1,-1.0
24575,24665,19846.71359512939,4341.955700694984,184.0,-1,-1,-1.0
24576,24666,-20439.941512712663,-6615.712921617771,483.0,-1,-1,-1.0
24577,24667,5599.077442192953,-24122.30387160776,4.0,-1,31,-1.0
24578,24668,24355.89395194113,510.3479874967452,32.0,-1,-1,-1.0
24579,24669,30202.888091889166,6040.438392969423,449.0,-1,-1,-1.0
24580,24670,-11593.656502180173,-26500.003205167548,474.0,-1,17,-1.0
24581,24671,11481.911621701678,36793.58482479336,198.0,-1,-1,-1.0
24582,24672,9516.53403954074,-143.2229742124473,225.0,-1,-1,-1.0
24583,24673,-26685.57184497604,-28286.995459407342,267.0,-1,-1,-1.0
24584,24674,19300.65670568614,-2854.479742043419,228.0,-1,13,-1.0
24585,24675,-28484.634878191297,23841.466663703155,139.0,-1,48,-1.0
24586,24676,-32723.868586925397,10918.627390510896,101.0,-1,-1,-1.0
24587,24677,-15146.817272748078,19175.754106875,135.0,-1,-1,-1.0
24588,24678,24399.438335691702,-17671.735004223647,200.0,-1,-1,-1.0
24589,24679,21154.861385805103,22977.12849069584,98.0,-1,-1,-1.0
24590,24680,3523.898721327503,-30497.850230114997,234.0,-1,1,-1.0
24591,24681,5159.04343631088,38652.86460320695,358.0,-1,-1,-1.0
24592,24682,-9924.802400914468,9024.597157280155,350.0,-1,27,-1.0
24593,24683,-26440.307590652443,-8450.77237648292,329.0,-1,-1,-1.0
24594,24684,-18298.88093716254,-10685.133426605356,394.0,-1,-1,-1.0
24595,24685,1189.953431269867,-19422.381070244617,365.0,-1,31,-1.0
24596,24686,-30793.06838231603,24407.62451204401,243.0,-1,-1,-1.0
24597,24687,-20295.95979437308,-32296.25371600004,31.0,-1,-1,-1.0
24598,24688,6534.96293287084,22144.041215910176,66.0,-1,-1,-1.0
24599,24689,-25810.927396257797,38223.83136612318,219.0,-1,-1,-1.0
24600,24690,-36732.14522046784,-2276.34922060914,457.0,-1,-1,-1.0
24601,24691,-15757.122236396634,-14909.213500560669,353.0,-1,-1,-1.0
24602,24692,-28132.37942799698,-8006.815073506903,442.0,-1,-1,-1.0
24603,24693,-26358.829977662943,26721.281520237437,145.0,-1,-1,-1.0
24604,24694,-24936.762224322287,-525.3576519065609,128.0,-1,-1,-1.0
24605,24695,-16406.8090695352,-13485.428586969689,453.0,-1,-1,-1.0
24606,24696,-10452.74876925576,1636.998518993285,97.0,-1,-1,-1.0
24607,24697,-22496.04287871769,-2608.850875914366,107.0,-1,-1,-1.0
24608,24698,23060.64022128805,-26024.2456091628,329.0,-1,-1,-1.0
24609,24699,26740.107474061515,-29496.747070429592,331.0,-1,45,-1.0
24610,24700,37678.26383463555,-10593.655047017504,370.0,-1,-1,-1.0
24611,24701,35916.06088617578,39279.57384627414,330.0,-1,-1,-1.0
24612,24702,18962.07830170531,-24505.64120469631,402.0,-1,-1,-1.0
24613,24703,2534.0538888417723,-30225.14682271205,437.0,-1,-1,-1.0
24614,24704,-10754.538657123949,2777.906016579531,29.0,-1,-1,-1.0
24615,24705,19171.345375767785,-32171.597580120884,470.0,-1,-1,-1.0
24616,24706,-16987.30321256419,7275.100127130434,212.0,-1,26,-1.0
24617,24707,14192.5929728591,-4753.253063552067,208.0,-1,13,-1.0
24618,24708,30427.48813211893,-8005.422157561046,186.0,-1,-1,-1.0
24619,24709,-13567.730419768235,-28449.72382770024,345.0,-1,-1,-1.0
24620,24710,7304.758198884301,37071.95838481274,85.0,-1,-1,-1.0
24621,24711,-28295.028970371863,29870.670046623505,236.0,-1,-1,-1.0
24622,24712,27535.235525316355,6019.839920597973,3.0,-1,-1,-1.0
24623,24713,-34029.31734772049,5590.220882693575,499.0,-1,-1,-1.0
24624,24714,36657.5129594139,-2862.280931397137,414.0,-1,-1,-1.0
24625,24715,16404.59648486974,4241.896815103595,394.0,-1,2,-1.0
24626,24716,-13463.235989294551,-9540.78096041228,284.0,-1,-1,-1.0
24627,24717,-8187.563573480264,-10591.99153425208,42.0,-1,31,-1.0
24628,24718,-29517.757187943527,35369.45315809925,350.0,-1,-1,-1.0
24629,24719,-37861.170409190745,-21898.103717279388,448.0,-1,0,-1.0
24630,24720,-31833.8064580186,-28119.804383770097,137.0,-1,-1,-1.0
24631,24721,27763.96438420088,-610.7979907671834,51.0,-1,33,-1.0
24632,24722,27066.421662841774,-10780.054764256856,125.0,-1,-1,-1.0
24633,24723,-4275.658962269154,-27566.00875498216,275.0,-1,-1,-1.0
24634,24724,12972.21561490892,-1521.6900610333105,322.0,-1,-1,-1.0
24635,24725,-11479.922064445942,7176.707635753548,483.0,-1,-1,-1.0
24636,24726,22746.32355673238,1816.9050951237589,145.0,-1,-1,-1.0
24637,24727,12757.766671313824,-8489.23623967715,193.0,-1,-1,-1.0
24638,24728,1026.6980644118669,8488.531554958477,444.0,-1,27,-1.0
24639,24729,-27374.99275457061,34987.19309257512,39.0,-1,-1,-1.0
24640,24730,10626.129754636626,6506.788135654097,223.0,-1,2,-1.0
24641,24731,8836.198038794144,-10591.35302240276,141.0,-1,-1,-1.0
24642,24732,37487.134665970574,-15231.7342151788,315.0,-1,-1,-1.0
24643,24733,39324.04623140537,-4539.23921867524,203.0,-1,-1,-1.0
24644,24734,-20529.88508481825,-32763.658004909,152.0,-1,-1,-1.0
24645,24735,-1028.9634207402487,-1800.602881456296,121.0,-1,-1,-1.0
24646,24736,4931.702939846218,-14921.866983791067,250.0,-1,-1,-1.0
24647,24737,33127.6886441948,31647.67299461963,193.0,-1,-1,-1.0
24648,24738,2549.4289249697395,9091.251914552937,244.0,-1,27,-1.0
24649,24739,-39505.30682846773,-30290.102313324263,166.0,-1,-1,-1.0
24650,24740,16599.029383543108,-24682.727688718405,485.0,-1,-1,-1.0
24651,24741,18052.63791050879,-12397.639384609782,187.0,-1,44,-1.0
24652,24742,39573.273549730366,-10342.335979505391,205.0,-1,-1,-1.0
24653,24743,-20163.609303241126,-2083.650953102144,327.0,-1,43,-1.0
24654,24744,-34698.07152220776,8877.541101542098,493.0,-1,24,-1.0
24655,24745,-3681.747845419072,-12409.60091541912,129.0,-1,31,-1.0
24656,24746,-22065.437598555225,14365.676032603842,423.0,-1,-1,-1.0
24657,24747,-25138.10247997954,17476.924772620543,395.0,-1,-1,-1.0
24658,24748,7722.064379155221,-28423.813348539567,87.0,-1,31,-1.0
24659,24749,37992.48115420592,-2250.3428217534965,11.0,-1,-1,-1.0
24660,24750,36274.97709630484,15436.090060634757,229.0,-1,28,32.0
24661,24751,-9688.104820220244,-39021.10783528279,330.0,-1,-1,-1.0
24662,24752,-23771.372147050726,12365.732632082729,141.0,-1,-1,-1.0
24663,24753,-15672.140412867,-26740.48172048208,421.0,-1,-1,-1.0
24664,24754,16460.673905072545,-33478.84467919446,277.0,-1,3,-1.0
24665,24755,4624.480675390718,-29271.035808931138,461.0,-1,-1,-1.0
24666,24756,-29460.82623340199,12489.397277131917,91.0,-1,-1,-1.0
24667,24757,-30017.68294377441,-24657.8584485086,73.0,-1,39,-1.0
24668,24758,-34382.59580612898,-15656.319435000529,93.0,-1,-1,-1.0
24669,24759,8285.932068329246,20164.05335119089,112.0,-1,-1,-1.0
24670,24760,-25666.19345528024,28785.499169693896,274.0,-1,-1,-1.0
24671,24761,15628.95027504788,34194.37729434388,184.0,-1,-1,-1.0
24672,24762,-7806.955718554578,-32496.15322658191,254.0,-1,35,-1.0
24673,24763,18405.24470503442,-39950.17614712418,451.0,-1,-1,-1.0
24674,24764,576.8025401652994,22864.263140494244,490.0,-1,-1,-1.0
24675,24765,-23547.923943653703,-5406.124439708488,472.0,-1,-1,-1.0
24676,24766,27826.455624662063,7080.386009338567,251.0,-1,15,-1.0
24677,24767,8786.375694487244,28860.6457974884,36.0,-1,48,58.0
24678,24768,16715.013945545892,21396.11381720112,191.0,-1,-1,-1.0
24679,24769,-36473.53855073858,32334.11139380076,3.0,-1,-1,-1.0
24680,24770,13653.212709068755,8143.098374856905,290.0,-1,-1,-1.0
24681,24771,-15450.769315903844,31936.42742290877,410.0,-1,-1,-1.0
24682,24772,-8548.364616023162,-7206.57980389399,242.0,-1,31,36.0
24683,24773,21950.901545187728,-22043.215324640863,174.0,-1,-1,-1.0
24684,24774,27068.49498151529,637.8921937042905,36.0,-1,-1,-1.0
24685,24775,-4604.995547342027,23041.558790817435,389.0,-1,-1,-1.0
24686,24776,-7581.634449435751,35064.951739790704,353.0,-1,-1,-1.0
24687,24777,8627.540746121973,28055.04897496905,325.0,-1,-1,-1.0
24688,24778,15980.10738783711,-33988.20733092527,190.0,-1,-1,-1.0
24689,24779,-22073.366795448983,-20263.550126891845,369.0,-1,-1,-1.0
24690,24780,-21853.2065875612,24083.06604649185,293.0,-1,-1,-1.0
24691,24781,-19791.0425316094,25031.058963547606,82.0,-1,-1,-1.0
24692,24782,-18613.24272151563,21863.65147814074,407.0,-1,-1,-1.0
24693,24783,27532.26670845646,14931.08999399971,230.0,-1,-1,-1.0
24694,24784,20875.15069914335,13272.843085677285,385.0,-1,-1,-1.0
24695,24785,19875.545436912034,36269.18861672079,193.0,-1,30,-1.0
24696,24786,29658.97392319035,-16862.103655187875,498.0,-1,-1,-1.0
24697,24787,-39407.69614991656,-2625.550392801168,77.0,-1,-1,-1.0
24698,24788,2726.7769703071244,5046.032229724136,43.0,-1,14,-1.0
24699,24789,-2560.7188711800336,-21353.573096105087,86.0,-1,-1,-1.0
24700,24790,18016.185217203754,-39560.67981387241,106.0,-1,-1,-1.0
24701,24791,-11348.015579236837,-25648.75057955413,441.0,-1,17,-1.0
24702,24792,34612.74552052107,-13829.496860102689,76.0,-1,-1,-1.0
24703,24793,-32541.93926297707,7307.367991787054,176.0,-1,24,-1.0
24704,24794,-19533.88701593657,-38605.22512430102,473.0,-1,-1,-1.0
24705,24795,-33411.16212946836,15103.13699885887,163.0,-1,24,-1.0
24706,24796,31394.93966021003,-32483.81327044981,485.0,-1,-1,-1.0
24707,24797,-7511.283479230391,24093.95333051541,59.0,-1,-1,-1.0
24708,24798,-21878.584170204565,33635.86625205331,311.0,-1,-1,-1.0
24709,24799,8169.158226109161,3227.8321434690515,258.0,-1,-1,-1.0
24710,24800,-33043.70607150941,-31826.18630646286,201.0,-1,-1,-1.0
24711,24801,-14129.321051436473,-17971.00245001234,412.0,-1,-1,-1.0
24712,24802,3678.503372718478,-6643.393479112026,134.0,-1,-1,-1.0
24713,24803,3779.773734852221,7879.879530621714,114.0,-1,27,-1.0
24714,24804,-38898.155488387136,-26964.33242867345,292.0,-1,-1,-1.0
24715,24805,38895.79645432558,28746.93440429421,485.0,-1,-1,-1.0
24716,24806,-24206.945379599747,-12648.352341362202,410.0,-1,-1,-1.0
24717,24807,-13709.754215522673,30555.385440313214,110.0,-1,-1,-1.0
24718,24808,36808.793164983625,-36463.776003107705,165.0,-1,21,-1.0
24719,24809,-10049.834902667571,8725.70693171263,3.0,-1,27,-1.0
24720,24810,25038.5326722068,-10515.038226640068,493.0,-1,-1,-1.0
24721,24811,-24569.01825259261,872.9697071390983,225.0,-1,-1,-1.0
24722,24812,31117.39094357114,39289.44670872019,490.0,-1,-1,-1.0
24723,24813,-10184.177569349436,11543.811849554457,203.0,-1,-1,-1.0
24724,24814,-31838.882287383363,-9161.685734303148,182.0,-1,-1,-1.0
24725,24815,25307.247660654823,-3652.129133590097,73.0,-1,-1,-1.0
24726,24816,8642.698393369676,3923.3619597097495,274.0,-1,-1,-1.0
24727,24817,35820.699102342565,26630.107878913343,24.0,-1,10,-1.0
24728,24818,-10145.047680995543,-8141.992395680041,79.0,-1,31,-1.0
24729,24819,-28977.26796065669,-35683.36795366492,259.0,-1,-1,-1.0
24730,24820,3804.606324005792,-6761.661211848048,364.0,-1,-1,-1.0
24731,24821,-3278.788000721077,-3663.715302829245,345.0,-1,-1,-1.0
24732,24822,-21239.70417394948,-38491.69448507285,155.0,-1,-1,-1.0
24733,24823,27245.89112915586,-1369.7453383626707,483.0,-1,-1,-1.0
24734,24824,10201.748440733943,-20542.94435561278,362.0,-1,-1,-1.0
24735,24825,-4088.668097769485,14218.967527241177,326.0,-1,-1,-1.0
24736,24826,-15793.153843389351,1664.66109362086,219.0,-1,-1,-1.0
24737,24827,29934.63506551746,15709.054050048377,338.0,-1,-1,-1.0
24738,24828,25117.541358135422,-25787.061888466334,70.0,-1,-1,-1.0
24739,24829,-4345.996492159873,-1802.0862269791903,77.0,-1,-1,-1.0
24740,24830,13610.493708069334,25321.113421689457,396.0,-1,-1,-1.0
24741,24831,-24549.487550196485,8324.908581462783,385.0,-1,-1,-1.0
24742,24832,23426.65878706772,-11427.006340651003,492.0,-1,-1,-1.0
24743,24833,33430.48383033018,19909.10169683964,41.0,-1,-1,-1.0
24744,24834,-2135.59524523266,-9085.185385250708,31.0,-1,31,-1.0
24745,24835,-35347.80295835235,21455.446871280477,31.0,-1,-1,-1.0
24746,24836,-33548.98854225407,-19400.92400095886,238.0,-1,-1,-1.0
24747,24837,39339.7826438066,25873.12124897081,116.0,-1,-1,-1.0
24748,24838,-11402.660281671151,11347.30452567408,108.0,-1,-1,-1.0
24749,24839,27755.21813942208,8012.830651418801,194.0,-1,15,-1.0
24750,24840,33683.051116976945,27057.31200270058,481.0,-1,-1,-1.0
24751,24841,-13756.833783085938,-39579.14175658112,313.0,-1,-1,-1.0
24752,24842,-24324.09033568121,8324.206675169582,91.0,-1,-1,-1.0
24753,24843,-8364.711358780125,35206.0014504311,464.0,-1,-1,-1.0
24754,24844,22436.156961613066,-27995.89630792127,301.0,-1,-1,-1.0
24755,24845,-26121.65256227161,-5341.499228283377,7.0,-1,-1,-1.0
24756,24846,-21172.13521426872,-3976.7558808430185,197.0,-1,-1,-1.0
24757,24847,11762.222846849734,6081.01216302449,91.0,-1,2,-1.0
24758,24848,39710.741986027104,26566.852705321828,419.0,-1,-1,-1.0
24759,24849,38836.99809223371,930.718867941112,262.0,-1,28,-1.0
24760,24850,-25208.229789601894,-8818.177395153183,428.0,-1,-1,-1.0
24761,24851,34609.92692557322,25141.1813844516,438.0,-1,-1,-1.0
24762,24852,11620.906059323335,-14708.180838436683,180.0,-1,-1,-1.0
24763,24853,19626.754955378183,-23760.964056815144,223.0,-1,-1,-1.0
24764,24854,-1412.9856765965014,6893.73785567288,471.0,-1,27,-1.0
24765,24855,-35062.208796566294,18210.265311505784,448.0,-1,-1,-1.0
24766,24856,12034.56071343158,25051.431438073865,228.0,-1,-1,-1.0
24767,24857,-22879.73654188705,21919.23050516368,475.0,-1,37,-1.0
24768,24858,39467.37409444958,32467.6815705262,259.0,-1,-1,-1.0
24769,24859,30642.56938074727,940.372567965598,78.0,-1,-1,-1.0
24770,24860,-7987.969314979404,-10533.971671417605,439.0,-1,31,-1.0
24771,24861,-33894.1409012842,11317.607905517803,377.0,-1,24,-1.0
24772,24862,10738.728134542682,-31949.009406624577,495.0,-1,-1,-1.0
24773,24863,33997.84154376341,150.44399139261077,96.0,-1,-1,-1.0
24774,24864,19900.850152602216,30708.254918220147,98.0,-1,30,-1.0
24775,24865,-17828.216511104998,23056.81582716913,474.0,-1,-1,-1.0
24776,24866,-11546.26293678744,39346.01850683672,45.0,-1,-1,-1.0
24777,24867,-16108.972954442295,-26273.940624108534,234.0,-1,-1,-1.0
24778,24868,-6542.286163462486,-4295.492688302962,254.0,-1,-1,-1.0
24779,24869,10597.18660724428,-5338.387386504699,408.0,-1,-1,-1.0
24780,24870,29579.52066669542,-13180.718140203193,270.0,-1,45,-1.0
24781,24871,-4816.670962952347,35313.64927704194,306.0,-1,48,-1.0
24782,24872,-39032.55724757997,-7410.493602581719,308.0,-1,-1,-1.0
24783,24873,25620.72489273001,-13976.11394124863,364.0,-1,45,-1.0
24784,24874,15797.843413305658,18492.87150731346,325.0,-1,-1,-1.0
24785,24875,-10412.668356444545,34264.28802971121,368.0,-1,48,60.0
24786,24876,-28878.721490879285,33687.775724061095,125.0,-1,6,-1.0
24787,24877,-1896.052210645379,13384.431798039615,325.0,-1,-1,-1.0
24788,24878,-36115.80912117701,-10118.85385794974,340.0,-1,32,38.0
24789,24879,2501.564223273839,-12137.32562677638,45.0,-1,31,-1.0
24790,24880,5067.321761633924,1823.132611380941,133.0,-1,14,-1.0
24791,24881,-19479.623101852816,-20412.05048360398,498.0,-1,-1,-1.0
24792,24882,34356.83106408827,22549.16077243553,396.0,-1,-1,-1.0
24793,24883,38326.238944406825,35486.85849547635,86.0,-1,-1,-1.0
24794,24884,-25302.57886541757,2038.71154637952,479.0,-1,-1,-1.0
24795,24885,5529.797401534757,-6882.520503453176,232.0,-1,-1,-1.0
24796,24886,33539.263518678505,-1035.2850085646278,182.0,-1,33,-1.0
24797,24887,36885.27596428068,30715.60294375848,394.0,-1,-1,-1.0
24798,24888,5499.261724981792,-1205.515889903858,286.0,-1,-1,-1.0
24799,24889,8094.940213061971,-26856.28756618934,36.0,-1,31,35.0
24800,24890,19466.41813526192,9644.723013810311,247.0,-1,-1,-1.0
24801,24891,23195.93117962533,-9253.228410078756,468.0,-1,-1,-1.0
24802,24892,-17003.74891485117,31340.44127501195,337.0,-1,-1,-1.0
24803,24893,29449.58933852729,-32654.98101711179,192.0,-1,-1,-1.0
24804,24894,32977.037356344794,18537.87038188032,476.0,-1,28,-1.0
24805,24895,-27349.142804820447,-18659.534703168258,317.0,-1,-1,-1.0
24806,24896,25347.84883576656,14453.634382357845,23.0,-1,-1,-1.0
24807,24897,27978.954591744347,14557.430607173505,223.0,-1,-1,-1.0
24808,24898,9320.935764066657,-16833.25136228036,380.0,-1,-1,-1.0
24809,24899,-7141.029987762267,2776.2658936202934,439.0,-1,-1,-1.0
24810,24900,-777.6333181966402,36891.12228606065,492.0,-1,48,-1.0
24811,24901,-37671.03726092018,-17373.805970237176,239.0,-1,0,-1.0
24812,24902,7150.251272143127,39798.92286225145,144.0,-1,-1,-1.0
24813,24903,-18611.57587177713,-1171.4984975740372,16.0,-1,43,-1.0
24814,24904,34318.66697371118,27392.32417102158,114.0,-1,10,-1.0
24815,24905,22818.978523955757,6101.093681234692,329.0,-1,-1,-1.0
24816,24906,34642.04385380643,-19174.910998963864,321.0,-1,-1,-1.0
24817,24907,-26233.649471065743,20163.64658370492,411.0,-1,-1,-1.0
24818,24908,38873.01576300009,-17762.434947005677,358.0,-1,-1,-1.0
24819,24909,-33062.765642086946,33169.257515859936,221.0,-1,-1,-1.0
24820,24910,-26008.395734945218,-7830.487128533594,224.0,-1,-1,-1.0
24821,24911,30231.15248980197,35670.8629774765,167.0,-1,-1,-1.0
24822,24912,13415.611782969348,10382.372463807871,46.0,-1,-1,-1.0
24823,24913,-27920.792508505656,-12942.928793504409,255.0,-1,-1,-1.0
24824,24914,-5725.989417197692,-38836.09113218369,127.0,-1,-1,-1.0
24825,24915,-4261.871228730677,-20476.393551142963,98.0,-1,7,-1.0
24826,24916,-5205.20755240674,-37673.62133599576,173.0,-1,-1,-1.0
24827,24917,14719.827989746444,12502.640040765951,221.0,-1,-1,-1.0
24828,24918,-31896.260063024358,-10031.298517264338,158.0,-1,-1,-1.0
24829,24919,-33315.744264704306,27740.94754973144,438.0,-1,-1,-1.0
24830,24920,32353.745558348528,26888.60110258165,443.0,-1,10,-1.0
24831,24921,-39806.49386085503,-4470.8958334262425,448.0,-1,-1,-1.0
24832,24922,25322.49905412425,-13005.781074449613,313.0,-1,-1,-1.0
24833,24923,22166.62746459362,-1686.0588471707524,329.0,-1,-1,-1.0
24834,24924,20693.42213252957,17175.228993496363,244.0,-1,18,-1.0
24835,24925,-12902.813370876174,25024.08436103112,215.0,-1,48,-1.0
24836,24926,14720.903653581823,39017.91325614331,256.0,-1,-1,-1.0
24837,24927,14447.352795697088,-35177.4694957604,87.0,-1,-1,-1.0
24838,24928,-12656.316576128103,1653.8993739462676,302.0,-1,-1,-1.0
24839,24929,20521.198489941773,10402.005680022892,101.0,-1,16,-1.0
24840,24930,-8008.15603267484,6290.208334102012,288.0,-1,27,-1.0
24841,24931,27529.37807331697,-4066.734888514337,18.0,-1,-1,-1.0
24842,24932,-11291.302384026469,27472.9358778358,442.0,-1,48,-1.0
24843,24933,-8066.842102878953,-16197.356166898036,265.0,-1,-1,-1.0
24844,24934,25399.67922269019,1680.6630625520193,176.0,-1,-1,-1.0
24845,24935,-15250.65410619856,23521.521337748003,22.0,-1,48,-1.0
24846,24936,33181.73528195072,-13002.658139432191,41.0,-1,-1,-1.0
24847,24937,-1794.0864618789856,15350.598661746277,427.0,-1,-1,-1.0
24848,24938,-661.0603135326237,30915.13313789705,13.0,-1,48,-1.0
24849,24939,10664.238732070213,14904.700625173078,352.0,-1,-1,-1.0
24850,24940,-21885.468010214125,36513.54560359767,168.0,-1,-1,-1.0
24851,24941,1662.8861860986872,29421.584452683688,120.0,-1,-1,-1.0
24852,24942,-3034.3849340773377,36309.64820872792,17.0,-1,48,-1.0
24853,24943,-1150.681055911693,-16486.511741264538,40.0,-1,31,-1.0
24854,24944,-31343.218969443267,-37906.66530193069,391.0,-1,-1,-1.0
24855,24945,27634.396586081,-16646.714650876744,359.0,-1,-1,-1.0
24856,24946,-1065.3690313082188,-31095.6411844119,114.0,-1,-1,-1.0
24857,24947,4183.808952572726,28830.00825216662,311.0,-1,48,56.0
24858,24948,16581.931379838825,27976.402736707605,396.0,-1,9,-1.0
24859,24949,26260.340753141383,2446.187703195137,405.0,-1,-1,-1.0
24860,24950,-16224.450072532629,38517.82948954297,42.0,-1,-1,-1.0
24861,24951,-17540.217167648403,-5149.742164423107,186.0,-1,43,-1.0
24862,24952,6202.463450115851,24342.802215219723,134.0,-1,48,-1.0
24863,24953,-5939.993025832882,19521.60864185316,247.0,-1,-1,-1.0
24864,24954,-23371.27527019299,-35040.06968800654,26.0,-1,12,-1.0
24865,24955,27395.26963913279,26881.27780006209,380.0,-1,-1,-1.0
24866,24956,13534.5458216162,16369.352248726653,53.0,-1,-1,-1.0
24867,24957,21912.124239814795,-6170.087636075448,419.0,-1,44,-1.0
24868,24958,26659.13980308881,36690.42815034294,269.0,-1,-1,-1.0
24869,24959,26450.14589076397,3163.562426330878,89.0,-1,-1,-1.0
24870,24960,-27751.949607349503,20836.714108929787,80.0,-1,-1,-1.0
24871,24961,-29491.37893502358,6441.316896518198,445.0,-1,-1,-1.0
24872,24962,-10034.455381402471,-34414.180513518666,193.0,-1,-1,-1.0
24873,24963,35068.26846368211,21216.83654687981,437.0,-1,28,-1.0
24874,24964,-36300.90797824827,-21502.7753947661,311.0,-1,0,-1.0
24875,24965,-30702.84376152018,-15226.66221870046,99.0,-1,-1,-1.0
24876,24966,26495.77116145646,-4369.195124272897,221.0,-1,-1,-1.0
24877,24967,9638.527772875845,-39700.38962443679,243.0,-1,-1,-1.0
24878,24968,-39106.55884750759,19376.35465770456,498.0,-1,-1,-1.0
24879,24969,2711.161556926905,-32581.74864980112,103.0,-1,1,-1.0
24880,24970,1538.7462054786083,32495.46263265985,372.0,-1,-1,-1.0
24881,24971,29063.94529476344,-2939.189273636279,284.0,-1,-1,-1.0
24882,24972,-36778.48061558511,32141.52081762998,177.0,-1,-1,-1.0
24883,24973,-18993.247646819567,-27835.499724812893,260.0,-1,36,-1.0
24884,24974,33121.241081479806,-11442.366841995305,20.0,-1,-1,-1.0
24885,24975,-36537.87396732997,-14364.037075101362,283.0,-1,-1,-1.0
24886,24976,-18440.816297998008,8828.50816354109,46.0,-1,-1,-1.0
24887,24977,-567.5888951470697,-27852.839979952063,351.0,-1,-1,-1.0
24888,24978,18343.478430788644,-29885.81816886363,238.0,-1,-1,-1.0
24889,24979,24213.030928933676,-5046.479131278953,227.0,-1,-1,-1.0
24890,24980,12205.475759877314,11941.578842298492,148.0,-1,-1,-1.0
24891,24981,-3066.304258966935,-8357.486491417774,332.0,-1,31,-1.0
24892,24982,-25865.073241731232,-33081.09441624016,255.0,-1,-1,-1.0
24893,24983,-39674.10141021554,-21547.63392232676,475.0,-1,-1,-1.0
24894,24984,28826.75052932388,-12337.28270290399,437.0,-1,45,-1.0
24895,24985,-22691.238392363965,-30615.525870927617,340.0,-1,-1,-1.0
24896,24986,-19270.235918809427,-27465.32891184202,33.0,-1,-1,-1.0
24897,24987,-11933.762864427265,-23109.771080669547,71.0,-1,-1,-1.0
24898,24988,-10111.125820026671,11696.74304892429,113.0,-1,27,-1.0
24899,24989,31332.233623128428,3167.6609004271304,203.0,-1,-1,-1.0
24900,24990,2554.835400400989,-26459.32956483865,248.0,-1,-1,-1.0
24901,24991,-9157.655980087602,-19682.966704008,463.0,-1,-1,-1.0
24902,24992,20226.958328586166,12154.557890029588,73.0,-1,-1,-1.0
24903,24993,18224.42987240656,-35484.633331515535,399.0,-1,-1,-1.0
24904,24994,15221.676030778654,-25144.457609382614,488.0,-1,3,-1.0
24905,24995,23966.133527051315,30165.094407649463,435.0,-1,-1,-1.0
24906,24996,-2062.0532465362267,31814.22734902457,79.0,-1,48,-1.0
24907,24997,-382.6102798560533,24094.114803552227,238.0,-1,-1,-1.0
24908,24998,31949.33526181077,16323.60298803616,0.0,-1,-1,-1.0
24909,24999,1614.5557814622953,8556.500032796139,58.0,-1,-1,-1.0
24910,25000,-14474.263243445468,3288.746931259877,427.0,-1,-1,-1.0
24911,25001,18182.75925987697,-15332.21457559062,435.0,-1,-1,-1.0
24912,25002,26687.761537610302,-19921.537244881576,396.0,-1,45,-1.0
24913,25003,5089.625128898326,15407.913317317318,471.0,-1,8,-1.0
24914,25004,17759.192893512976,19546.84096570793,348.0,-1,18,-1.0
24915,25005,34006.92597930902,-10185.80831922626,261.0,-1,-1,-1.0
24916,25006,4683.715441917149,-27895.33486500754,16.0,-1,-1,-1.0
24917,25007,-20334.81030755464,-20039.142488246336,338.0,-1,-1,-1.0
24918,25008,-28241.59236084849,25381.648328265044,378.0,-1,-1,-1.0
24919,25009,15011.462965207764,39053.97446184444,227.0,-1,-1,-1.0
24920,25010,6609.079431288999,14196.943713905726,259.0,-1,8,-1.0
24921,25011,461.14594435811887,-15146.00719829075,188.0,-1,31,-1.0
24922,25012,-5636.95250701459,-38505.31611303562,299.0,-1,-1,-1.0
24923,25013,-8992.48241744841,-29527.130233285065,21.0,-1,-1,-1.0
24924,25014,-3918.420308786284,-34755.39491155086,357.0,-1,35,-1.0
24925,25015,-702.8779068016738,-26108.504806708686,33.0,-1,25,-1.0
24926,25016,20448.32300609909,25893.112646724665,76.0,-1,-1,-1.0
24927,25017,-1321.521517167268,448.9587451558764,81.0,-1,22,-1.0
24928,25018,6845.068261857879,37211.90354509262,135.0,-1,-1,-1.0
24929,25019,-37219.05597577636,-11870.037407471984,339.0,-1,32,38.0
24930,25020,-12001.023814696233,-23141.4959141632,48.0,-1,-1,-1.0
24931,25021,27900.463019179995,38234.14218846371,476.0,-1,-1,-1.0
24932,25022,25699.857774636344,5245.900320517561,244.0,-1,-1,-1.0
24933,25023,-30568.320621042523,-31377.93782146844,430.0,-1,34,-1.0
24934,25024,-18961.08707486787,-26455.354782096263,257.0,-1,36,-1.0
24935,25025,-38551.15249026414,-37396.92258034741,378.0,-1,-1,-1.0
24936,25026,19662.868772812995,-21401.86140503103,67.0,-1,-1,-1.0
24937,25027,-17914.36585766516,-22079.20031439306,417.0,-1,-1,-1.0
24938,25028,-37421.5791431214,29273.16228755836,485.0,-1,-1,-1.0
24939,25029,-36462.343782215255,12275.60845661218,436.0,-1,-1,-1.0
24940,25030,23086.421409513445,-25408.70858333385,211.0,-1,-1,-1.0
24941,25031,-9511.807018291252,39979.8684535425,201.0,-1,-1,-1.0
24942,25032,4881.0948501518,-15438.577180977309,188.0,-1,-1,-1.0
24943,25033,-31818.18968479964,20384.346624039503,442.0,-1,-1,-1.0
24944,25034,27096.91684929292,-20011.304637935475,97.0,-1,45,-1.0
24945,25035,-11358.153344959828,5149.703379864724,198.0,-1,-1,-1.0
24946,25036,-23564.33385988176,33666.16217864193,182.0,-1,-1,-1.0
24947,25037,-23505.44611156207,16395.992319269768,208.0,-1,-1,-1.0
24948,25038,13789.024735304663,-26520.844795631256,435.0,-1,3,-1.0
24949,25039,9071.506015607432,-9257.961929512054,455.0,-1,-1,-1.0
24950,25040,5250.369938903619,8395.950265285705,316.0,-1,27,-1.0
24951,25041,-32527.461137991108,-29694.925939625573,229.0,-1,34,-1.0
24952,25042,32900.58305289372,-16284.588447880396,117.0,-1,-1,-1.0
24953,25043,5137.729120197349,4869.480471835319,9.0,-1,-1,-1.0
24954,25044,-4722.712355045143,11407.69356332354,474.0,-1,-1,-1.0
24955,25045,34607.10161655818,-31793.79151558685,103.0,-1,-1,-1.0
24956,25046,24720.336535370363,18977.601510617416,105.0,-1,-1,-1.0
24957,25047,8816.677591046151,21500.06579338637,39.0,-1,-1,-1.0
24958,25048,-14671.216418738684,6703.451787157013,312.0,-1,-1,-1.0
24959,25049,8024.951661025501,-24166.469847569853,372.0,-1,-1,-1.0
24960,25050,24063.7671615502,-38249.11487579992,85.0,-1,-1,-1.0
24961,25051,-39156.599354517966,20329.434597503765,105.0,-1,-1,-1.0
24962,25052,31980.66817856417,-3803.742417277601,232.0,-1,33,-1.0
24963,25053,9777.577061850629,-15924.780900734571,499.0,-1,-1,-1.0
24964,25054,15302.926149476729,-14590.118773327817,62.0,-1,-1,-1.0
24965,25055,14564.841899768811,-5415.670238833838,389.0,-1,13,-1.0
24966,25056,35803.2512340782,-25036.489540097733,496.0,-1,-1,-1.0
24967,25057,21618.38013605499,16549.027338444714,183.0,-1,18,-1.0
24968,25058,-11508.377702887556,34595.05448901752,469.0,-1,48,-1.0
24969,25059,-9824.177369783907,-11865.585377240954,290.0,-1,31,-1.0
24970,25060,-33399.545580605816,31434.963097919623,480.0,-1,6,-1.0
24971,25061,6852.242505450551,-4427.425881057941,90.0,-1,-1,-1.0
24972,25062,35003.65297395643,7886.742551755742,53.0,-1,28,-1.0
24973,25063,33731.47531742275,14672.210451075827,205.0,-1,28,-1.0
24974,25064,-37591.38568106761,-20636.213183313077,395.0,-1,0,-1.0
24975,25065,-22262.470321479625,21588.329429129648,145.0,-1,37,-1.0
24976,25066,-593.7298048873708,-16847.19563924163,1.0,-1,31,-1.0
24977,25067,-35067.87031081883,-91.37637487646862,411.0,-1,29,-1.0
24978,25068,-14137.931627627517,-33617.84839111294,63.0,-1,36,-1.0
24979,25069,-35616.22362915961,-31813.805844914703,129.0,-1,-1,-1.0
24980,25070,10851.519989982213,-29987.31250967172,345.0,-1,-1,-1.0
24981,25071,-21795.05047280923,19299.97824021309,96.0,-1,-1,-1.0
24982,25072,35994.17189493163,1392.9335106063008,135.0,-1,28,-1.0
24983,25073,-39988.28575747622,20498.40207567333,60.0,-1,-1,-1.0
24984,25074,-8160.988383487409,2304.282568204449,117.0,-1,-1,-1.0
24985,25075,25145.475126843,33038.0667151293,100.0,-1,-1,-1.0
24986,25076,-30949.682901703676,-2494.2792372302865,108.0,-1,41,-1.0
24987,25077,-3885.0045717672174,-25488.76462165385,138.0,-1,25,-1.0
24988,25078,33251.15920745123,-11431.435990765329,349.0,-1,-1,-1.0
24989,25079,38777.47769940898,34651.33975382194,384.0,-1,-1,-1.0
24990,25080,35730.075923725,16904.914227450492,164.0,-1,28,-1.0
24991,25081,37234.66959981562,27299.82119157116,349.0,-1,10,-1.0
24992,25082,-29534.34738597847,33093.3922558896,437.0,-1,-1,-1.0
24993,25083,-30352.322692129997,-10968.158996805303,319.0,-1,-1,-1.0
24994,25084,-10413.18178292369,12768.728324006566,173.0,-1,27,-1.0
24995,25085,-23111.99277199008,-35305.67076191397,443.0,-1,-1,-1.0
24996,25086,7854.087900408056,20311.66215742215,354.0,-1,-1,-1.0
24997,25087,19717.309724839368,-9305.325335250742,309.0,-1,44,50.0
24998,25088,-56.98819691967947,9010.581912831592,333.0,-1,-1,-1.0
24999,25089,-23405.944985738483,-5237.141212962815,137.0,-1,-1,-1.0
25000,25090,-21174.221215168676,13381.960566075575,288.0,-1,-1,-1.0
25001,25091,424.8831151650375,-22197.17661679321,216.0,-1,-1,-1.0
25002,25092,23996.910796456126,-20198.063175956948,425.0,-1,-1,-1.0
25003,25093,-2972.070999210395,-6103.046667418807,475.0,-1,-1,-1.0
25004,25094,-3233.226496139803,35884.29762481387,195.0,-1,48,-1.0
25005,25095,7191.744695390378,-24570.9117140308,315.0,-1,-1,-1.0
25006,25096,-6458.843544194773,36674.0865398208,173.0,-1,-1,-1.0
25007,25097,20890.975677134884,29627.93336930059,234.0,-1,30,-1.0
25008,25098,-5474.134821510656,-14338.816299033886,358.0,-1,31,-1.0
25009,25099,-1521.5640931980597,-31490.67660145013,299.0,-1,-1,-1.0
25010,25100,-15874.240796877297,-16968.280137804453,76.0,-1,31,-1.0
25011,25101,7096.7287818696495,-18593.016944970903,464.0,-1,-1,-1.0
25012,25102,34709.047502787915,-35178.54705876292,161.0,-1,-1,-1.0
25013,25103,5142.733537323511,-9139.46079355794,322.0,-1,-1,-1.0
25014,25104,36433.04609842149,14082.707390914797,246.0,-1,28,-1.0
25015,25105,25220.125046332672,26807.797391023385,302.0,-1,-1,-1.0
25016,25106,-11423.562745972731,-16743.143637156245,413.0,-1,31,-1.0
25017,25107,-34868.696207526045,1687.292833222804,443.0,-1,-1,-1.0
25018,25108,17740.05320375508,-38496.7192798607,306.0,-1,-1,-1.0
25019,25109,33796.845646232934,8325.821032060681,364.0,-1,28,-1.0
25020,25110,25926.531134293797,34949.18086418403,193.0,-1,30,-1.0
25021,25111,-26347.91052564425,-34873.00131989539,326.0,-1,-1,-1.0
25022,25112,34007.61346567524,23487.87656815767,299.0,-1,-1,-1.0
25023,25113,-36390.11723107535,2058.4126063891963,434.0,-1,-1,-1.0
25024,25114,38520.21347896787,6619.207628222837,321.0,-1,-1,-1.0
25025,25115,-15588.993547613389,-1290.7773440616293,31.0,-1,-1,-1.0
25026,25116,10216.832600125548,-14994.91118064576,93.0,-1,-1,-1.0
25027,25117,25601.638975078764,4513.482295229733,71.0,-1,-1,-1.0
25028,25118,-5403.566810088341,468.0693086689717,381.0,-1,27,-1.0
25029,25119,2274.6924966039005,-32280.995084091923,415.0,-1,1,-1.0
25030,25120,21576.323766571357,-28749.91872344593,67.0,-1,-1,-1.0
25031,25121,-29468.878415343544,33587.48945765795,24.0,-1,6,-1.0
25032,25122,6385.974975731806,-25190.59100557791,40.0,-1,31,35.0
25033,25123,-17602.096280363436,39681.79096530959,338.0,-1,-1,-1.0
25034,25124,28740.43816444333,-33654.88362395236,383.0,-1,-1,-1.0
25035,25125,-33971.333669716565,33338.8745589553,465.0,-1,-1,-1.0
25036,25126,23289.77016352176,21837.44115864728,197.0,-1,-1,-1.0
25037,25127,33663.65236713733,-37685.08309751469,85.0,-1,21,-1.0
25038,25128,-21891.955395207,24724.912018220835,70.0,-1,-1,-1.0
25039,25129,-8979.298649747696,-34202.93847643034,97.0,-1,-1,-1.0
25040,25130,-17026.243202941398,-21455.286982119906,212.0,-1,-1,-1.0
25041,25131,-24910.91397198929,6123.932422072205,325.0,-1,-1,-1.0
25042,25132,-10242.038768043898,12966.227081146746,5.0,-1,27,-1.0
25043,25133,27236.7154878079,-13595.925162415511,160.0,-1,45,52.0
25044,25134,-16418.74455696727,35618.583446431134,385.0,-1,-1,-1.0
25045,25135,22494.860098309968,25691.154394531462,193.0,-1,-1,-1.0
25046,25136,5405.939600505131,11176.594247181602,117.0,-1,-1,-1.0
25047,25137,461.82803236447216,16565.224511838955,265.0,-1,-1,-1.0
25048,25138,-15448.802761894854,-33441.4218989107,166.0,-1,36,42.0
25049,25139,27661.451192718232,7707.036572747755,392.0,-1,15,-1.0
25050,25140,38039.83005210842,8297.747385939707,339.0,-1,-1,-1.0
25051,25141,28702.52858342245,-34762.49679173656,31.0,-1,-1,-1.0
25052,25142,12342.512401990258,-23704.5457332301,66.0,-1,-1,-1.0
25053,25143,-35974.70050567685,27810.24221180785,293.0,-1,-1,-1.0
25054,25144,38330.967792188734,-5102.980606166384,353.0,-1,-1,-1.0
25055,25145,1283.4892345622866,36120.39837841517,285.0,-1,48,-1.0
25056,25146,-32312.878995078023,-19263.072341191597,452.0,-1,-1,-1.0
25057,25147,-18352.232630438637,11133.330002510183,260.0,-1,-1,-1.0
25058,25148,-39817.54307552863,-35733.0221063036,308.0,-1,-1,-1.0
25059,25149,-38298.21483188694,-23661.575494950845,466.0,-1,-1,-1.0
25060,25150,31887.94025450696,-22651.885572809817,219.0,-1,45,-1.0
25061,25151,-17588.67015378094,-33312.73295881514,275.0,-1,-1,-1.0
25062,25152,-1851.413556730251,-8561.86605856565,97.0,-1,31,36.0
25063,25153,-35248.8187108868,30735.23496810124,33.0,-1,-1,-1.0
25064,25154,34465.24834473236,5871.23048174326,114.0,-1,-1,-1.0
25065,25155,-18599.66472792417,19483.54851464174,295.0,-1,-1,-1.0
25066,25156,34137.961390098935,610.256584728173,472.0,-1,-1,-1.0
25067,25157,-37665.7488620996,-38530.71146130312,379.0,-1,19,-1.0
25068,25158,-38743.99407386055,11766.860185403428,171.0,-1,-1,-1.0
25069,25159,2983.5066209690267,19853.467745086986,237.0,-1,-1,-1.0
25070,25160,10649.66227027747,6479.145396049185,245.0,-1,2,-1.0
25071,25161,-19521.38046374946,-22478.283575704427,433.0,-1,-1,-1.0
25072,25162,-21569.89986288873,38579.378457631945,497.0,-1,-1,-1.0
25073,25163,-1054.3099027809512,1794.815140372295,348.0,-1,22,-1.0
25074,25164,31400.763451924053,-30232.574944468943,32.0,-1,-1,-1.0
25075,25165,38916.46391898577,-3715.758400860796,291.0,-1,-1,-1.0
25076,25166,-35952.289276440555,-16051.78184880767,80.0,-1,-1,-1.0
25077,25167,32282.71892561681,-7890.732001465651,456.0,-1,-1,-1.0
25078,25168,11507.504077079771,-15494.126234211257,317.0,-1,-1,-1.0
25079,25169,-3379.813953810873,-6103.053712070076,487.0,-1,-1,-1.0
25080,25170,-30696.77567359673,-3128.56896754801,178.0,-1,41,-1.0
25081,25171,10153.199308303663,32273.69988170966,77.0,-1,47,-1.0
25082,25172,19783.139365212934,-19931.96856855566,243.0,-1,-1,-1.0
25083,25173,9739.079872701135,-6405.652481128993,430.0,-1,-1,-1.0
25084,25174,9850.12956569787,-29396.9279093249,55.0,-1,-1,-1.0
25085,25175,24356.607388424985,3476.593531928745,385.0,-1,-1,-1.0
25086,25176,2071.874524564824,-6143.382922324687,172.0,-1,-1,-1.0
25087,25177,39344.6604915678,-3907.279881334587,242.0,-1,-1,-1.0
25088,25178,-37134.95694466178,28171.267709908672,363.0,-1,-1,-1.0
25089,25179,-27038.44267674209,-273.10133457063785,217.0,-1,41,-1.0
25090,25180,-22888.445780324677,-6556.212967810119,339.0,-1,-1,-1.0
25091,25181,16192.759197557134,-16757.27513483558,206.0,-1,45,-1.0
25092,25182,-29349.178003214707,34699.03461721506,59.0,-1,6,-1.0
25093,25183,-29991.40064187815,4420.104658027914,11.0,-1,-1,-1.0
25094,25184,1896.6290638380012,1962.3349744672887,315.0,-1,-1,-1.0
25095,25185,4105.078407020592,-20712.487481946315,492.0,-1,-1,-1.0
25096,25186,12199.959547745311,38698.21430732007,260.0,-1,-1,-1.0
25097,25187,-3133.7881404099026,-20303.870962843648,373.0,-1,-1,-1.0
25098,25188,-2897.434533354012,-31672.534691227575,278.0,-1,-1,-1.0
25099,25189,-29659.67860110358,-3554.8096572142167,295.0,-1,41,-1.0
25100,25190,30120.322299417603,24120.589354834134,491.0,-1,-1,-1.0
25101,25191,33056.596028590706,961.80813171489,483.0,-1,-1,-1.0
25102,25192,27970.727296611905,-4836.113469856726,188.0,-1,-1,-1.0
25103,25193,-10706.954137788394,-17926.74247071777,64.0,-1,31,-1.0
25104,25194,-639.2713577025788,31490.29675246487,460.0,-1,48,-1.0
25105,25195,26623.679647209006,34108.39241868054,60.0,-1,-1,-1.0
25106,25196,-32153.825019117063,4639.078391518684,419.0,-1,-1,-1.0
25107,25197,512.6174804869588,-28351.120820138407,50.0,-1,-1,-1.0
25108,25198,-16107.508708506888,16446.454019648176,270.0,-1,-1,-1.0
25109,25199,-35075.415626885515,18313.27520843626,450.0,-1,-1,-1.0
25110,25200,-10051.761575934925,3419.852544516704,108.0,-1,27,-1.0
25111,25201,5259.766485005333,-36425.56696735309,423.0,-1,-1,-1.0
25112,25202,36156.116789718566,-11087.21114558632,295.0,-1,-1,-1.0
25113,25203,28613.917384900065,-31961.110994836454,71.0,-1,-1,-1.0
25114,25204,-23685.31732975605,-26647.347087163595,127.0,-1,-1,-1.0
25115,25205,28447.40827234414,21187.51737817435,26.0,-1,-1,-1.0
25116,25206,-27037.74478133752,-35336.606662697464,452.0,-1,-1,-1.0
25117,25207,-32271.94494494789,-28208.64049025541,91.0,-1,-1,-1.0
25118,25208,-34167.79493327079,-35300.33258663534,464.0,-1,-1,-1.0
25119,25209,10060.23952544698,-30178.512987493712,84.0,-1,-1,-1.0
25120,25210,-6445.402156517936,-18517.26289910707,413.0,-1,-1,-1.0
25121,25211,18205.41645656261,-14886.806769852898,304.0,-1,-1,-1.0
25122,25212,24826.95539358344,12176.493955024876,261.0,-1,-1,-1.0
25123,25213,-13030.024323478883,-37858.12713570704,469.0,-1,36,-1.0
25124,25214,22243.1684061657,13698.852661881205,66.0,-1,-1,-1.0
25125,25215,2630.609555308707,34349.17147645111,415.0,-1,-1,-1.0
25126,25216,-35534.58747367827,-13051.030943388512,199.0,-1,32,38.0
25127,25217,-15549.330940861462,-13839.03178704574,36.0,-1,-1,-1.0
25128,25218,-6979.902459737939,-25166.463912760628,321.0,-1,-1,-1.0
25129,25219,-34281.64111043707,34479.86738366549,258.0,-1,-1,-1.0
25130,25220,-1654.350977641487,-31881.78504974077,344.0,-1,-1,-1.0
25131,25221,17163.657677055453,-21921.447222913936,370.0,-1,-1,-1.0
25132,25222,-30672.11987240505,-33713.70373726967,461.0,-1,34,-1.0
25133,25223,-13774.04839255675,25622.486415681167,73.0,-1,48,-1.0
25134,25224,20555.982711416524,6297.824609278039,364.0,-1,-1,-1.0
25135,25225,-15895.42805234438,1165.559969082395,9.0,-1,-1,-1.0
25136,25226,34685.8589941041,-28244.473883581886,129.0,-1,-1,-1.0
25137,25227,-2392.989901543005,-7983.552335171284,144.0,-1,31,-1.0
25138,25228,-31667.727979843134,-37469.618840366704,444.0,-1,-1,-1.0
25139,25229,-35686.92944142196,-1623.5579601692225,64.0,-1,29,-1.0
25140,25230,38531.01680454926,-6105.387399266721,348.0,-1,-1,-1.0
25141,25231,26902.577968448968,166.02296585548902,413.0,-1,-1,-1.0
25142,25232,-4273.563085767346,761.0410880139461,469.0,-1,27,-1.0
25143,25233,-15351.03960794424,-19704.87513640914,35.0,-1,-1,-1.0
25144,25234,-29926.472539820654,11182.583525931395,72.0,-1,-1,-1.0
25145,25235,14529.02894590747,-14110.11303685574,241.0,-1,-1,-1.0
25146,25236,-34348.78176435236,4430.3517257201165,295.0,-1,-1,-1.0
25147,25237,-37698.47378597333,33583.159678713695,154.0,-1,5,-1.0
25148,25238,7056.517290064294,-13786.720476485596,262.0,-1,31,-1.0
25149,25239,-15837.005869328066,-22266.24689049769,431.0,-1,-1,-1.0
25150,25240,-26199.90664166469,-1043.877892772114,434.0,-1,41,47.0
25151,25241,19375.95152052569,31048.46596885496,257.0,-1,30,-1.0
25152,25242,16136.642463486229,-10038.597033506923,288.0,-1,-1,-1.0
25153,25243,1451.6924857512568,13417.113511589734,192.0,-1,-1,-1.0
25154,25244,8256.44190166211,4825.004709531771,91.0,-1,-1,-1.0
25155,25245,-31179.90159735358,-36421.80926151758,230.0,-1,-1,-1.0
25156,25246,16667.768952115963,-2401.476074653256,310.0,-1,-1,-1.0
25157,25247,-35685.46358121365,2012.111939938237,143.0,-1,-1,-1.0
25158,25248,-4491.9804061740215,20969.823585572514,228.0,-1,-1,-1.0
25159,25249,-35476.274347606246,-31258.38295577133,353.0,-1,-1,-1.0
25160,25250,-4538.365675266265,5179.657507248136,473.0,-1,27,-1.0
25161,25251,-12261.011467669578,12478.413590714355,338.0,-1,-1,-1.0
25162,25252,-36343.41794634544,-14040.302429835432,464.0,-1,-1,-1.0
25163,25253,-32892.121208332566,22019.869685008263,334.0,-1,-1,-1.0
25164,25254,37354.19998205644,19057.76777542268,197.0,-1,28,-1.0
25165,25255,16251.993376117556,35400.68055319227,488.0,-1,-1,-1.0
25166,25256,34014.92007970014,-31775.670228201798,347.0,-1,-1,-1.0
25167,25257,20373.353461745668,22583.191178469628,41.0,-1,18,-1.0
25168,25258,25816.28210763,7477.17083487827,207.0,-1,-1,-1.0
25169,25259,-28030.303034063087,30544.2673832437,282.0,-1,-1,-1.0
25170,25260,-15945.856592904616,-4309.716187499682,87.0,-1,43,-1.0
25171,25261,15633.25800979996,4479.841098676305,337.0,-1,-1,-1.0
25172,25262,-14273.984166552342,-21290.40943738218,165.0,-1,-1,-1.0
25173,25263,31698.553735394613,36169.71304046664,216.0,-1,11,-1.0
25174,25264,33421.19724771178,31233.8545124354,444.0,-1,10,-1.0
25175,25265,18538.287331485317,-8939.248260659286,127.0,-1,-1,-1.0
25176,25266,-25825.57391073036,-20368.831702814543,82.0,-1,-1,-1.0
25177,25267,-14345.701124093262,-4976.639223407845,438.0,-1,-1,-1.0
25178,25268,-20958.212936073895,38356.83792435016,399.0,-1,-1,-1.0
25179,25269,39111.24252122335,-36854.08230777421,383.0,-1,21,-1.0
25180,25270,8351.200916666734,-34062.40538650208,373.0,-1,-1,-1.0
25181,25271,26636.67181237819,36017.619049985806,369.0,-1,-1,-1.0
25182,25272,-36021.84604428672,-30643.28025794748,185.0,-1,20,-1.0
25183,25273,-32416.95869618932,-34721.20759496656,200.0,-1,-1,-1.0
25184,25274,32664.18534454798,-37444.463476058045,437.0,-1,-1,-1.0
25185,25275,-39440.98852620583,539.157849244606,89.0,-1,-1,-1.0
25186,25276,4480.213439403291,16083.108913084638,410.0,-1,-1,-1.0
25187,25277,-22685.912617154536,19781.11323088049,19.0,-1,-1,-1.0
25188,25278,-29784.94166508149,-9343.732821787293,248.0,-1,41,-1.0
25189,25279,-21206.528341826903,16282.614563930363,279.0,-1,-1,-1.0
25190,25280,-17934.401160254234,-22707.919128895966,420.0,-1,-1,-1.0
25191,25281,5619.387136004145,-2811.644977277174,381.0,-1,-1,-1.0
25192,25282,-21401.961397005885,12308.02582349864,497.0,-1,-1,-1.0
25193,25283,-28672.928314907957,-5583.47847048891,330.0,-1,41,47.0
25194,25284,-5236.680966376523,-27330.63328630465,493.0,-1,-1,-1.0
25195,25285,-33099.220418404526,-26967.028804666625,417.0,-1,-1,-1.0
25196,25286,-4214.411091255024,-33284.86075437032,279.0,-1,35,-1.0
25197,25287,-32108.8761416903,-35272.49071450884,298.0,-1,-1,-1.0
25198,25288,26286.086428966213,-34542.958523743866,305.0,-1,-1,-1.0
25199,25289,-10894.88945694182,3417.692567838778,113.0,-1,-1,-1.0
25200,25290,38195.71296207813,13797.83103231369,16.0,-1,28,-1.0
25201,25291,-16858.311087632264,-3740.748823920738,141.0,-1,43,-1.0
25202,25292,-2156.5431615920097,-20111.63902179632,271.0,-1,31,-1.0
25203,25293,-1025.6649467265088,-21207.580260424067,182.0,-1,-1,-1.0
25204,25294,-20352.12480736845,-21431.08603448249,154.0,-1,36,-1.0
25205,25295,23659.239674521,-16561.00310610064,18.0,-1,-1,-1.0
25206,25296,32401.43377105557,-21207.41010499515,40.0,-1,-1,-1.0
25207,25297,6252.79612102206,25226.96887037616,343.0,-1,48,56.0
25208,25298,-35643.07660021637,8292.792283312141,327.0,-1,24,-1.0
25209,25299,18769.932709995992,-25599.87837184842,121.0,-1,-1,-1.0
25210,25300,6372.377953373121,-15124.17916700313,315.0,-1,31,-1.0
25211,25301,9174.408096348372,16948.526763658032,5.0,-1,-1,-1.0
25212,25302,2299.407690671578,36802.337928330846,172.0,-1,48,-1.0
25213,25303,20595.73010414621,8372.94846036312,346.0,-1,-1,-1.0
25214,25304,-8338.408999368428,-1738.1551216242806,406.0,-1,-1,-1.0
25215,25305,1648.410900072995,-5493.259907128981,148.0,-1,-1,-1.0
25216,25306,26551.632360113785,6838.884254704273,222.0,-1,15,-1.0
25217,25307,8204.648812980355,-2908.2650152559363,484.0,-1,-1,-1.0
25218,25308,-37559.84271423526,-6977.376363791838,147.0,-1,-1,-1.0
25219,25309,-10020.240733256564,26903.665877674503,331.0,-1,48,-1.0
25220,25310,16860.28646348871,36152.849076922284,228.0,-1,-1,-1.0
25221,25311,-30774.778739560898,-1528.9044955080462,250.0,-1,-1,-1.0
25222,25312,-24547.647844069943,9007.07522138994,44.0,-1,-1,-1.0
25223,25313,-36359.89405089396,11655.396552399696,233.0,-1,-1,-1.0
25224,25314,-27871.738006352574,35112.54235027505,100.0,-1,-1,-1.0
25225,25315,14265.25789641306,-13247.41996090821,499.0,-1,-1,-1.0
25226,25316,21618.36795270959,-14218.570781334438,488.0,-1,-1,-1.0
25227,25317,-10452.404880672584,-1677.2386633879069,425.0,-1,-1,-1.0
25228,25318,-25997.892490912294,-39756.1960284943,350.0,-1,-1,-1.0
25229,25319,-33641.47360298528,-31137.506217721977,48.0,-1,-1,-1.0
25230,25320,18239.392540588524,-14031.279317510394,278.0,-1,44,-1.0
25231,25321,-34017.85462298886,15408.71574861477,435.0,-1,24,-1.0
25232,25322,23034.34591778777,22917.456560120896,286.0,-1,-1,-1.0
25233,25323,24700.12217672814,3220.007818176018,408.0,-1,-1,-1.0
25234,25324,25831.809503278564,5009.213603721313,363.0,-1,-1,-1.0
25235,25325,-16624.240312325335,5015.185298555472,294.0,-1,-1,-1.0
25236,25326,-17020.906889729118,34137.359439467386,226.0,-1,-1,-1.0
25237,25327,6410.223309920679,35794.50438358942,178.0,-1,-1,-1.0
25238,25328,-23392.49043195556,35291.905118924115,355.0,-1,-1,-1.0
25239,25329,-37354.91963740141,-9811.945395053528,76.0,-1,32,38.0
25240,25330,35946.78868270338,-35223.72216225377,76.0,-1,21,-1.0
25241,25331,26810.52699159064,-38494.54193981011,447.0,-1,-1,-1.0
25242,25332,-25189.63840634483,-1895.2050102103824,362.0,-1,-1,-1.0
25243,25333,-12122.700076465448,-25164.465488427617,253.0,-1,17,-1.0
25244,25334,35697.76980671029,-1538.254939498176,196.0,-1,-1,-1.0
25245,25335,24194.04206374823,2478.3677480436527,336.0,-1,-1,-1.0
25246,25336,25497.072473552027,35663.339653936535,486.0,-1,-1,-1.0
25247,25337,-1855.08449287431,23170.52000417801,188.0,-1,-1,-1.0
25248,25338,-22188.20335304196,29875.20066235849,281.0,-1,-1,-1.0
25249,25339,-36216.060782141285,-7265.640085327202,168.0,-1,32,38.0
25250,25340,-29634.6901319401,-16327.260688330654,449.0,-1,-1,-1.0
25251,25341,29646.380755771766,-29393.122307289508,345.0,-1,-1,-1.0
25252,25342,8078.437007488101,-11600.834944544706,136.0,-1,-1,-1.0
25253,25343,-34143.3933629748,11896.761672380606,89.0,-1,24,-1.0
25254,25344,37154.85337304394,-12366.446763646276,71.0,-1,-1,-1.0
25255,25345,31764.52389287949,-35228.33802907203,136.0,-1,-1,-1.0
25256,25346,26949.958971647167,-13055.048571604784,390.0,-1,45,-1.0
25257,25347,22254.546303299958,-13806.099039810457,279.0,-1,-1,-1.0
25258,25348,29505.96482060336,18423.18366623032,100.0,-1,-1,-1.0
25259,25349,-14049.486846417443,33986.07406757929,418.0,-1,48,-1.0
25260,25350,23680.415809871003,37504.510528246654,75.0,-1,30,-1.0
25261,25351,28420.088614086417,-35290.768595251844,408.0,-1,-1,-1.0
25262,25352,-32658.53417497832,-19360.719899947697,342.0,-1,-1,-1.0
25263,25353,37435.33897868577,33629.09968033688,362.0,-1,10,-1.0
25264,25354,23499.385719632475,1615.2540908185983,405.0,-1,-1,-1.0
25265,25355,-18297.999946934076,36451.70419198333,159.0,-1,-1,-1.0
25266,25356,13790.023542968243,-7492.449251021895,464.0,-1,13,-1.0
25267,25357,-2562.30122237491,24991.964131828427,449.0,-1,-1,-1.0
25268,25358,20578.44837106209,36173.53234736904,63.0,-1,30,-1.0
25269,25359,-37429.81739592738,27197.11462098603,129.0,-1,-1,-1.0
25270,25360,-31158.58751752442,-1.1079630041422206,34.0,-1,-1,-1.0
25271,25361,-3238.5098966791484,5732.237314945392,202.0,-1,27,-1.0
25272,25362,20775.81480909604,415.9472856499924,318.0,-1,-1,-1.0
25273,25363,7412.874956782674,-13962.09593641636,394.0,-1,31,-1.0
25274,25364,-34864.07192808263,-26376.173571039973,26.0,-1,-1,-1.0
25275,25365,15270.687944379157,-10339.777020606463,187.0,-1,-1,-1.0
25276,25366,18848.13349520639,39906.692259191695,38.0,-1,-1,-1.0
25277,25367,35235.767011352174,-16364.531403960082,344.0,-1,-1,-1.0
25278,25368,2294.5795982831405,34707.23593530968,390.0,-1,-1,-1.0
25279,25369,4566.790607622184,32452.21101107716,8.0,-1,-1,-1.0
25280,25370,1071.8239107238696,19229.06714499031,70.0,-1,46,-1.0
25281,25371,-9541.05362891026,-12810.70486823676,246.0,-1,-1,-1.0
25282,25372,1413.5631236078552,5940.126074836255,321.0,-1,-1,-1.0
25283,25373,-23801.82317918893,-34522.48493975006,19.0,-1,12,-1.0
25284,25374,-38802.83864468899,-25995.01498818004,453.0,-1,-1,-1.0
25285,25375,18230.97898482623,-15196.821527608168,81.0,-1,-1,-1.0
25286,25376,31282.229488136087,35801.774503342545,445.0,-1,-1,-1.0
25287,25377,-8097.171113783697,-15797.08212454043,126.0,-1,-1,-1.0
25288,25378,29002.248560962253,-17172.549236810308,276.0,-1,-1,-1.0
25289,25379,31171.057916766837,-6573.484739844847,490.0,-1,-1,-1.0
25290,25380,31961.867201270667,-32728.92001986575,87.0,-1,-1,-1.0
25291,25381,13261.545955411282,4831.491907982272,280.0,-1,-1,-1.0
25292,25382,13058.731053090858,8192.674237468891,181.0,-1,-1,-1.0
25293,25383,20969.07721887452,3919.059195065311,19.0,-1,-1,-1.0
25294,25384,-11964.827326172286,5588.684257878078,116.0,-1,26,-1.0
25295,25385,29107.01801895621,-35091.46597041816,208.0,-1,-1,-1.0
25296,25386,-20470.47610752626,30846.621591253686,70.0,-1,-1,-1.0
25297,25387,13867.333559059232,-29625.845222196345,386.0,-1,-1,-1.0
25298,25388,17515.04291815868,3636.773750121669,399.0,-1,-1,-1.0
25299,25389,-39913.13155587012,-19718.199371183637,239.0,-1,-1,-1.0
25300,25390,34549.40239403822,-37507.19096481468,51.0,-1,-1,-1.0
25301,25391,-18028.1225335796,-11778.73368715967,490.0,-1,42,-1.0
25302,25392,20936.82273148744,-7075.425340939022,154.0,-1,44,50.0
25303,25393,-26042.987789290084,-5116.815262117561,305.0,-1,-1,-1.0
25304,25394,11526.04874246777,393.1169044745984,365.0,-1,-1,-1.0
25305,25395,-19017.54396244038,21148.21766155114,78.0,-1,-1,-1.0
25306,25396,-39011.11543522839,-28174.250666127795,253.0,-1,-1,-1.0
25307,25397,334.69791415440704,6817.633921162953,33.0,-1,27,-1.0
25308,25398,-21451.6345201284,-8984.067610705963,374.0,-1,-1,-1.0
25309,25399,-12615.990429808337,-4440.023285609896,101.0,-1,-1,-1.0
25310,25400,15739.98782042238,-5177.268508552013,283.0,-1,13,-1.0
25311,25401,553.5889084561713,-1329.151151659571,16.0,-1,-1,-1.0
25312,25402,-27699.25803333422,-38185.75183866419,242.0,-1,-1,-1.0
25313,25403,6000.271934302567,25638.219291204357,184.0,-1,48,-1.0
25314,25404,349.0639953097052,37858.40890522218,184.0,-1,-1,-1.0
25315,25405,19337.686936503727,-36561.28079568248,456.0,-1,-1,-1.0
25316,25406,-4876.280051295711,35914.92387448721,313.0,-1,48,-1.0
25317,25407,37916.576311043726,6488.474459139223,110.0,-1,-1,-1.0
25318,25408,-6612.566947330895,-25865.037873177465,208.0,-1,-1,-1.0
25319,25409,29352.708078750467,-5723.671465711232,411.0,-1,-1,-1.0
25320,25410,-32529.467684910644,32244.46811362564,290.0,-1,6,-1.0
25321,25411,23214.25400699309,6776.9116008098135,480.0,-1,16,-1.0
25322,25412,13275.347057901738,-38133.714440483694,183.0,-1,4,-1.0
25323,25413,26278.79842904861,21022.01510990845,184.0,-1,18,-1.0
25324,25414,8997.576848053337,-37881.22438354296,342.0,-1,1,-1.0
25325,25415,-6385.963262624828,29974.51244683504,300.0,-1,-1,-1.0
25326,25416,-30295.1449074107,11403.606867334194,52.0,-1,-1,-1.0
25327,25417,22461.1854527443,2855.4891543450067,321.0,-1,-1,-1.0
25328,25418,29539.21903742893,23309.79008045359,19.0,-1,-1,-1.0
25329,25419,33665.7017454649,18198.413012337223,53.0,-1,-1,-1.0
25330,25420,13220.935223666704,-36994.58121631766,26.0,-1,4,-1.0
25331,25421,-35734.4603016827,6240.432343678425,157.0,-1,-1,-1.0
25332,25422,-5840.7669758841,17513.169065496077,313.0,-1,-1,-1.0
25333,25423,-34445.301937978686,20908.11579894848,0.0,-1,-1,-1.0
25334,25424,13968.44053043898,10282.45130422106,475.0,-1,-1,-1.0
25335,25425,29438.22915618205,-26403.2378028336,121.0,-1,-1,-1.0
25336,25426,19774.318274033416,22802.667083445616,466.0,-1,18,-1.0
25337,25427,3424.525517941198,-38283.03682151773,27.0,-1,1,-1.0
25338,25428,7154.613071511543,-8626.196469058119,395.0,-1,-1,-1.0
25339,25429,23505.14120410059,8212.775454022842,311.0,-1,15,-1.0
25340,25430,-25248.412095842526,-20141.483389712364,363.0,-1,-1,-1.0
25341,25431,-29482.38840533291,-1135.8217415045,33.0,-1,-1,-1.0
25342,25432,-38984.803403105005,1580.267328899885,380.0,-1,-1,-1.0
25343,25433,30680.15074273261,-37944.938844584205,85.0,-1,-1,-1.0
25344,25434,2666.5480423083573,11440.54881106771,431.0,-1,-1,-1.0
25345,25435,17294.12302732558,-2000.95281339754,271.0,-1,-1,-1.0
25346,25436,-15773.677303114164,29407.465594743888,14.0,-1,-1,-1.0
25347,25437,-5951.697777964291,39632.43135647808,262.0,-1,-1,-1.0
25348,25438,-2906.501274312868,8034.403743982642,321.0,-1,27,-1.0
25349,25439,30551.60734483653,-17334.812317004307,386.0,-1,-1,-1.0
25350,25440,-37752.26530393654,29692.58146522276,149.0,-1,-1,-1.0
25351,25441,33032.67246513246,-11084.71292865242,141.0,-1,-1,-1.0
25352,25442,-16581.16626646498,5269.789708365031,454.0,-1,26,-1.0
25353,25443,-14887.526894055904,-16919.399621563054,206.0,-1,31,-1.0
25354,25444,-14067.693966471415,17242.460900102596,488.0,-1,-1,-1.0
25355,25445,-39277.90439986752,-11026.29150571243,197.0,-1,-1,-1.0
25356,25446,17436.458799270447,38056.470236433786,458.0,-1,-1,-1.0
25357,25447,1817.2626885881543,-1114.5696239179597,256.0,-1,-1,-1.0
25358,25448,6745.660302259494,15378.760042127777,82.0,-1,8,-1.0
25359,25449,33823.59307698655,16002.423857527814,455.0,-1,28,-1.0
25360,25450,-21134.30788589925,38082.91518338065,180.0,-1,-1,-1.0
25361,25451,21211.7221084774,34784.749628686084,355.0,-1,30,-1.0
25362,25452,-15471.675066586926,-37000.32737654204,148.0,-1,-1,-1.0
25363,25453,-22491.50694851297,26593.984538599267,108.0,-1,48,-1.0
25364,25454,-6787.806685750598,26835.67089957088,232.0,-1,48,61.0
25365,25455,38181.14824750176,-9518.066367787298,211.0,-1,-1,-1.0
25366,25456,12642.143085168558,29642.604179072165,127.0,-1,-1,-1.0
25367,25457,29917.456760739937,-6934.578669140516,99.0,-1,-1,-1.0
25368,25458,25605.56192897544,19604.222342685425,365.0,-1,-1,-1.0
25369,25459,16131.419518592847,-15554.856823228749,331.0,-1,-1,-1.0
25370,25460,28892.620074423558,25773.20793023144,114.0,-1,-1,-1.0
25371,25461,26162.89805511046,11942.423750637616,218.0,-1,-1,-1.0
25372,25462,-34059.400137941986,8219.98023553926,422.0,-1,24,-1.0
25373,25463,30203.56000793648,6941.921402829896,206.0,-1,-1,-1.0
25374,25464,32711.545790560267,13748.051452551095,418.0,-1,28,-1.0
25375,25465,33151.36991874494,18280.34641041396,240.0,-1,28,-1.0
25376,25466,10566.79332571938,-27511.80920700597,125.0,-1,-1,-1.0
25377,25467,-1076.7835948138309,-19866.34951221295,401.0,-1,31,-1.0
25378,25468,2693.8007151123966,-39253.71683530576,152.0,-1,-1,-1.0
25379,25469,-16521.957888274617,-21647.441941800997,433.0,-1,-1,-1.0
25380,25470,-24892.29865104001,13332.124065097489,395.0,-1,40,-1.0
25381,25471,-31333.615793454992,-6095.423365555762,402.0,-1,-1,-1.0
25382,25472,-33800.462251321114,-317.53678346855304,204.0,-1,29,-1.0
25383,25473,9372.160073098268,-35371.50251737535,74.0,-1,-1,-1.0
25384,25474,35095.02001672256,16590.126082570583,86.0,-1,28,-1.0
25385,25475,24611.46092842396,17971.152318730485,194.0,-1,-1,-1.0
25386,25476,13906.71510407544,2907.250128301406,101.0,-1,-1,-1.0
25387,25477,32000.85448152182,-33480.7962881018,327.0,-1,-1,-1.0
25388,25478,-1123.6398062668086,33917.10746518153,7.0,-1,-1,-1.0
25389,25479,-21365.584370994064,30422.417646025468,128.0,-1,-1,-1.0
25390,25480,-8351.176995290396,5879.674074555325,441.0,-1,27,-1.0
25391,25481,22673.21464903003,25101.210688086307,163.0,-1,-1,-1.0
25392,25482,-26939.61961252219,-10868.751175790338,449.0,-1,-1,-1.0
25393,25483,16241.897520205428,-15712.99325694656,283.0,-1,-1,-1.0
25394,25484,9193.943988865263,-3085.0180611360847,175.0,-1,-1,-1.0
25395,25485,-35434.52275435563,-27676.72282953283,425.0,-1,-1,-1.0
25396,25486,25348.489796027825,34823.00644299506,54.0,-1,-1,-1.0
25397,25487,2701.088265411665,-26226.830397174635,451.0,-1,-1,-1.0
25398,25488,39831.28408821944,12648.233956593636,221.0,-1,-1,-1.0
25399,25489,-11092.730339492424,-17104.313376262387,113.0,-1,31,-1.0
25400,25490,-21302.86536512849,-39288.84898717357,56.0,-1,-1,-1.0
25401,25491,-61.769441423675744,-1070.709020145929,19.0,-1,-1,-1.0
25402,25492,20254.85543483623,-30973.17756617679,15.0,-1,-1,-1.0
25403,25493,-23856.182842321126,3473.396652321957,31.0,-1,-1,-1.0
25404,25494,6724.128072236359,16176.367075398688,480.0,-1,8,-1.0
25405,25495,6196.90484468027,-28566.21539666366,188.0,-1,31,-1.0
25406,25496,7822.152860914954,13311.457027377364,384.0,-1,8,-1.0
25407,25497,-12379.006936960664,34510.380436842126,236.0,-1,48,-1.0
25408,25498,4804.911574633916,23804.8584046862,177.0,-1,-1,-1.0
25409,25499,8443.871697431765,-20529.964225873788,174.0,-1,-1,-1.0
25410,25500,11452.118928406291,36430.28284152137,174.0,-1,-1,-1.0
25411,25501,29433.236409963065,-2698.3602121195654,247.0,-1,33,-1.0
25412,25502,-11920.852321299752,-4110.334241365184,99.0,-1,-1,-1.0
25413,25503,-4176.815948786752,-19926.73115636891,408.0,-1,7,-1.0
25414,25504,29640.33421387745,33578.43837729182,154.0,-1,-1,-1.0
25415,25505,-5866.743198054333,36231.63117026167,266.0,-1,48,-1.0
25416,25506,-37603.83312616963,-26684.573769172886,225.0,-1,-1,-1.0
25417,25507,-1228.0421842554133,2629.6998985637474,376.0,-1,22,-1.0
25418,25508,-33455.80275700158,-14614.84736011615,87.0,-1,-1,-1.0
25419,25509,-17049.199660351438,-18555.626776143647,24.0,-1,-1,-1.0
25420,25510,-4910.920346451348,-19563.75562538561,498.0,-1,7,-1.0
25421,25511,-1300.3793990509805,15166.38111491577,101.0,-1,-1,-1.0
25422,25512,-6169.045294824296,-34493.328087295136,431.0,-1,35,-1.0
25423,25513,-11437.106019685136,33286.54223045778,475.0,-1,48,-1.0
25424,25514,5177.742445427357,-33937.72678220541,175.0,-1,-1,-1.0
25425,25515,-23206.44310533608,17533.61259386327,8.0,-1,-1,-1.0
25426,25516,11162.465024817117,27709.197605457277,275.0,-1,-1,-1.0
25427,25517,30694.289666081924,-25605.322112205995,94.0,-1,45,53.0
25428,25518,-33432.55189041017,28575.367176777872,218.0,-1,-1,-1.0
25429,25519,-4478.17229686369,27281.148491007785,96.0,-1,48,56.0
25430,25520,30006.936440644396,-19053.51207367564,332.0,-1,-1,-1.0
25431,25521,-31374.626649263195,36269.67963757448,88.0,-1,-1,-1.0
25432,25522,11825.863431943617,20143.566236697872,225.0,-1,-1,-1.0
25433,25523,-37219.23536951242,-15906.082232339588,173.0,-1,-1,-1.0
25434,25524,1736.0050587909573,19314.877607473616,23.0,-1,-1,-1.0
25435,25525,-12716.485749409178,37992.2430899429,353.0,-1,-1,-1.0
25436,25526,13319.503999637003,39414.531443041575,101.0,-1,-1,-1.0
25437,25527,4455.757819692233,23469.8521056156,93.0,-1,-1,-1.0
25438,25528,-901.7635959285544,26747.42237015719,294.0,-1,48,-1.0
25439,25529,19752.34861730438,35603.369515591374,388.0,-1,30,-1.0
25440,25530,7415.512979143663,5543.652758444856,306.0,-1,-1,-1.0
25441,25531,-33822.8327337092,7955.83090775802,215.0,-1,24,-1.0
25442,25532,368.73324450303335,6107.922466838652,438.0,-1,27,-1.0
25443,25533,9208.67890329055,-15894.32205653071,291.0,-1,31,-1.0
25444,25534,36612.4272801026,-3938.915376665347,220.0,-1,-1,-1.0
25445,25535,39770.65430580801,-5759.068522260066,307.0,-1,-1,-1.0
25446,25536,-4955.575109301499,-21165.090969781435,454.0,-1,7,-1.0
25447,25537,-31191.085115035698,11054.6487746083,310.0,-1,-1,-1.0
25448,25538,1304.6686142714316,-21210.416180861863,145.0,-1,31,-1.0
25449,25539,-29871.618263766788,17237.219079444738,323.0,-1,40,-1.0
25450,25540,-39292.039169598014,-13956.921862265928,136.0,-1,-1,-1.0
25451,25541,-22122.79732700986,17701.104381727746,429.0,-1,-1,-1.0
25452,25542,29579.463712516543,-39587.53608948162,476.0,-1,-1,-1.0
25453,25543,-14932.697302913311,29396.977072912487,335.0,-1,-1,-1.0
25454,25544,7293.890536001636,323.06218242146133,406.0,-1,-1,-1.0
25455,25545,3170.33282192058,34684.00832408127,250.0,-1,-1,-1.0
25456,25546,-17583.56506722997,33287.92672500435,73.0,-1,-1,-1.0
25457,25547,-35046.27080307582,38264.90235549574,230.0,-1,5,6.0
25458,25548,-24918.982452846565,-8551.55707140435,497.0,-1,-1,-1.0
25459,25549,-3997.1884702398456,35966.43255954595,9.0,-1,48,-1.0
25460,25550,-25125.201640571584,35457.10104624272,408.0,-1,-1,-1.0
25461,25551,-597.5806215381963,-21812.941106645845,424.0,-1,-1,-1.0
25462,25552,-24887.284580186177,-10881.808734379694,448.0,-1,-1,-1.0
25463,25553,13307.43110462636,-3853.9917499760263,217.0,-1,-1,-1.0
25464,25554,-14827.421328874309,-24613.23572743985,241.0,-1,-1,-1.0
25465,25555,3503.3570689934204,34474.22720805806,236.0,-1,-1,-1.0
25466,25556,15374.878326865342,7816.97275501064,311.0,-1,-1,-1.0
25467,25557,722.102981617747,16662.446365937045,115.0,-1,-1,-1.0
25468,25558,-2881.90283106306,25424.95722859881,496.0,-1,-1,-1.0
25469,25559,31069.429741142914,-33485.85292287744,187.0,-1,-1,-1.0
25470,25560,14655.760853591426,-28844.504242252737,463.0,-1,3,-1.0
25471,25561,32190.66354882138,3805.3297316299286,458.0,-1,-1,-1.0
25472,25562,8224.306967658136,12890.833636627714,87.0,-1,-1,-1.0
25473,25563,-14093.302277508485,-23851.458949722382,117.0,-1,-1,-1.0
25474,25564,-15859.55579205238,-33328.99792655686,411.0,-1,36,-1.0
25475,25565,-31755.69910361558,-3722.15099732484,469.0,-1,-1,-1.0
25476,25566,11550.815547111866,-26032.416863509963,264.0,-1,-1,-1.0
25477,25567,19871.82698515321,25153.48931284606,102.0,-1,18,-1.0
25478,25568,35171.857803266525,20543.033836809183,497.0,-1,28,-1.0
25479,25569,38020.40498900951,-13912.626454029669,39.0,-1,-1,-1.0
25480,25570,32975.21861227906,6779.67379430365,281.0,-1,-1,-1.0
25481,25571,-3144.0862132728435,-23102.497212639577,413.0,-1,25,-1.0
25482,25572,26151.037281924364,6786.672688759383,102.0,-1,-1,-1.0
25483,25573,-19147.755768585925,21112.074650376315,215.0,-1,-1,-1.0
25484,25574,16075.601367008216,-25704.324945316,350.0,-1,3,-1.0
25485,25575,8296.963581165357,-4009.048931943682,214.0,-1,-1,-1.0
25486,25576,39116.47092239665,34634.89127448358,244.0,-1,-1,-1.0
25487,25577,-4873.945039471189,13717.320297937062,125.0,-1,-1,-1.0
25488,25578,-39173.84246028955,-34630.12600453787,88.0,-1,-1,-1.0
25489,25579,-21570.850879727703,-38725.17219609176,477.0,-1,-1,-1.0
25490,25580,30319.31936193809,-154.58420178024244,227.0,-1,-1,-1.0
25491,25581,-3150.5710223330825,3128.798653214202,370.0,-1,-1,-1.0
25492,25582,37634.69714356707,-38770.46751191023,340.0,-1,-1,-1.0
25493,25583,16526.170594731695,32177.8087696782,425.0,-1,-1,-1.0
25494,25584,-19309.64671539013,17881.868159775287,419.0,-1,-1,-1.0
25495,25585,29115.2595447153,36959.746189655736,207.0,-1,11,-1.0
25496,25586,25062.18819056913,27388.00463336868,354.0,-1,-1,-1.0
25497,25587,-23243.74821569389,38532.172855959565,123.0,-1,-1,-1.0
25498,25588,15753.462836086634,-39820.636234524805,277.0,-1,-1,-1.0
25499,25589,28761.7307437892,-13428.77937414399,367.0,-1,45,-1.0
25500,25590,-30232.65439215293,20065.47640019603,276.0,-1,-1,-1.0
25501,25591,2727.443003173772,8993.24159070292,66.0,-1,27,-1.0
25502,25592,26820.40237757756,5261.3280603928,492.0,-1,-1,-1.0
25503,25593,-9635.465866729264,-21716.392882058964,407.0,-1,-1,-1.0
25504,25594,1150.4793638632982,-26061.40398399324,91.0,-1,25,-1.0
25505,25595,-20656.072445639016,-21747.6562282908,218.0,-1,-1,-1.0
25506,25596,3429.7361923689605,-37874.82734761726,28.0,-1,1,-1.0
25507,25597,13325.447322696578,-22519.150162215257,475.0,-1,-1,-1.0
25508,25598,-36011.71945103704,-36485.49266273948,157.0,-1,19,-1.0
25509,25599,-22641.759255778,6955.831626966137,74.0,-1,-1,-1.0
25510,25600,5990.847154364936,-34699.56534699097,465.0,-1,1,-1.0
25511,25601,-11922.17829156662,10851.097244352735,310.0,-1,-1,-1.0
25512,25602,-9517.315703594082,-4782.534433877125,128.0,-1,-1,-1.0
25513,25603,8937.831879640522,-30629.871982981054,268.0,-1,-1,-1.0
25514,25604,-14480.465812477698,-7780.877758869716,477.0,-1,-1,-1.0
25515,25605,34240.72219567574,37976.322498785376,410.0,-1,-1,-1.0
25516,25606,15114.638323295005,34807.31220114276,303.0,-1,-1,-1.0
25517,25607,26524.435501070533,6572.884390181396,489.0,-1,-1,-1.0
25518,25608,-15629.1166458055,-24239.205865766016,187.0,-1,-1,-1.0
25519,25609,893.3581048821652,-10649.317020907354,304.0,-1,31,-1.0
25520,25610,-14971.569016017957,-31451.02067741409,226.0,-1,-1,-1.0
25521,25611,28940.91544777782,12184.056964999138,181.0,-1,-1,-1.0
25522,25612,-31251.07718011944,-28078.946682808448,357.0,-1,34,-1.0
25523,25613,24609.16928167616,38227.16261219702,119.0,-1,30,-1.0
25524,25614,-3392.165245750977,-37325.2820200832,49.0,-1,-1,-1.0
25525,25615,-8091.954903670758,-38740.719265023465,409.0,-1,-1,-1.0
25526,25616,26273.855700664848,13747.60610437965,363.0,-1,-1,-1.0
25527,25617,-25677.17974588592,-30316.007260710838,273.0,-1,-1,-1.0
25528,25618,-27150.54700828602,9669.136662380995,348.0,-1,-1,-1.0
25529,25619,-19552.43807910664,15879.77476793786,48.0,-1,-1,-1.0
25530,25620,15353.114016154896,-30583.61944235819,249.0,-1,3,-1.0
25531,25621,-22446.109007029725,-39108.33888050556,301.0,-1,-1,-1.0
25532,25622,-34484.97525533438,-39865.86090526045,454.0,-1,-1,-1.0
25533,25623,-1381.9429730476331,30144.356843170917,4.0,-1,-1,-1.0
25534,25624,4632.457028327408,-13222.592076431753,285.0,-1,31,-1.0
25535,25625,-12642.059250688437,37239.57553346496,42.0,-1,48,-1.0
25536,25626,-30912.51879939277,-2903.8368520023,76.0,-1,-1,-1.0
25537,25627,25007.596638161223,28663.10139753716,285.0,-1,-1,-1.0
25538,25628,-546.7040466572289,-9058.460353800325,230.0,-1,31,-1.0
25539,25629,-6079.161848526339,11236.89312877124,243.0,-1,-1,-1.0
25540,25630,38077.09214118043,11401.974760308796,20.0,-1,-1,-1.0
25541,25631,10486.004084325725,5305.383189647982,375.0,-1,2,-1.0
25542,25632,-34279.97394261376,-11763.320296407295,323.0,-1,-1,-1.0
25543,25633,21615.51534062461,-4025.6212868220023,342.0,-1,44,-1.0
25544,25634,7159.090921430514,14835.897978226858,381.0,-1,-1,-1.0
25545,25635,4464.513408379418,18896.47396002548,258.0,-1,-1,-1.0
25546,25636,17424.543235041732,-6096.017501807233,272.0,-1,-1,-1.0
25547,25637,16388.443906338165,-4596.126172489836,443.0,-1,13,-1.0
25548,25638,-1694.696575024573,-12787.809071870484,324.0,-1,31,-1.0
25549,25639,-16970.81889491667,-12339.20332112797,395.0,-1,42,-1.0
25550,25640,-36891.85052610857,-36541.49876096117,362.0,-1,19,-1.0
25551,25641,12486.1049127047,-16945.760281592124,106.0,-1,-1,-1.0
25552,25642,34906.168317789066,-7212.593122933344,443.0,-1,33,-1.0
25553,25643,2372.724045175055,5593.9578910408745,338.0,-1,-1,-1.0
25554,25644,14168.57764056995,-30915.49460673204,363.0,-1,3,-1.0
25555,25645,-23871.863352660814,678.8970844143769,212.0,-1,-1,-1.0
25556,25646,19291.86086619545,27152.314088820556,243.0,-1,-1,-1.0
25557,25647,18635.69265818097,16235.178844339382,118.0,-1,18,-1.0
25558,25648,32948.67744500222,5691.7874385225805,86.0,-1,-1,-1.0
25559,25649,-37041.247290652784,9681.37829444024,197.0,-1,-1,-1.0
25560,25650,7401.702317826559,7375.252299399923,420.0,-1,-1,-1.0
25561,25651,-11921.922619894653,23978.11796651016,184.0,-1,48,-1.0
25562,25652,29636.948044774603,36687.997344010015,458.0,-1,11,-1.0
25563,25653,21516.833553471864,-14472.2000863225,420.0,-1,-1,-1.0
25564,25654,-28790.84558063088,-5520.6404596107095,343.0,-1,41,47.0
25565,25655,32767.843047659364,14480.780007327668,129.0,-1,-1,-1.0
25566,25656,-17199.774999774887,-6156.647704227049,89.0,-1,43,-1.0
25567,25657,-3461.4110803888107,32643.84183477664,300.0,-1,-1,-1.0
25568,25658,11889.196078591987,-36993.43259867678,255.0,-1,4,-1.0
25569,25659,-22046.85942400717,1086.4268864315818,244.0,-1,-1,-1.0
25570,25660,-3685.870420876374,12761.561813071536,328.0,-1,-1,-1.0
25571,25661,8307.84668146992,30081.48723849496,112.0,-1,-1,-1.0
25572,25662,17486.911086895983,-10294.495996045844,459.0,-1,-1,-1.0
25573,25663,-25223.12931960996,8274.409220562578,147.0,-1,-1,-1.0
25574,25664,5290.041660692361,6708.506838086309,26.0,-1,-1,-1.0
25575,25665,-19476.976836403905,6648.446096743515,60.0,-1,-1,-1.0
25576,25666,-2050.2525319414854,580.0869425011406,419.0,-1,22,-1.0
25577,25667,12964.405747481018,-28305.66107214093,218.0,-1,3,-1.0
25578,25668,-32580.973039031716,-27900.07894168705,370.0,-1,-1,-1.0
25579,25669,7237.1603400237,26059.043696483743,144.0,-1,-1,-1.0
25580,25670,19456.33242110357,-36055.854850513286,199.0,-1,-1,-1.0
25581,25671,-3408.887245051854,-4683.070004299538,90.0,-1,-1,-1.0
25582,25672,36579.16683800542,-31442.32149026521,9.0,-1,-1,-1.0
25583,25673,-32875.247001484146,-24694.90614093924,97.0,-1,-1,-1.0
25584,25674,17247.755844023864,-4192.7858886295,203.0,-1,-1,-1.0
25585,25675,-16422.631495013862,-1533.7499863829216,205.0,-1,43,-1.0
25586,25676,-32345.158637096887,-9688.395250294874,279.0,-1,-1,-1.0
25587,25677,35386.82144193917,-25365.55877154392,151.0,-1,45,-1.0
25588,25678,-20461.191366462637,-558.0402212996996,483.0,-1,43,-1.0
25589,25679,24653.47555251573,466.1781904678282,8.0,-1,-1,-1.0
25590,25680,18495.66241057248,15131.725473301783,334.0,-1,18,-1.0
25591,25681,26324.5135202252,16993.42023304836,359.0,-1,-1,-1.0
25592,25682,39316.68218271071,-23733.52918982251,396.0,-1,-1,-1.0
25593,25683,7958.320567989722,-3093.057020530716,231.0,-1,-1,-1.0
25594,25684,31150.760274458124,-39517.96248194103,178.0,-1,-1,-1.0
25595,25685,-17995.826419339985,15949.071993558333,284.0,-1,-1,-1.0
25596,25686,11494.383914451357,11873.836866713951,250.0,-1,-1,-1.0
25597,25687,-28814.109910291103,37795.73123784401,91.0,-1,-1,-1.0
25598,25688,35915.0584346915,-15891.688071081937,285.0,-1,-1,-1.0
25599,25689,11322.413047292008,38141.34052615732,105.0,-1,-1,-1.0
25600,25690,3434.75963615856,34722.91836911133,108.0,-1,-1,-1.0
25601,25691,-8298.659931257993,7467.510353953847,156.0,-1,27,-1.0
25602,25692,938.8444041136172,20829.83340235355,395.0,-1,46,-1.0
25603,25693,3498.1366084096007,39325.806189298266,127.0,-1,-1,-1.0
25604,25694,-31814.40557086733,1748.8482897419672,478.0,-1,29,-1.0
25605,25695,24433.34026523301,-5750.056920022544,260.0,-1,-1,-1.0
25606,25696,-32933.02497954365,17522.990329407323,224.0,-1,-1,-1.0
25607,25697,-22478.801009616316,-22094.824608314968,268.0,-1,-1,-1.0
25608,25698,30362.396461219803,-1987.904804404825,161.0,-1,33,-1.0
25609,25699,15505.137436203746,3923.413695593146,258.0,-1,-1,-1.0
25610,25700,-23722.7690852738,5670.044494749636,469.0,-1,-1,-1.0
25611,25701,-2555.3312662493627,22325.04863504752,212.0,-1,-1,-1.0
25612,25702,-15783.46380795244,4829.671067621406,297.0,-1,26,-1.0
25613,25703,-33927.46116278777,18588.733367105,231.0,-1,-1,-1.0
25614,25704,7367.418085909572,-17861.241239269122,51.0,-1,-1,-1.0
25615,25705,-28421.19142465417,18183.75548014175,486.0,-1,40,-1.0
25616,25706,-5936.535866874008,33212.22670990649,214.0,-1,-1,-1.0
25617,25707,28585.085627976518,2354.107264768165,214.0,-1,-1,-1.0
25618,25708,35010.69615939756,18364.368120847703,433.0,-1,28,-1.0
25619,25709,23913.17012202268,6022.8148703756815,450.0,-1,16,-1.0
25620,25710,11571.998588484375,29104.12257074825,405.0,-1,-1,-1.0
25621,25711,-6026.784631123635,27577.40585961884,225.0,-1,48,-1.0
25622,25712,10918.587208388286,-24454.533075725885,386.0,-1,-1,-1.0
25623,25713,26408.981581784014,-34484.43669747704,391.0,-1,-1,-1.0
25624,25714,-19264.082701567924,13325.237749773216,460.0,-1,-1,-1.0
25625,25715,23940.736667595826,5074.873151927815,430.0,-1,-1,-1.0
25626,25716,13741.758337200692,-23817.54358045182,335.0,-1,-1,-1.0
25627,25717,25809.143527180247,19465.8139485786,108.0,-1,18,-1.0
25628,25718,-31912.351033230192,-6634.67521879042,299.0,-1,41,-1.0
25629,25719,-6923.739977124948,3154.250795279484,307.0,-1,-1,-1.0
25630,25720,-25516.17601020672,-28542.351216120664,313.0,-1,-1,-1.0
25631,25721,39655.85114219702,32462.169443000166,193.0,-1,-1,-1.0
25632,25722,17949.743773761358,8789.432457061259,452.0,-1,-1,-1.0
25633,25723,23873.999432215613,-30915.849648057483,96.0,-1,-1,-1.0
25634,25724,21352.03378960333,-25930.319014630262,167.0,-1,-1,-1.0
25635,25725,7349.951013073405,-25697.696118456177,81.0,-1,31,-1.0
25636,25726,36679.11624468104,-7850.383270621933,214.0,-1,-1,-1.0
25637,25727,24106.97891004205,-29527.37421699357,67.0,-1,-1,-1.0
25638,25728,39426.50119422936,24157.457145224354,370.0,-1,-1,-1.0
25639,25729,35868.51351629644,-29508.96255612978,148.0,-1,-1,-1.0
25640,25730,-4907.937363001562,6522.471653757035,52.0,-1,-1,-1.0
25641,25731,25267.50932731982,25197.953485593254,497.0,-1,18,-1.0
25642,25732,28918.576783116518,17492.822557444262,498.0,-1,-1,-1.0
25643,25733,8928.950430285127,36200.64459328324,468.0,-1,-1,-1.0
25644,25734,13752.354297237238,-20811.51112598672,205.0,-1,-1,-1.0
25645,25735,-15366.420153670522,-20880.3638198472,442.0,-1,-1,-1.0
25646,25736,-29208.840894741534,-23678.050326488326,340.0,-1,-1,-1.0
25647,25737,-31779.460803821945,24400.619383672645,185.0,-1,-1,-1.0
25648,25738,-30710.52853124936,-23992.48295062409,97.0,-1,-1,-1.0
25649,25739,-26918.12089932622,5231.311176453353,94.0,-1,-1,-1.0
25650,25740,6325.985590675256,37547.09022105624,383.0,-1,-1,-1.0
25651,25741,22151.946828297405,17124.353857989343,148.0,-1,18,-1.0
25652,25742,-8062.733366890945,1379.7206979127805,417.0,-1,-1,-1.0
25653,25743,17490.600546059934,-4632.021625872032,324.0,-1,13,-1.0
25654,25744,19212.431152272635,22971.276234264427,361.0,-1,-1,-1.0
25655,25745,12533.199910927462,16310.879892434656,222.0,-1,-1,-1.0
25656,25746,-28348.20397508072,39310.50250500598,29.0,-1,-1,-1.0
25657,25747,-6140.3541776218335,9720.514903904555,259.0,-1,-1,-1.0
25658,25748,-9318.500332075191,-30198.185510676667,223.0,-1,-1,-1.0
25659,25749,-16945.21429210887,-2502.869572646443,466.0,-1,43,-1.0
25660,25750,26339.920917878237,-27276.43790811548,367.0,-1,45,51.0
25661,25751,-6350.050961660301,-1986.154651276447,145.0,-1,-1,-1.0
25662,25752,-2303.2381278867906,-6136.911456488582,262.0,-1,-1,-1.0
25663,25753,-33944.48560060468,-11066.702895576633,125.0,-1,-1,-1.0
25664,25754,-13084.743919873736,1188.2097052513273,395.0,-1,-1,-1.0
25665,25755,33890.462276002974,34212.66110155241,182.0,-1,-1,-1.0
25666,25756,27959.94031358046,9166.082547464794,60.0,-1,-1,-1.0
25667,25757,3650.4922978958566,-18121.898275357136,462.0,-1,31,-1.0
25668,25758,-16484.473042914826,38541.50016099545,409.0,-1,-1,-1.0
25669,25759,20172.92185845547,8984.584914527404,434.0,-1,16,-1.0
25670,25760,25714.620800685967,162.28316965600243,142.0,-1,-1,-1.0
25671,25761,-7651.341026164431,-34920.548051107005,214.0,-1,35,-1.0
25672,25762,4546.286279788306,7576.861569254826,272.0,-1,27,-1.0
25673,25763,14844.995457051227,-25229.82652672664,298.0,-1,-1,-1.0
25674,25764,23231.12890810323,-14423.661407311847,472.0,-1,45,-1.0
25675,25765,-13210.733856544472,30159.057977076765,460.0,-1,48,-1.0
25676,25766,29530.25214864977,-16879.20681978407,146.0,-1,-1,-1.0
25677,25767,-1036.336133001867,-20207.065814832626,218.0,-1,31,-1.0
25678,25768,21563.395262278347,-640.7044048386961,311.0,-1,-1,-1.0
25679,25769,-35257.43766116107,-35076.209436370875,436.0,-1,-1,-1.0
25680,25770,36441.31828764742,-7507.030733140709,278.0,-1,33,-1.0
25681,25771,27547.51031564288,-4021.6357141638728,171.0,-1,33,-1.0
25682,25772,-13605.61182807728,2217.987410643349,248.0,-1,-1,-1.0
25683,25773,35197.885995450546,-14640.517473914371,422.0,-1,-1,-1.0
25684,25774,1016.1186871562968,39985.465829504494,358.0,-1,-1,-1.0
25685,25775,18289.959479550795,-2744.654279569775,298.0,-1,-1,-1.0
25686,25776,-20929.496594471468,-33196.64705227263,107.0,-1,-1,-1.0
25687,25777,-33362.65912491533,-33531.90059715787,29.0,-1,-1,-1.0
25688,25778,-7312.752762198357,6943.166501067884,485.0,-1,27,-1.0
25689,25779,30822.21703179073,-33755.19288601416,400.0,-1,-1,-1.0
25690,25780,-21332.58845470733,-18706.42124428857,138.0,-1,-1,-1.0
25691,25781,6953.411545576208,13069.737567355092,221.0,-1,8,-1.0
25692,25782,25248.926911675077,-29739.00586669617,241.0,-1,45,-1.0
25693,25783,3007.341090484035,-38532.231037353136,81.0,-1,1,-1.0
25694,25784,11379.159509708108,-26056.9100496942,273.0,-1,-1,-1.0
25695,25785,-39852.85468383951,12886.162039302842,171.0,-1,-1,-1.0
25696,25786,-23760.084806783718,-34355.17642485557,497.0,-1,12,-1.0
25697,25787,27475.90103440707,1632.351541089105,432.0,-1,-1,-1.0
25698,25788,37753.03743164675,-15285.149081970452,312.0,-1,-1,-1.0
25699,25789,-11224.229988237075,34548.02706135783,94.0,-1,48,-1.0
25700,25790,-24345.01566453352,-3879.088989022901,93.0,-1,41,-1.0
25701,25791,-12890.724153142764,3914.613016675969,167.0,-1,-1,-1.0
25702,25792,-36261.97499526221,20628.87444201851,496.0,-1,-1,-1.0
25703,25793,-37104.152300744274,38886.5594083849,399.0,-1,5,-1.0
25704,25794,14187.848698414498,-27572.45864574192,342.0,-1,3,-1.0
25705,25795,-39822.999059350645,-24028.52576759363,84.0,-1,-1,-1.0
25706,25796,-3765.36916208046,9673.739170458632,154.0,-1,27,-1.0
25707,25797,-39585.38360890636,-24993.765746497924,213.0,-1,-1,-1.0
25708,25798,-26551.57482187937,-3178.153644102444,161.0,-1,-1,-1.0
25709,25799,-28887.246766015523,-312.8042365603251,195.0,-1,-1,-1.0
25710,25800,-39755.681312264525,-37709.105077072185,217.0,-1,-1,-1.0
25711,25801,8290.593169606807,14044.528111396585,257.0,-1,-1,-1.0
25712,25802,27688.932755011512,25232.462272819797,414.0,-1,-1,-1.0
25713,25803,24998.003549306457,-21239.29291632791,395.0,-1,-1,-1.0
25714,25804,37499.944774238975,33377.67102939362,355.0,-1,10,-1.0
25715,25805,4741.473516325757,-31433.92647942032,49.0,-1,-1,-1.0
25716,25806,38840.12841330978,19426.377283495465,231.0,-1,28,-1.0
25717,25807,-36916.77985930811,4393.703864062365,29.0,-1,-1,-1.0
25718,25808,-29318.6509938708,23230.401559149075,267.0,-1,-1,-1.0
25719,25809,-39598.54043460755,-22138.88242700624,422.0,-1,-1,-1.0
25720,25810,18451.320633557167,32885.82824785051,101.0,-1,30,-1.0
25721,25811,37165.48320138862,12919.529162647845,417.0,-1,28,-1.0
25722,25812,-35590.01954852819,32338.573351186235,129.0,-1,-1,-1.0
25723,25813,-9915.201160524728,-8705.423005008342,474.0,-1,31,-1.0
25724,25814,-23319.05829734355,1194.717176293976,212.0,-1,-1,-1.0
25725,25815,-15757.810953516848,-21034.017196861336,28.0,-1,-1,-1.0
25726,25816,34578.46093220932,-34907.28639943692,256.0,-1,-1,-1.0
25727,25817,30587.55925438733,39122.075016005285,125.0,-1,-1,-1.0
25728,25818,-16377.370815444348,-18123.330750251596,174.0,-1,-1,-1.0
25729,25819,411.30060104742734,31311.754883496527,57.0,-1,-1,-1.0
25730,25820,-1175.1595117129764,-34710.265304621185,81.0,-1,-1,-1.0
25731,25821,-22772.041758818534,21789.806810403337,163.0,-1,37,-1.0
25732,25822,38674.5365792276,-36698.48785333637,15.0,-1,21,-1.0
25733,25823,-38108.36219696326,25633.81059447661,139.0,-1,23,-1.0
25734,25824,-33832.17328460699,-29781.69001989932,355.0,-1,-1,-1.0
25735,25825,9443.804344183816,16884.633954861085,351.0,-1,-1,-1.0
25736,25826,20409.37337910851,16016.511084745594,310.0,-1,18,-1.0
25737,25827,34414.201665468165,39397.50367337959,69.0,-1,-1,-1.0
25738,25828,-31454.34175839454,36079.48069925315,249.0,-1,-1,-1.0
25739,25829,-25771.746184764845,-3837.333231111974,138.0,-1,41,-1.0
25740,25830,33548.55200648762,-30700.60115631205,454.0,-1,-1,-1.0
25741,25831,-8890.129933864951,-24495.750585895505,437.0,-1,-1,-1.0
25742,25832,-6122.0679416571,-4966.836851517066,358.0,-1,-1,-1.0
25743,25833,-36211.26835460071,-39610.96966185427,280.0,-1,-1,-1.0
25744,25834,18832.00019453509,21370.47574382709,151.0,-1,-1,-1.0
25745,25835,25285.975622482343,-24386.808817516547,424.0,-1,-1,-1.0
25746,25836,-33454.198711044155,-30610.488838391524,282.0,-1,34,-1.0
25747,25837,-8324.676208450139,-19769.556669084886,184.0,-1,-1,-1.0
25748,25838,-33344.460102329685,23592.53454691534,310.0,-1,-1,-1.0
25749,25839,39952.33835503786,1963.6832727817675,117.0,-1,-1,-1.0
25750,25840,18583.003324409765,37955.5230564855,448.0,-1,-1,-1.0
25751,25841,-19965.539627915718,31025.37613208972,181.0,-1,-1,-1.0
25752,25842,-14577.221787403943,-22059.05344373466,70.0,-1,-1,-1.0
25753,25843,4918.691617180462,32198.94360811856,435.0,-1,-1,-1.0
25754,25844,31152.588360493915,33323.0396155926,482.0,-1,-1,-1.0
25755,25845,29997.51585849612,-28199.512803528683,40.0,-1,-1,-1.0
25756,25846,14047.938089189856,18255.051141492186,67.0,-1,-1,-1.0
25757,25847,-38772.06244217829,-17380.68522228468,327.0,-1,0,-1.0
25758,25848,23685.42188572266,5273.035284450307,482.0,-1,-1,-1.0
25759,25849,39701.39683653625,-22051.14617538948,286.0,-1,-1,-1.0
25760,25850,-7662.222320684523,38975.18518947616,24.0,-1,-1,-1.0
25761,25851,-28551.748692260768,25067.51334447418,400.0,-1,-1,-1.0
25762,25852,-38928.89237595492,9037.252735998583,57.0,-1,-1,-1.0
25763,25853,13644.648631595286,-18045.80361573364,437.0,-1,-1,-1.0
25764,25854,-36221.99098642767,-34365.61121249797,158.0,-1,-1,-1.0
25765,25855,4178.795341910438,10438.420126513884,402.0,-1,-1,-1.0
25766,25856,-11170.73327032668,9070.592031040287,452.0,-1,-1,-1.0
25767,25857,4692.427379643115,-26343.14774482437,163.0,-1,-1,-1.0
25768,25858,-9067.04631146134,26364.233513506784,325.0,-1,48,-1.0
25769,25859,-18896.960275497397,29524.9060486816,495.0,-1,48,-1.0
25770,25860,-22320.407970111934,29948.765907724417,392.0,-1,-1,-1.0
25771,25861,-9668.59923301952,4401.425291378073,435.0,-1,27,-1.0
25772,25862,-15702.963660178611,10662.473724941075,401.0,-1,-1,-1.0
25773,25863,19309.646163477,15230.966952778464,392.0,-1,18,-1.0
25774,25864,-16603.739017995995,14690.566004437293,119.0,-1,-1,-1.0
25775,25865,30192.40230776374,39314.07338977825,175.0,-1,-1,-1.0
25776,25866,-33392.547085104445,-25517.28470457084,378.0,-1,-1,-1.0
25777,25867,23226.603727297617,-32045.257551387447,1.0,-1,-1,-1.0
25778,25868,-11594.58019774589,-18447.75911262679,22.0,-1,31,-1.0
25779,25869,849.8417224805089,3303.4876660579102,145.0,-1,-1,-1.0
25780,25870,23183.47614856781,-28033.595569891564,405.0,-1,-1,-1.0
25781,25871,35495.290408469125,35391.8181757312,22.0,-1,-1,-1.0
25782,25872,24107.58082838649,-24396.297897804507,69.0,-1,-1,-1.0
25783,25873,-34185.78924013537,-22690.725803606994,482.0,-1,39,-1.0
25784,25874,-854.9844131110367,-4632.287414958293,205.0,-1,-1,-1.0
25785,25875,-2410.3627616026206,890.3925956104576,465.0,-1,22,-1.0
25786,25876,33968.2894745916,7733.582209108194,285.0,-1,-1,-1.0
25787,25877,-16320.638773522667,3585.236445072333,197.0,-1,-1,-1.0
25788,25878,-24545.990961351425,-33140.96586637922,342.0,-1,12,-1.0
25789,25879,5809.673879495764,19335.37725310293,283.0,-1,-1,-1.0
25790,25880,-20418.04196749806,-14616.012925271509,300.0,-1,-1,-1.0
25791,25881,-33165.59416139361,-15590.260697213997,152.0,-1,-1,-1.0
25792,25882,-5254.545680680931,-30338.25122233291,455.0,-1,-1,-1.0
25793,25883,-20565.536416827184,16734.92711742696,78.0,-1,-1,-1.0
25794,25884,-27635.111532572773,-39686.244809674405,25.0,-1,-1,-1.0
25795,25885,26931.47913562336,8750.18718320236,92.0,-1,15,-1.0
25796,25886,14781.871822542154,32844.36340619413,488.0,-1,47,-1.0
25797,25887,21916.91816239847,12594.2578331131,391.0,-1,-1,-1.0
25798,25888,23445.054611076903,4775.312394667628,493.0,-1,-1,-1.0
25799,25889,19804.311976698424,-37928.63498711198,471.0,-1,-1,-1.0
25800,25890,-25302.55217139585,-35296.324490817395,260.0,-1,-1,-1.0
25801,25891,2814.679062955118,-29138.08282463224,94.0,-1,-1,-1.0
25802,25892,28334.538812752187,-15518.07187047583,232.0,-1,-1,-1.0
25803,25893,29087.658195109136,35488.52939057301,453.0,-1,11,-1.0
25804,25894,22768.5552140153,-2583.321930793252,113.0,-1,44,50.0
25805,25895,-17365.07018063387,36357.28249046409,379.0,-1,-1,-1.0
25806,25896,33120.315652546225,31265.30759522552,116.0,-1,10,-1.0
25807,25897,-9522.537347167709,10789.97744262206,362.0,-1,27,-1.0
25808,25898,13016.332883782998,4675.285882572556,291.0,-1,-1,-1.0
25809,25899,-32845.99767803164,-36382.16934637856,498.0,-1,-1,-1.0
25810,25900,-23206.58167103743,-29555.96472809801,439.0,-1,-1,-1.0
25811,25901,-38033.18939001323,-38738.7374074202,279.0,-1,-1,-1.0
25812,25902,34155.893643874646,-6049.8485564757575,458.0,-1,-1,-1.0
25813,25903,-2642.441238324551,-34763.80044679428,124.0,-1,-1,-1.0
25814,25904,-39227.84697011357,6634.826850077006,348.0,-1,-1,-1.0
25815,25905,33033.31620359648,34183.46106563139,4.0,-1,-1,-1.0
25816,25906,18463.60227132341,19720.72539101074,185.0,-1,18,-1.0
25817,25907,39686.188653303936,16159.82024217282,43.0,-1,-1,-1.0
25818,25908,4690.258129529488,-8179.604059214114,496.0,-1,-1,-1.0
25819,25909,-5578.388085705199,-27638.28259331016,125.0,-1,25,-1.0
25820,25910,-38506.74291807871,-23684.34811658594,105.0,-1,-1,-1.0
25821,25911,12766.4923882222,21096.539871177563,346.0,-1,-1,-1.0
25822,25912,-23317.359386531447,-24442.580794472477,418.0,-1,-1,-1.0
25823,25913,-37940.39690376512,26034.289420322588,358.0,-1,23,-1.0
25824,25914,-16445.487769891915,-38728.309829429934,77.0,-1,-1,-1.0
25825,25915,-33179.155728505306,-21102.0341816264,317.0,-1,-1,-1.0
25826,25916,4331.889312347157,33419.505934755114,386.0,-1,-1,-1.0
25827,25917,-37016.80347451044,-36896.61994619506,411.0,-1,-1,-1.0
25828,25918,968.5362257762536,25590.47731255436,344.0,-1,-1,-1.0
25829,25919,-19237.750478470392,-35613.96505360504,100.0,-1,12,-1.0
25830,25920,-18592.14218373455,643.7351744803091,84.0,-1,-1,-1.0
25831,25921,628.7525208283478,-36119.60695135102,396.0,-1,-1,-1.0
25832,25922,3043.2575119365647,-32978.66377912713,68.0,-1,1,-1.0
25833,25923,39193.66299435607,7914.507100791248,405.0,-1,-1,-1.0
25834,25924,9364.388649815495,2988.989914203914,473.0,-1,-1,-1.0
25835,25925,-6250.133678365826,15131.806115386376,214.0,-1,-1,-1.0
25836,25926,1513.428006340153,37139.73474298518,492.0,-1,48,-1.0
25837,25927,28184.37358000921,23134.353058986868,33.0,-1,-1,-1.0
25838,25928,-11082.176672292257,1492.3227322108432,279.0,-1,-1,-1.0
25839,25929,-11798.434448309115,-28304.13159306687,37.0,-1,-1,-1.0
25840,25930,4057.598261369887,-4421.734569817534,289.0,-1,-1,-1.0
25841,25931,19262.816115045094,16877.043903350735,33.0,-1,18,-1.0
25842,25932,8865.624467039226,15746.149364455108,255.0,-1,-1,-1.0
25843,25933,31579.362929646508,-13577.508048694326,343.0,-1,-1,-1.0
25844,25934,24250.083996709007,32973.72908679153,487.0,-1,-1,-1.0
25845,25935,-4026.949913652039,-24695.330041938047,421.0,-1,25,-1.0
25846,25936,179.18699314500554,-11706.712076331927,61.0,-1,31,-1.0
25847,25937,19929.898798108727,2961.7461853601853,116.0,-1,-1,-1.0
25848,25938,36247.14459331692,26884.46231248576,190.0,-1,10,-1.0
25849,25939,36159.55655145245,9973.04047506507,190.0,-1,28,32.0
25850,25940,14019.05330540832,-15491.278217947136,51.0,-1,-1,-1.0
25851,25941,22045.327144189272,-37066.341237957145,372.0,-1,-1,-1.0
25852,25942,18153.25945692347,15036.68756757275,6.0,-1,-1,-1.0
25853,25943,23677.18517352893,-17437.973434613366,163.0,-1,-1,-1.0
25854,25944,-31904.294632065885,-25715.437318065888,14.0,-1,-1,-1.0
25855,25945,3994.120501012127,-23214.815803456782,344.0,-1,31,-1.0
25856,25946,16095.576272512551,-34399.18936863569,184.0,-1,-1,-1.0
25857,25947,-5835.3436034121405,23163.90916033103,96.0,-1,-1,-1.0
25858,25948,17505.51799829935,14530.058632353088,309.0,-1,-1,-1.0
25859,25949,-15018.575947246229,-29751.913108772293,253.0,-1,-1,-1.0
25860,25950,-21939.8107556559,4588.846462232541,70.0,-1,-1,-1.0
25861,25951,-20713.48100335645,29720.526527587368,133.0,-1,48,-1.0
25862,25952,-14369.769076317663,38590.52049613002,323.0,-1,-1,-1.0
25863,25953,-23044.708096259088,39789.93998943374,281.0,-1,-1,-1.0
25864,25954,38254.32296851164,19958.00226616738,27.0,-1,28,-1.0
25865,25955,-37320.5689537866,12274.210445600487,178.0,-1,-1,-1.0
25866,25956,20128.462566299797,5867.852026659835,60.0,-1,-1,-1.0
25867,25957,11392.37728036641,39088.15561173382,330.0,-1,-1,-1.0
25868,25958,-34780.69707611252,30164.792487318016,110.0,-1,-1,-1.0
25869,25959,12290.17704132392,31371.178530309844,310.0,-1,-1,-1.0
25870,25960,31283.975632190384,2739.9218298566266,127.0,-1,-1,-1.0
25871,25961,37877.176123906815,-17487.72953581361,412.0,-1,-1,-1.0
25872,25962,-37206.571392279184,12880.33893504463,122.0,-1,-1,-1.0
25873,25963,10580.72308672354,-2666.5742502108915,459.0,-1,-1,-1.0
25874,25964,2370.274143121605,2550.232763761021,354.0,-1,-1,-1.0
25875,25965,-39993.49377854886,23020.47381538595,33.0,-1,-1,-1.0
25876,25966,24162.863045666654,-23234.9869550524,34.0,-1,-1,-1.0
25877,25967,34956.29866404169,-996.4350536972051,403.0,-1,-1,-1.0
25878,25968,34902.05827143311,26445.78328767636,114.0,-1,10,-1.0
25879,25969,-3845.805908576869,4281.452785389178,192.0,-1,27,-1.0
25880,25970,10113.51721706576,-28112.819741432904,165.0,-1,-1,-1.0
25881,25971,-26370.33976455012,-23983.907758074743,280.0,-1,38,-1.0
25882,25972,23655.1824424605,7761.024824376669,495.0,-1,-1,-1.0
25883,25973,17809.129022304034,-33190.13429534955,32.0,-1,-1,-1.0
25884,25974,36772.829353592,-37676.863238403166,301.0,-1,21,-1.0
25885,25975,-27886.01465495825,21852.030980902287,145.0,-1,-1,-1.0
25886,25976,-2688.6542347617437,-32567.953804359266,404.0,-1,-1,-1.0
25887,25977,-37873.64373498388,24325.37373091309,237.0,-1,23,-1.0
25888,25978,4501.878527510235,29402.226364139933,196.0,-1,-1,-1.0
25889,25979,35284.89663673549,13608.713336014232,312.0,-1,28,-1.0
25890,25980,-19536.340492205345,28669.791221581458,403.0,-1,48,-1.0
25891,25981,31034.517622651445,-17413.305503088497,96.0,-1,-1,-1.0
25892,25982,14199.245961781751,14723.703072917262,58.0,-1,-1,-1.0
25893,25983,21614.95936938253,17558.028055041083,124.0,-1,18,-1.0
25894,25984,-2049.7514302858035,29757.222991309434,65.0,-1,-1,-1.0
25895,25985,-22715.081330678386,38670.470066849695,175.0,-1,-1,-1.0
25896,25986,-16135.881296655432,26786.98511546433,129.0,-1,-1,-1.0
25897,25987,-39764.98896223241,-36557.69390566523,116.0,-1,-1,-1.0
25898,25988,-13289.88950477502,25002.88586076162,288.0,-1,-1,-1.0
25899,25989,-1567.3992973714558,-38677.67762573338,424.0,-1,-1,-1.0
25900,25990,26059.402603264414,33556.87882530295,465.0,-1,30,-1.0
25901,25991,36147.86833840697,1054.707957220271,325.0,-1,28,-1.0
25902,25992,-27410.520035250644,35696.65142373704,82.0,-1,-1,-1.0
25903,25993,-38937.02747075264,21473.637794600465,83.0,-1,-1,-1.0
25904,25994,30288.820896641395,35674.36123749583,214.0,-1,-1,-1.0
25905,25995,23974.105419561864,27528.460706675643,388.0,-1,-1,-1.0
25906,25996,22125.08523578085,-8602.83167548128,367.0,-1,-1,-1.0
25907,25997,-116.92934155082912,-35822.04871130578,419.0,-1,-1,-1.0
25908,25998,-16374.326832167822,-31383.60933773824,375.0,-1,36,-1.0
25909,25999,-13502.419095529473,-15056.47104956588,151.0,-1,-1,-1.0
25910,26000,39147.3091055314,20599.39953038015,138.0,-1,28,-1.0
25911,26001,-17073.421484113245,29215.75990879709,489.0,-1,48,-1.0
25912,26002,6383.570638697973,18302.89078987394,142.0,-1,-1,-1.0
25913,26003,-9945.54490009963,39049.91495941754,277.0,-1,48,-1.0
25914,26004,2725.2294862598865,19808.6171167133,46.0,-1,-1,-1.0
25915,26005,-6591.363554769319,-29661.29027908772,172.0,-1,-1,-1.0
25916,26006,3770.062593128285,25350.66550612845,69.0,-1,48,-1.0
25917,26007,-27761.773076163558,-37960.28159711109,237.0,-1,-1,-1.0
25918,26008,14841.871116238057,31446.44095298412,22.0,-1,-1,-1.0
25919,26009,2219.0378613095017,-12072.511713173615,468.0,-1,31,-1.0
25920,26010,13764.752113101626,29279.169360715256,360.0,-1,-1,-1.0
25921,26011,-17626.401522253775,-11251.91788978851,142.0,-1,-1,-1.0
25922,26012,-24667.857773426,-3971.780247672541,436.0,-1,-1,-1.0
25923,26013,9318.490077058845,22714.612159741817,74.0,-1,48,-1.0
25924,26014,-21265.36709055696,14650.586241101904,393.0,-1,-1,-1.0
25925,26015,37940.13755297696,-37069.32773185588,92.0,-1,21,-1.0
25926,26016,8636.86971211421,-32388.20752705431,101.0,-1,-1,-1.0
25927,26017,-25511.40579094574,-36080.00274278187,223.0,-1,-1,-1.0
25928,26018,39347.22734766539,-38807.224177859935,268.0,-1,-1,-1.0
25929,26019,-21099.333004806544,462.7133617553918,224.0,-1,-1,-1.0
25930,26020,-38493.60803248403,-18961.02093279668,22.0,-1,0,-1.0
25931,26021,35434.63995046803,1474.70506195481,134.0,-1,28,-1.0
25932,26022,7750.209041153743,-9799.006289509514,485.0,-1,31,-1.0
25933,26023,3699.788248318095,39494.44523540906,291.0,-1,-1,-1.0
25934,26024,6234.928532248618,729.5949631064505,411.0,-1,-1,-1.0
25935,26025,-2720.51864741373,24159.92117039865,17.0,-1,-1,-1.0
25936,26026,26929.51377312613,-5683.353540255121,284.0,-1,-1,-1.0
25937,26027,14327.64300315462,24828.67091928936,299.0,-1,-1,-1.0
25938,26028,-16602.418114320568,23223.427865103,334.0,-1,-1,-1.0
25939,26029,36427.74766373902,-32045.09633364696,277.0,-1,-1,-1.0
25940,26030,31589.1916547648,-36198.97262961406,201.0,-1,-1,-1.0
25941,26031,-16722.748579063424,37165.78483575428,474.0,-1,-1,-1.0
25942,26032,-25459.664335841782,-6692.12723940314,296.0,-1,-1,-1.0
25943,26033,-37259.18780036962,30283.145597082053,335.0,-1,-1,-1.0
25944,26034,2434.0031852475518,33480.16212836598,424.0,-1,48,-1.0
25945,26035,-5613.732094321058,34680.36953359145,444.0,-1,48,-1.0
25946,26036,-30743.708141302253,-6117.099228406012,416.0,-1,41,-1.0
25947,26037,27415.743573539585,-35942.95596540398,301.0,-1,-1,-1.0
25948,26038,38798.02989089333,-5710.141501606988,88.0,-1,-1,-1.0
25949,26039,27040.76549522682,-39316.66526033967,390.0,-1,-1,-1.0
25950,26040,13934.78289534757,6215.513954635113,498.0,-1,-1,-1.0
25951,26041,34868.92554388054,-29844.8360461515,430.0,-1,-1,-1.0
25952,26042,36124.55232984945,19660.041360301,416.0,-1,28,-1.0
25953,26043,38351.18298337951,53.20201677142177,306.0,-1,28,-1.0
25954,26044,-25244.82038225705,-27164.65465222315,396.0,-1,-1,-1.0
25955,26045,-12502.24295179815,-19417.738985578624,103.0,-1,-1,-1.0
25956,26046,13452.395967092343,12657.101460251271,203.0,-1,-1,-1.0
25957,26047,1700.1678281717177,-28515.90017244033,35.0,-1,25,-1.0
25958,26048,-23239.074997079817,4675.8797226135575,254.0,-1,-1,-1.0
25959,26049,6736.313302909824,13312.494172276114,31.0,-1,8,-1.0
25960,26050,9052.488881141238,-34334.5157711033,193.0,-1,-1,-1.0
25961,26051,19148.87267163345,24791.130769907657,174.0,-1,-1,-1.0
25962,26052,-12648.153264320035,-29164.44426054873,29.0,-1,17,-1.0
25963,26053,1594.7862567950287,-27938.169489907283,305.0,-1,25,-1.0
25964,26054,-20722.05800273151,21118.492164776697,14.0,-1,-1,-1.0
25965,26055,-8358.818805501916,33922.99110817714,304.0,-1,-1,-1.0
25966,26056,28627.188676500315,4582.209274711531,29.0,-1,-1,-1.0
25967,26057,-18436.271142210146,-30081.1466047032,298.0,-1,36,-1.0
25968,26058,-31132.279144209737,34396.09303347218,352.0,-1,-1,-1.0
25969,26059,19691.970409543734,20038.413658887606,378.0,-1,18,-1.0
25970,26060,36699.27831692176,-9325.77674709422,384.0,-1,-1,-1.0
25971,26061,3006.6551882408603,36916.89952741104,425.0,-1,48,-1.0
25972,26062,31702.56145390689,-3879.648195123256,292.0,-1,33,-1.0
25973,26063,26395.426064211264,27300.12688707717,83.0,-1,-1,-1.0
25974,26064,-35557.09666154733,-38099.89906784114,207.0,-1,-1,-1.0
25975,26065,-34757.855313198095,11839.960121638049,51.0,-1,24,-1.0
25976,26066,-24412.180093444174,15994.396746715036,314.0,-1,-1,-1.0
25977,26067,30363.232128159623,7104.412499807979,297.0,-1,-1,-1.0
25978,26068,26863.70449436488,-8904.977448144848,270.0,-1,-1,-1.0
25979,26069,12718.6522218538,33395.918261478684,368.0,-1,47,-1.0
25980,26070,-15703.527797563642,37415.68938245477,49.0,-1,48,-1.0
25981,26071,-34663.356222892515,22048.63693440547,60.0,-1,-1,-1.0
25982,26072,4659.117597983757,-28128.99676485278,135.0,-1,-1,-1.0
25983,26073,2781.0031976856044,14943.199485717989,55.0,-1,8,-1.0
25984,26074,-20198.94048504712,28340.744065581035,193.0,-1,-1,-1.0
25985,26075,-16241.07784717073,-6246.948222073981,278.0,-1,43,-1.0
25986,26076,-25055.979493890507,-1943.5779819809031,142.0,-1,-1,-1.0
25987,26077,-21384.139746911154,-2526.5667963224987,325.0,-1,43,-1.0
25988,26078,-13793.1871211678,31737.01267732799,281.0,-1,48,60.0
25989,26079,-31436.183157479754,-29732.36750063817,82.0,-1,-1,-1.0
25990,26080,22209.77111531751,-5506.9532098109485,120.0,-1,44,-1.0
25991,26081,8144.97768599604,-15725.017808033435,50.0,-1,-1,-1.0
25992,26082,-37090.6950670024,24291.56872319858,236.0,-1,-1,-1.0
25993,26083,-30921.289554139992,9495.145514697955,476.0,-1,-1,-1.0
25994,26084,9541.316974536006,18171.829782044188,147.0,-1,-1,-1.0
25995,26085,-1474.6449088564186,6747.672390563857,101.0,-1,27,-1.0
25996,26086,31040.093689567453,36525.42702858029,202.0,-1,11,-1.0
25997,26087,-32939.40959375069,27377.12484947029,253.0,-1,-1,-1.0
25998,26088,28529.59530389553,15266.09839618478,460.0,-1,-1,-1.0
25999,26089,-13359.16044997064,-21893.907933494007,277.0,-1,-1,-1.0
26000,26090,23778.499660798247,20504.684820793344,3.0,-1,-1,-1.0
26001,26091,10703.341586572353,-7663.386445189342,303.0,-1,13,-1.0
26002,26092,18258.98179182256,-16144.750435623446,264.0,-1,45,-1.0
26003,26093,1756.8505341156488,12336.317610402548,297.0,-1,-1,-1.0
26004,26094,27925.156487009062,39276.518161077314,179.0,-1,-1,-1.0
26005,26095,16248.769908691356,4997.936375914374,358.0,-1,2,-1.0
26006,26096,39416.006207159255,22280.59410741216,434.0,-1,-1,-1.0
26007,26097,38357.928536948646,33713.360953283845,77.0,-1,10,-1.0
26008,26098,7791.4931399881825,-763.9887711034462,452.0,-1,-1,-1.0
26009,26099,21581.31049152504,864.3166345953796,43.0,-1,-1,-1.0
26010,26100,-22089.46645936769,13938.429670564548,435.0,-1,-1,-1.0
26011,26101,35911.39382721495,-33750.50194530307,99.0,-1,-1,-1.0
26012,26102,14676.31152461817,-29756.06218103492,7.0,-1,3,-1.0
26013,26103,32892.61178173382,-13628.69438254747,371.0,-1,-1,-1.0
26014,26104,9963.32829365367,23587.552894282293,23.0,-1,48,-1.0
26015,26105,-20635.087659656176,3991.7261697103095,370.0,-1,-1,-1.0
26016,26106,8731.193914846677,29095.41187656984,200.0,-1,48,-1.0
26017,26107,-16989.228026725013,26926.373330931063,265.0,-1,48,-1.0
26018,26108,29727.59528058532,-8213.506691702729,324.0,-1,-1,-1.0
26019,26109,-10254.582139276745,36227.869034964606,90.0,-1,48,-1.0
26020,26110,-32610.71583676024,-34349.669796117734,407.0,-1,-1,-1.0
26021,26111,-32468.03820389341,32747.75858952313,387.0,-1,6,-1.0
26022,26112,-37192.87166020353,13948.306047696118,21.0,-1,-1,-1.0
26023,26113,-12837.498810840843,-12523.168859581074,300.0,-1,-1,-1.0
26024,26114,2264.8066622393526,-38436.41290419483,99.0,-1,1,-1.0
26025,26115,-20066.6534120403,6041.678189295031,128.0,-1,-1,-1.0
26026,26116,13022.933734669825,-24960.25970079477,292.0,-1,3,-1.0
26027,26117,-26905.973976521334,37679.49703994807,492.0,-1,-1,-1.0
26028,26118,9698.663116180513,9080.629630775476,78.0,-1,-1,-1.0
26029,26119,13762.247325810458,-7706.38504751596,23.0,-1,13,-1.0
26030,26120,-31024.812999137444,30352.51916926049,427.0,-1,-1,-1.0
26031,26121,-35721.5532618093,27264.902393637123,200.0,-1,-1,-1.0
26032,26122,7666.5454266948145,11368.470879220564,66.0,-1,8,-1.0
26033,26123,18249.23773042945,36405.9215326071,284.0,-1,30,-1.0
26034,26124,36258.44600502738,13444.01925410833,266.0,-1,28,-1.0
26035,26125,-21473.29997706676,3409.7291831565817,480.0,-1,-1,-1.0
26036,26126,24037.039632092197,-30469.143724451293,132.0,-1,-1,-1.0
26037,26127,37329.477736525485,14654.536831391177,311.0,-1,28,-1.0
26038,26128,2673.0042469883047,10925.570743113458,241.0,-1,27,-1.0
26039,26129,-11119.027950929689,-8857.083982560569,471.0,-1,-1,-1.0
26040,26130,39068.00664480262,9686.414277625843,261.0,-1,-1,-1.0
26041,26131,25465.058340162526,-6012.510176850075,147.0,-1,-1,-1.0
26042,26132,-4257.490948708626,36310.195464786506,290.0,-1,48,57.0
26043,26133,-6440.814116378766,24287.66355274777,388.0,-1,-1,-1.0
26044,26134,33677.079730260855,2316.3700295752496,347.0,-1,-1,-1.0
26045,26135,-31073.66078811533,10148.00235789286,23.0,-1,-1,-1.0
26046,26136,-10804.048047557,-37696.53501594166,151.0,-1,-1,-1.0
26047,26137,-5709.96608669417,-10766.271597208714,209.0,-1,-1,-1.0
26048,26138,31975.82075366564,-16366.75328078242,197.0,-1,-1,-1.0
26049,26139,-33134.20079415652,26527.510457431432,336.0,-1,-1,-1.0
26050,26140,24877.892522888986,-5618.930066296707,340.0,-1,-1,-1.0
26051,26141,29127.74580751192,-34073.194213154355,199.0,-1,-1,-1.0
26052,26142,36146.34841170191,-36497.1226889632,4.0,-1,21,-1.0
26053,26143,-22830.266896001027,19762.11466016522,482.0,-1,-1,-1.0
26054,26144,20651.629451093075,16187.077169206692,458.0,-1,18,-1.0
26055,26145,-31301.30718154181,-8201.702650461451,232.0,-1,41,47.0
26056,26146,24856.3951089705,-14300.93287807062,377.0,-1,45,-1.0
26057,26147,17082.68593408802,21634.430788626065,494.0,-1,-1,-1.0
26058,26148,5090.24419952152,-35635.90002690109,348.0,-1,-1,-1.0
26059,26149,19228.838178151287,-14481.812818804205,418.0,-1,-1,-1.0
26060,26150,-5491.885853279389,-20754.900671777978,87.0,-1,7,-1.0
26061,26151,25413.28974064636,3163.1818125156133,410.0,-1,-1,-1.0
26062,26152,37982.61725797386,-7260.391689051725,15.0,-1,-1,-1.0
26063,26153,-30893.221551167662,21630.663735674883,217.0,-1,-1,-1.0
26064,26154,2600.326264458956,15111.586926310449,13.0,-1,8,-1.0
26065,26155,-33478.827352051616,-26031.65545268794,347.0,-1,-1,-1.0
26066,26156,16774.795091002197,13826.892664248917,257.0,-1,-1,-1.0
26067,26157,11981.921332315724,-25093.515249751057,412.0,-1,-1,-1.0
26068,26158,19985.711356564185,-24228.8033721779,494.0,-1,-1,-1.0
26069,26159,15962.808484688852,-39355.17683118465,304.0,-1,-1,-1.0
26070,26160,-28384.19593676205,-12664.323887053912,16.0,-1,-1,-1.0
26071,26161,1611.9404854101813,17950.54456879544,2.0,-1,-1,-1.0
26072,26162,24440.16980135462,7655.343382865794,123.0,-1,-1,-1.0
26073,26163,-15335.000606599717,-20694.85730644928,272.0,-1,-1,-1.0
26074,26164,-37999.0865486868,26600.82056087267,124.0,-1,23,-1.0
26075,26165,-37897.24786388385,-5251.954308464876,392.0,-1,-1,-1.0
26076,26166,30388.151714281263,-38604.371109621774,240.0,-1,-1,-1.0
26077,26167,-12354.720643142868,33206.80486026569,394.0,-1,48,-1.0
26078,26168,9485.566904125151,-22637.601403095403,103.0,-1,-1,-1.0
26079,26169,28153.45575910856,2564.239328075513,182.0,-1,-1,-1.0
26080,26170,-34415.900565055315,29343.377072338248,73.0,-1,-1,-1.0
26081,26171,15471.988247423818,-11546.513159395014,413.0,-1,-1,-1.0
26082,26172,-38888.06395998014,6252.938542644086,91.0,-1,-1,-1.0
26083,26173,18997.733383756444,-14336.630548060915,46.0,-1,-1,-1.0
26084,26174,33836.123164886885,-33023.224016299864,476.0,-1,21,-1.0
26085,26175,432.8270374310159,33977.272038246854,0.0,-1,-1,-1.0
26086,26176,16936.502698185206,30035.70288332188,114.0,-1,-1,-1.0
26087,26177,10722.983274782462,-5368.738656594935,329.0,-1,-1,-1.0
26088,26178,-15405.292990768035,-22259.03093655692,71.0,-1,-1,-1.0
26089,26179,30619.13707321386,15989.866681830455,313.0,-1,-1,-1.0
26090,26180,18695.74480559559,-30926.957597380155,147.0,-1,-1,-1.0
26091,26181,37190.42500994998,27876.940175391544,279.0,-1,10,-1.0
26092,26182,36900.35590775298,26252.235411297093,360.0,-1,10,-1.0
26093,26183,-21164.58783086631,10343.744008261703,58.0,-1,-1,-1.0
26094,26184,9948.47505693284,-8307.60904001326,381.0,-1,13,-1.0
26095,26185,5219.120776927368,10545.621221008883,328.0,-1,-1,-1.0
26096,26186,14079.77489241164,33767.37751513027,127.0,-1,47,-1.0
26097,26187,14546.979587219756,-6751.66562838517,151.0,-1,13,-1.0
26098,26188,30477.445080722813,-27423.4753790662,130.0,-1,-1,-1.0
26099,26189,-26232.685380563315,28182.48307841248,388.0,-1,-1,-1.0
26100,26190,-1300.613502210239,35922.99801376011,136.0,-1,48,-1.0
26101,26191,-16371.207843756449,11403.63083226636,143.0,-1,-1,-1.0
26102,26192,-17712.374758470676,-19182.33872123113,429.0,-1,-1,-1.0
26103,26193,14900.409322866695,-26411.399493316487,384.0,-1,3,-1.0
26104,26194,25855.675305532557,-21457.89591006068,178.0,-1,45,-1.0
26105,26195,-22543.003304361184,-11181.41999654405,309.0,-1,-1,-1.0
26106,26196,5340.512220408302,-2999.298201334852,35.0,-1,-1,-1.0
26107,26197,35992.369708397586,6518.686889742639,78.0,-1,28,-1.0
26108,26198,23578.03914936415,13557.02607415268,329.0,-1,-1,-1.0
26109,26199,-25763.346143667943,9849.465335112223,444.0,-1,-1,-1.0
26110,26200,-26400.13904668917,1940.4569923767483,155.0,-1,41,-1.0
26111,26201,21255.07609328258,-1064.6550871225118,139.0,-1,-1,-1.0
26112,26202,36945.050276843525,-30396.92985428495,78.0,-1,-1,-1.0
26113,26203,-9498.829620862289,-3373.9906312089006,497.0,-1,-1,-1.0
26114,26204,7822.416620872602,5017.470617105682,134.0,-1,-1,-1.0
26115,26205,32193.280308538524,-15749.013572871329,65.0,-1,-1,-1.0
26116,26206,29977.575797587026,14087.32331371242,247.0,-1,-1,-1.0
26117,26207,-34190.382061440985,-39924.25017285716,466.0,-1,-1,-1.0
26118,26208,-11422.918074777845,27159.39267665865,49.0,-1,48,-1.0
26119,26209,23858.31300838832,-19607.72581153904,196.0,-1,-1,-1.0
26120,26210,-5695.569931992679,-37241.07235323607,269.0,-1,-1,-1.0
26121,26211,11901.489953718956,17399.79476237764,417.0,-1,-1,-1.0
26122,26212,28431.792909617245,25757.896657402656,143.0,-1,-1,-1.0
26123,26213,33965.759729904195,32226.05406835792,307.0,-1,-1,-1.0
26124,26214,15508.07588371542,-36545.25488407619,435.0,-1,-1,-1.0
26125,26215,-34771.51330495641,4720.902522210643,284.0,-1,-1,-1.0
26126,26216,36051.22606115468,-12118.496449966657,365.0,-1,-1,-1.0
26127,26217,29942.70500613796,36149.95206159254,302.0,-1,11,-1.0
26128,26218,-27778.214259546272,35136.8217312824,320.0,-1,-1,-1.0
26129,26219,-35464.586894312895,35725.46620398664,386.0,-1,5,-1.0
26130,26220,28990.150156483724,4061.2412695570674,432.0,-1,-1,-1.0
26131,26221,20331.81611769442,-32310.346938058432,356.0,-1,-1,-1.0
26132,26222,-6783.306874732203,-34633.49061608316,485.0,-1,-1,-1.0
26133,26223,-21230.080121746403,-17777.890449289585,26.0,-1,42,-1.0
26134,26224,-16437.454162722424,29843.91863538482,168.0,-1,-1,-1.0
26135,26225,-12287.36365957034,-35659.95112711619,439.0,-1,36,-1.0
26136,26226,36535.47568380517,-18888.257386896923,390.0,-1,-1,-1.0
26137,26227,-12660.839636936396,-16323.427787205515,130.0,-1,-1,-1.0
26138,26228,8790.809851142883,-26912.84231350344,158.0,-1,31,-1.0
26139,26229,2738.728670917728,-36752.89452835761,391.0,-1,-1,-1.0
26140,26230,-21219.86284580088,29918.543063486723,147.0,-1,48,-1.0
26141,26231,15822.706918885866,33812.47941037911,467.0,-1,-1,-1.0
26142,26232,-383.6873620937549,10233.557330272284,369.0,-1,-1,-1.0
26143,26233,-31850.258827405425,-19183.055728904284,289.0,-1,-1,-1.0
26144,26234,-35328.02551760927,23456.163109245063,469.0,-1,-1,-1.0
26145,26235,-30164.036990477205,21857.95370125163,87.0,-1,-1,-1.0
26146,26236,-20857.18087810756,-31316.423792131234,311.0,-1,-1,-1.0
26147,26237,-33157.70416288296,11606.009631719142,314.0,-1,24,-1.0
26148,26238,39910.36307118613,-1446.1049979652526,133.0,-1,-1,-1.0
26149,26239,-6595.504132242895,4192.098088809187,15.0,-1,-1,-1.0
26150,26240,24146.04538901431,-7186.360820146991,225.0,-1,-1,-1.0
26151,26241,14510.216761280222,35655.79662908547,211.0,-1,-1,-1.0
26152,26242,-1240.7295627536005,-30829.504664272303,113.0,-1,-1,-1.0
26153,26243,19139.501312216053,25666.83089901404,403.0,-1,18,-1.0
26154,26244,-27976.5946491863,-3914.173425733119,404.0,-1,41,47.0
26155,26245,25265.90353476994,-4732.755255779441,378.0,-1,-1,-1.0
26156,26246,-26309.798577519105,-23500.163719154836,306.0,-1,-1,-1.0
26157,26247,-20661.101169154863,-8715.250354658216,61.0,-1,-1,-1.0
26158,26248,-11099.16540662766,38626.87288437504,291.0,-1,48,-1.0
26159,26249,28405.619390078064,-9301.863732977885,45.0,-1,-1,-1.0
26160,26250,16814.10136422096,-12059.594639784433,267.0,-1,-1,-1.0
26161,26251,-20134.51665680757,21175.73075186219,47.0,-1,-1,-1.0
26162,26252,-6936.762656758678,-22071.962365433366,425.0,-1,-1,-1.0
26163,26253,34503.7846079202,-23410.1548652729,163.0,-1,-1,-1.0
26164,26254,5255.902616201944,-28629.61435362151,210.0,-1,-1,-1.0
26165,26255,31841.76975925034,27357.6733056104,330.0,-1,-1,-1.0
26166,26256,-24698.93793685137,4823.332201844365,120.0,-1,-1,-1.0
26167,26257,-35102.46608159244,-4641.856427770756,345.0,-1,-1,-1.0
26168,26258,-2127.183174271886,5388.280121010561,258.0,-1,27,-1.0
26169,26259,19607.65301939712,-33339.14031819929,230.0,-1,-1,-1.0
26170,26260,-17797.08900129844,-19574.657076901876,363.0,-1,-1,-1.0
26171,26261,-25853.90460385735,-10583.682733193578,319.0,-1,-1,-1.0
26172,26262,-35623.02572210856,10398.348159684196,142.0,-1,24,-1.0
26173,26263,38665.318414010544,-29888.912135664123,156.0,-1,-1,-1.0
26174,26264,13667.634109489198,-11961.538592110415,97.0,-1,-1,-1.0
26175,26265,33859.07160941925,-16980.443956017374,121.0,-1,-1,-1.0
26176,26266,16933.453487676037,37436.23494203463,371.0,-1,-1,-1.0
26177,26267,6115.030543435794,-26258.190817058334,91.0,-1,31,-1.0
26178,26268,35959.19140529196,12208.764124414323,320.0,-1,28,-1.0
26179,26269,16731.067993375138,27517.739154918803,346.0,-1,9,-1.0
26180,26270,-32557.70402404701,-32743.722293532428,102.0,-1,-1,-1.0
26181,26271,-12972.652658788178,15749.738515577366,316.0,-1,-1,-1.0
26182,26272,18177.655402362907,-6361.626870914486,12.0,-1,-1,-1.0
26183,26273,-22711.1778329732,303.1403529670206,7.0,-1,-1,-1.0
26184,26274,29577.90926387448,38916.67114790212,338.0,-1,-1,-1.0
26185,26275,35518.60234470066,-26202.53624452598,373.0,-1,45,-1.0
26186,26276,14792.321079795176,35560.14200930299,60.0,-1,-1,-1.0
26187,26277,-32748.31285596463,-1000.6789853265072,383.0,-1,-1,-1.0
26188,26278,36454.30176394801,38138.78871076637,331.0,-1,-1,-1.0
26189,26279,-7438.648663516458,23174.788773922,423.0,-1,-1,-1.0
26190,26280,20018.49828915381,-30477.75248764684,185.0,-1,-1,-1.0
26191,26281,-27250.237166646984,-36274.37128783774,267.0,-1,-1,-1.0
26192,26282,-20501.126305199174,34745.35853602071,19.0,-1,-1,-1.0
26193,26283,-26123.36569070063,6690.313949430398,306.0,-1,-1,-1.0
26194,26284,35248.474548292594,-13367.43260534705,463.0,-1,-1,-1.0
26195,26285,8120.424529279138,-14015.739352655564,347.0,-1,-1,-1.0
26196,26286,-21758.943793598693,35617.26291234692,370.0,-1,-1,-1.0
26197,26287,32445.887818589923,-33504.46729019114,164.0,-1,-1,-1.0
26198,26288,-3435.1625210401107,-6735.241703752967,21.0,-1,-1,-1.0
26199,26289,-9126.213215612494,-11234.900420324617,58.0,-1,31,-1.0
26200,26290,22194.823039903567,-6570.2074749237145,24.0,-1,-1,-1.0
26201,26291,-2084.2387773705195,5243.207332892402,450.0,-1,-1,-1.0
26202,26292,-15205.81263300958,28864.62813555094,468.0,-1,-1,-1.0
26203,26293,-3058.924035764503,-10908.001954585963,232.0,-1,31,-1.0
26204,26294,-10765.430401490868,3151.091409386346,311.0,-1,-1,-1.0
26205,26295,22429.863368681174,34413.12473451451,129.0,-1,30,-1.0
26206,26296,-14019.113253619827,-20504.84302661336,127.0,-1,-1,-1.0
26207,26297,-27068.821698339907,-1542.5881455145864,295.0,-1,41,-1.0
26208,26298,21989.767452180982,-6907.959811283712,437.0,-1,-1,-1.0
26209,26299,11279.060630477064,28827.55265409837,480.0,-1,-1,-1.0
26210,26300,38893.19159988903,18295.73029346253,375.0,-1,-1,-1.0
26211,26301,16132.069534587252,24546.869100021453,414.0,-1,9,-1.0
26212,26302,6005.119818687461,-8495.485739203225,455.0,-1,31,-1.0
26213,26303,-31874.247047837867,-19648.22654851933,110.0,-1,-1,-1.0
26214,26304,-36659.45530882987,-12023.380782576724,447.0,-1,32,38.0
26215,26305,-29518.67232834382,18843.070277004976,198.0,-1,-1,-1.0
26216,26306,-30297.62635746884,-5213.044168717672,443.0,-1,41,-1.0
26217,26307,26843.973485293,12416.858727454222,312.0,-1,15,-1.0
26218,26308,32599.485670191847,8309.515201259666,210.0,-1,-1,-1.0
26219,26309,-18029.071397323867,-36832.24015931573,289.0,-1,-1,-1.0
26220,26310,36374.6745352399,-24518.631078089515,461.0,-1,-1,-1.0
26221,26311,29477.38028944749,-17857.887738429305,113.0,-1,-1,-1.0
26222,26312,-28536.180138431133,24600.77086400606,155.0,-1,48,-1.0
26223,26313,22549.04761165302,-35765.60854336658,13.0,-1,-1,-1.0
26224,26314,34365.26927152531,17029.260035799933,466.0,-1,28,-1.0
26225,26315,16860.85520782601,-18222.17802403625,491.0,-1,-1,-1.0
26226,26316,14374.93079382216,-25891.534918833888,470.0,-1,3,-1.0
26227,26317,-24049.25792704481,-6042.2292869910525,372.0,-1,-1,-1.0
26228,26318,33748.23090928499,24129.630259576115,274.0,-1,-1,-1.0
26229,26319,-24661.32369240244,1468.4566944516264,490.0,-1,-1,-1.0
26230,26320,-14712.46663273625,9401.02568055396,228.0,-1,-1,-1.0
26231,26321,-25153.08822033728,18893.67513784964,234.0,-1,37,-1.0
26232,26322,-35477.301180221955,-1954.7927370856924,478.0,-1,-1,-1.0
26233,26323,27153.033652141647,13853.751114261977,345.0,-1,-1,-1.0
26234,26324,36277.03052135327,19107.463577744587,340.0,-1,28,32.0
26235,26325,-23761.31520680515,-28955.120040523336,256.0,-1,-1,-1.0
26236,26326,24250.28783346527,7591.771930355717,159.0,-1,-1,-1.0
26237,26327,15438.77652415554,10092.816497710452,216.0,-1,-1,-1.0
26238,26328,33487.315369268035,15006.00808595772,295.0,-1,-1,-1.0
26239,26329,-14459.801761943698,14072.16085057611,365.0,-1,-1,-1.0
26240,26330,-21666.030907222677,-7919.22502599606,377.0,-1,-1,-1.0
26241,26331,-37530.56853487736,-1790.462196750428,401.0,-1,-1,-1.0
26242,26332,-3222.8179507690656,-8716.972115698783,115.0,-1,31,36.0
26243,26333,-36313.44929694731,15715.02663210743,481.0,-1,24,-1.0
26244,26334,-27951.873937598157,5742.889472591924,202.0,-1,-1,-1.0
26245,26335,-22761.08964314748,9370.996227402866,99.0,-1,-1,-1.0
26246,26336,-32418.91652009201,-3080.235617498241,147.0,-1,-1,-1.0
26247,26337,-30080.943195139884,32993.076346305694,37.0,-1,6,-1.0
26248,26338,34053.75457807309,-24453.38141838499,48.0,-1,45,-1.0
26249,26339,12507.267941413387,-36697.39165376516,309.0,-1,4,-1.0
26250,26340,-6644.418412256928,28063.27294227667,25.0,-1,48,56.0
26251,26341,-24459.376829402776,-27632.016407267707,38.0,-1,38,-1.0
26252,26342,-19631.7427204007,-4962.058474484882,486.0,-1,-1,-1.0
26253,26343,15126.867550363022,-13049.17944384292,225.0,-1,-1,-1.0
26254,26344,-364.1982168642862,39963.1550206206,115.0,-1,-1,-1.0
26255,26345,38459.378084496304,37480.47233043696,133.0,-1,-1,-1.0
26256,26346,20155.587473944324,-38875.91748675385,329.0,-1,-1,-1.0
26257,26347,32039.134722509843,-27416.89649677048,182.0,-1,-1,-1.0
26258,26348,-31693.441652718226,31930.456942344,112.0,-1,6,-1.0
26259,26349,34831.57774237801,12373.514184071406,379.0,-1,28,-1.0
26260,26350,-10099.804046310892,28303.47602214717,326.0,-1,-1,-1.0
26261,26351,39657.17319983913,5800.987765634614,496.0,-1,-1,-1.0
26262,26352,-26111.40302254771,6332.4930071461495,71.0,-1,-1,-1.0
26263,26353,-24410.25904373034,39957.41720856192,275.0,-1,-1,-1.0
26264,26354,-26818.33378787228,22665.92260252108,17.0,-1,-1,-1.0
26265,26355,-3249.5070104126426,28538.080995044147,43.0,-1,-1,-1.0
26266,26356,9571.851632870312,5959.806039690186,488.0,-1,2,-1.0
26267,26357,-23183.822982409027,-35456.99778843516,57.0,-1,-1,-1.0
26268,26358,-36833.56086023458,39015.612236448986,438.0,-1,5,-1.0
26269,26359,7981.158916634435,26889.92536985385,167.0,-1,-1,-1.0
26270,26360,27337.978245328675,10953.112484619249,61.0,-1,15,-1.0
26271,26361,5410.386820012704,-28875.563194182047,432.0,-1,-1,-1.0
26272,26362,-15344.408049465796,-32142.286654580526,0.0,-1,36,-1.0
26273,26363,39861.93751456904,15054.29854190749,405.0,-1,-1,-1.0
26274,26364,-36610.93585102783,-38661.11516328048,368.0,-1,-1,-1.0
26275,26365,592.7343108242421,5840.367970544743,370.0,-1,27,-1.0
26276,26366,5757.522536322838,-30069.078811730564,233.0,-1,-1,-1.0
26277,26367,-10685.82305154502,-33476.64069605246,35.0,-1,-1,-1.0
26278,26368,39067.97997257263,34044.67368816544,7.0,-1,10,-1.0
26279,26369,-15339.116104374947,19510.73730165162,377.0,-1,-1,-1.0
26280,26370,19368.852614517884,28538.88956963252,477.0,-1,30,-1.0
26281,26371,19401.37192272378,2270.252420420948,375.0,-1,-1,-1.0
26282,26372,10866.41241308338,25576.66307732569,233.0,-1,-1,-1.0
26283,26373,14416.683664441334,-14876.773550862164,290.0,-1,-1,-1.0
26284,26374,12516.747989971082,-6486.222476707015,97.0,-1,13,-1.0
26285,26375,32181.07894318551,12059.647194704005,479.0,-1,-1,-1.0
26286,26376,8984.658654737053,20483.47272970801,0.0,-1,-1,-1.0
26287,26377,12735.061670197783,-26808.061113338787,35.0,-1,3,-1.0
26288,26378,-205.68984814585565,-38639.04300915606,249.0,-1,-1,-1.0
26289,26379,25140.92923653717,-17144.16637079653,311.0,-1,-1,-1.0
26290,26380,-295.92536009627656,-27860.275523317392,279.0,-1,25,-1.0
26291,26381,-24919.44044923959,-12690.406237383935,496.0,-1,-1,-1.0
26292,26382,8182.583185723379,-11875.506031794715,280.0,-1,-1,-1.0
26293,26383,-13779.854596332432,-32240.61850209254,424.0,-1,36,-1.0
26294,26384,17913.643827706044,29286.889358517103,120.0,-1,-1,-1.0
26295,26385,8709.457717790807,-25975.051784163883,109.0,-1,31,-1.0
26296,26386,-8238.380704848492,-15279.473016750078,18.0,-1,-1,-1.0
26297,26387,-17439.56405981951,-36543.06310614996,264.0,-1,-1,-1.0
26298,26388,29167.7304151203,-7737.803221065336,113.0,-1,-1,-1.0
26299,26389,31993.00939447168,-11025.28468231413,144.0,-1,-1,-1.0
26300,26390,1109.5598970960928,14988.994067129095,90.0,-1,-1,-1.0
26301,26391,3592.0907386763797,-16149.803767471449,186.0,-1,31,-1.0
26302,26392,37225.3275620552,-10005.609731112992,153.0,-1,-1,-1.0
26303,26393,-14397.411710816446,7990.677766541143,66.0,-1,-1,-1.0
26304,26394,17614.252230835016,-27811.991554612705,82.0,-1,3,-1.0
26305,26395,25005.247975017854,11815.601659905393,373.0,-1,-1,-1.0
26306,26396,4727.825032746849,-34397.1217440466,342.0,-1,1,-1.0
26307,26397,-17052.03374541347,2273.038928191687,160.0,-1,-1,-1.0
26308,26398,-16394.52129483856,-2522.285127559109,302.0,-1,-1,-1.0
26309,26399,33961.784362835155,-6801.36058286448,426.0,-1,-1,-1.0
26310,26400,350.80038091903407,-14300.790861612844,463.0,-1,31,-1.0
26311,26401,22798.78172127516,28409.14736823947,118.0,-1,-1,-1.0
26312,26402,20141.550223002945,-31059.33927500213,192.0,-1,-1,-1.0
26313,26403,29481.462223083887,-9735.197583024052,136.0,-1,-1,-1.0
26314,26404,-25843.59398382988,-2067.129815259126,328.0,-1,41,-1.0
26315,26405,-24907.80448714868,-28435.9387724443,479.0,-1,38,-1.0
26316,26406,-13523.964698401503,-20236.72325511112,418.0,-1,-1,-1.0
26317,26407,-7210.62954007824,17280.03693882293,219.0,-1,-1,-1.0
26318,26408,-39646.74150978737,-26746.23460239469,195.0,-1,-1,-1.0
26319,26409,-36057.97516181971,25119.39517071752,378.0,-1,-1,-1.0
26320,26410,14275.93420090452,-31320.860218632064,410.0,-1,-1,-1.0
26321,26411,-19846.63289399096,4444.401372669854,128.0,-1,-1,-1.0
26322,26412,-15528.587424198016,-38040.22910307594,158.0,-1,-1,-1.0
26323,26413,-29836.47920541549,23275.62315812041,160.0,-1,-1,-1.0
26324,26414,13203.785008413986,-38376.819158906736,263.0,-1,4,-1.0
26325,26415,22308.112199537507,-9288.708964103404,227.0,-1,-1,-1.0
26326,26416,-7215.604025870787,-19687.11656588208,164.0,-1,-1,-1.0
26327,26417,38125.14096967754,14945.957477844167,223.0,-1,-1,-1.0
26328,26418,-3225.5676209714075,-20324.30684176707,202.0,-1,-1,-1.0
26329,26419,-9410.970075470375,13881.228447329457,112.0,-1,27,-1.0
26330,26420,-28684.223553205204,7337.507556502453,233.0,-1,-1,-1.0
26331,26421,-3303.5835195003674,10338.820262699432,30.0,-1,-1,-1.0
26332,26422,12042.987271466469,-6388.549012203599,123.0,-1,-1,-1.0
26333,26423,30957.27530362124,11265.847639783184,125.0,-1,-1,-1.0
26334,26424,15994.033056105924,-30287.518145935966,452.0,-1,-1,-1.0
26335,26425,20289.084289780687,10375.249529963774,473.0,-1,16,-1.0
26336,26426,-3022.258960158288,-29521.55253524115,494.0,-1,-1,-1.0
26337,26427,19479.499766896915,-35235.58507545205,62.0,-1,-1,-1.0
26338,26428,34642.511451749684,-8082.124212029012,34.0,-1,33,-1.0
26339,26429,6382.881989870468,-11710.977741063563,346.0,-1,-1,-1.0
26340,26430,-22505.61595831344,-36793.6817343564,212.0,-1,12,-1.0
26341,26431,23856.012386698087,19435.81701370355,430.0,-1,-1,-1.0
26342,26432,-38470.21843426919,24428.583207307456,432.0,-1,-1,-1.0
26343,26433,-17773.333447675937,-13140.59693426235,87.0,-1,42,-1.0
26344,26434,-37197.121825833616,-23067.06507176722,140.0,-1,0,-1.0
26345,26435,-23582.577363046537,-33797.63382059857,212.0,-1,12,-1.0
26346,26436,8290.566260224514,-22172.873347841887,444.0,-1,-1,-1.0
26347,26437,37120.78901783729,-24671.967793682565,87.0,-1,-1,-1.0
26348,26438,36390.53517487679,17935.51348416847,241.0,-1,28,-1.0
26349,26439,33526.569003092576,29864.77941056194,331.0,-1,10,-1.0
26350,26440,2517.2182089523703,17955.864835195927,479.0,-1,-1,-1.0
26351,26441,-2915.653928750268,-12377.418657196558,8.0,-1,-1,-1.0
26352,26442,37134.28211763405,-12258.47315830288,167.0,-1,-1,-1.0
26353,26443,23315.318241690467,-1190.782430266583,103.0,-1,-1,-1.0
26354,26444,2029.8268635662023,9329.008667398795,305.0,-1,27,-1.0
26355,26445,25788.73119979353,17443.757651466898,58.0,-1,-1,-1.0
26356,26446,24220.87319274222,37450.02239106907,441.0,-1,30,-1.0
26357,26447,8024.053714126421,-35029.65603788471,357.0,-1,1,-1.0
26358,26448,-32929.43857788369,32013.08910186836,444.0,-1,6,-1.0
26359,26449,-26558.428080062196,-14856.789124070816,216.0,-1,-1,-1.0
26360,26450,-5109.456920052537,35953.52266367484,82.0,-1,48,-1.0
26361,26451,-39664.56883539149,30643.612571382386,234.0,-1,-1,-1.0
26362,26452,14374.583293798843,17922.961473881653,270.0,-1,-1,-1.0
26363,26453,-23025.166734135488,39370.82995523831,337.0,-1,-1,-1.0
26364,26454,549.3849974311379,-9099.297705093815,110.0,-1,31,36.0
26365,26455,28342.33045130044,21644.726274625697,201.0,-1,-1,-1.0
26366,26456,-39926.72165427337,10414.44697942226,293.0,-1,-1,-1.0
26367,26457,-12418.214974863831,357.54162850205466,445.0,-1,-1,-1.0
26368,26458,16503.783874445493,-18909.83162417981,98.0,-1,-1,-1.0
26369,26459,-16476.57811057739,-29936.81804285175,348.0,-1,36,-1.0
26370,26460,16860.900211980406,294.0425892443236,406.0,-1,-1,-1.0
26371,26461,-33733.4607742679,-15350.953385445464,117.0,-1,-1,-1.0
26372,26462,-21705.643796287823,28321.702621591045,51.0,-1,-1,-1.0
26373,26463,-6306.671922826128,-5055.751278718548,182.0,-1,-1,-1.0
26374,26464,-4480.65477178619,-20181.58146675409,181.0,-1,7,-1.0
26375,26465,-33497.64839406795,16087.854885647896,343.0,-1,24,-1.0
26376,26466,-8873.424299261493,23224.1427199439,492.0,-1,-1,-1.0
26377,26467,31563.63011370032,-22926.1659964532,471.0,-1,45,-1.0
26378,26468,-10575.513150081068,39952.53676116337,375.0,-1,-1,-1.0
26379,26469,-37600.078517039554,-19745.133765790182,134.0,-1,0,-1.0
26380,26470,-33124.60616135539,30714.37758792845,423.0,-1,6,-1.0
26381,26471,-22661.383990319733,9844.741658647392,435.0,-1,40,-1.0
26382,26472,36062.404394550176,26969.197452413195,416.0,-1,10,-1.0
26383,26473,2466.4289058199283,31517.094166683702,367.0,-1,-1,-1.0
26384,26474,24486.7189343498,-29659.7674864337,477.0,-1,-1,-1.0
26385,26475,28665.137371332195,1461.457910943951,281.0,-1,-1,-1.0
26386,26476,17961.878517210447,-29928.83820203772,95.0,-1,3,-1.0
26387,26477,-33075.8462514959,5846.671142509571,326.0,-1,-1,-1.0
26388,26478,-16655.193616638782,25698.49944291248,452.0,-1,-1,-1.0
26389,26479,21204.156568739963,-3355.096999436806,23.0,-1,-1,-1.0
26390,26480,8715.532390671498,15706.36278335069,28.0,-1,-1,-1.0
26391,26481,16032.286075317576,3859.0395806742818,74.0,-1,2,-1.0
26392,26482,18044.367736072512,-8380.154005721972,498.0,-1,-1,-1.0
26393,26483,-29055.52537170479,6312.868048731645,464.0,-1,-1,-1.0
26394,26484,33475.29600265053,18241.435022252317,211.0,-1,-1,-1.0
26395,26485,18277.95476029352,-25050.635680272244,358.0,-1,-1,-1.0
26396,26486,11239.106692169546,10587.375347328678,239.0,-1,-1,-1.0
26397,26487,-10170.55337669154,-14439.310170149442,215.0,-1,31,-1.0
26398,26488,-34592.814902991995,1413.8744261934553,250.0,-1,-1,-1.0
26399,26489,39492.85636236551,19508.768640486986,274.0,-1,28,-1.0
26400,26490,16034.13236849301,-28920.365729348727,122.0,-1,3,-1.0
26401,26491,1956.6819898410977,-20593.103354669085,494.0,-1,31,-1.0
26402,26492,-11485.962078844284,-15818.96456924146,210.0,-1,31,-1.0
26403,26493,-12525.663595487942,3995.568656971133,479.0,-1,-1,-1.0
26404,26494,-3551.076218666524,4857.536290091208,144.0,-1,27,-1.0
26405,26495,11393.927285857972,-21410.571070653976,468.0,-1,-1,-1.0
26406,26496,-13230.424843016512,-12682.734992835343,444.0,-1,-1,-1.0
26407,26497,-14243.74334715532,11957.32325828947,414.0,-1,-1,-1.0
26408,26498,-1837.697178745926,-4010.7987765054713,269.0,-1,-1,-1.0
26409,26499,31657.727211550024,7735.57313133555,37.0,-1,-1,-1.0
26410,26500,-12909.413227574403,-26203.08434766388,184.0,-1,-1,-1.0
26411,26501,-10166.397332213137,8531.435740534253,423.0,-1,27,-1.0
26412,26502,8114.941750607613,-16424.117415349145,367.0,-1,-1,-1.0
26413,26503,-12448.410958867891,13157.59944732816,17.0,-1,-1,-1.0
26414,26504,-28486.40457710867,21625.74901457609,226.0,-1,-1,-1.0
26415,26505,26631.16581282823,16599.695913318,427.0,-1,-1,-1.0
26416,26506,-5851.228544614576,-33150.43737100259,294.0,-1,35,-1.0
26417,26507,-6037.493515151225,23186.7446414448,156.0,-1,-1,-1.0
26418,26508,-3025.66796115302,-17066.52023766301,339.0,-1,31,35.0
26419,26509,-33192.24358152434,16998.56524428627,257.0,-1,-1,-1.0
26420,26510,-7286.157115239177,28104.50425886104,254.0,-1,48,-1.0
26421,26511,13436.289996291613,36660.96901559852,307.0,-1,-1,-1.0
26422,26512,-9933.775511173895,27837.93027151894,263.0,-1,-1,-1.0
26423,26513,16201.73600682758,-35621.49242186518,259.0,-1,-1,-1.0
26424,26514,778.3473593563976,-1912.6642221239529,234.0,-1,-1,-1.0
26425,26515,-28543.64231514814,28420.64631972329,121.0,-1,-1,-1.0
26426,26516,-5671.487102288418,-16020.13705981916,476.0,-1,-1,-1.0
26427,26517,-6697.068957990225,6895.971534572796,360.0,-1,-1,-1.0
26428,26518,-21685.323252574788,-5419.999124871101,416.0,-1,-1,-1.0
26429,26519,12668.226763983002,-8725.288841828755,310.0,-1,-1,-1.0
26430,26520,6533.031222178091,-23836.67132859785,103.0,-1,31,-1.0
26431,26521,19864.658287889404,-34013.59626960572,299.0,-1,-1,-1.0
26432,26522,31191.07262584864,18030.16203672123,18.0,-1,-1,-1.0
26433,26523,-12740.993041107708,1212.049048366447,198.0,-1,-1,-1.0
26434,26524,38908.509786849245,2720.834250586209,173.0,-1,28,-1.0
26435,26525,-26302.04319245985,-4516.806614649533,337.0,-1,-1,-1.0
26436,26526,-36023.96443422336,17157.70052824087,301.0,-1,-1,-1.0
26437,26527,-16538.269886896658,7091.681372309526,194.0,-1,-1,-1.0
26438,26528,-21065.0643887681,12307.20372279019,481.0,-1,-1,-1.0
26439,26529,-22530.177836603347,17192.081413504813,26.0,-1,-1,-1.0
26440,26530,-1694.702330565946,24695.566378357653,473.0,-1,-1,-1.0
26441,26531,-5553.455079987703,-27520.17683355285,19.0,-1,25,-1.0
26442,26532,-4297.726041417438,12849.53246859563,33.0,-1,-1,-1.0
26443,26533,20188.930785297627,29389.877943030224,275.0,-1,30,-1.0
26444,26534,-31160.10407796911,-28516.16908103149,353.0,-1,34,-1.0
26445,26535,2747.484196139143,16745.996428374747,112.0,-1,-1,-1.0
26446,26536,-5758.931994148203,31700.35200930426,9.0,-1,-1,-1.0
26447,26537,52.54957792360074,9981.190716574682,499.0,-1,-1,-1.0
26448,26538,-27109.934911248547,9441.162048114384,381.0,-1,-1,-1.0
26449,26539,-5742.378085169585,37518.52827895108,25.0,-1,-1,-1.0
26450,26540,-6946.234843879167,13136.179370328202,64.0,-1,27,-1.0
26451,26541,35561.858338006656,-26553.94929221577,426.0,-1,45,51.0
26452,26542,25850.47396179178,20416.60580841142,319.0,-1,18,-1.0
26453,26543,-15711.234063703128,-13712.170313876042,291.0,-1,-1,-1.0
26454,26544,-6962.4738801739295,12541.382042435238,328.0,-1,-1,-1.0
26455,26545,-23153.095061714102,12002.089071093273,222.0,-1,-1,-1.0
26456,26546,-11769.447194642044,11121.251653674532,276.0,-1,-1,-1.0
26457,26547,-23542.68730736529,2922.0113431433856,478.0,-1,-1,-1.0
26458,26548,15120.053058237829,-13603.8316812989,442.0,-1,-1,-1.0
26459,26549,-18899.21302175888,28612.86617330638,320.0,-1,48,-1.0
26460,26550,37761.499603595614,14210.31021007381,469.0,-1,-1,-1.0
26461,26551,-16196.450928797716,-23020.542875825988,49.0,-1,-1,-1.0
26462,26552,37293.664754584,-18933.719458021034,238.0,-1,-1,-1.0
26463,26553,-5589.569612269457,9515.107792122632,409.0,-1,-1,-1.0
26464,26554,-4700.606016133985,-5918.450151951874,192.0,-1,-1,-1.0
26465,26555,-18959.957003791016,-5031.056468267438,275.0,-1,-1,-1.0
26466,26556,2951.395698118082,-9066.341748809413,299.0,-1,-1,-1.0
26467,26557,-15506.172498042872,-17094.948459985135,158.0,-1,31,-1.0
26468,26558,39732.81847482364,279.66100011100934,241.0,-1,-1,-1.0
26469,26559,12646.01371488579,-32946.62245394977,366.0,-1,-1,-1.0
26470,26560,-11065.072184803892,-6373.847850344115,245.0,-1,-1,-1.0
26471,26561,-2557.160745542744,24682.289397558205,444.0,-1,-1,-1.0
26472,26562,37332.21925381603,16369.080504700229,31.0,-1,-1,-1.0
26473,26563,-6802.44657593286,-15596.825766504986,132.0,-1,-1,-1.0
26474,26564,-16892.368734394586,-25211.389897381872,392.0,-1,36,-1.0
26475,26565,-23843.161693542133,-21138.199441624693,287.0,-1,-1,-1.0
26476,26566,-7101.698373168387,24138.10223953204,76.0,-1,-1,-1.0
26477,26567,4566.081058200121,11138.64611708757,95.0,-1,-1,-1.0
26478,26568,-2631.0885304986587,-23037.93286003416,109.0,-1,-1,-1.0
26479,26569,-22105.71528366732,-17590.192361910234,297.0,-1,-1,-1.0
26480,26570,-38047.63251816227,-17826.061415622644,172.0,-1,0,-1.0
26481,26571,-26285.32415032701,11999.264794742136,36.0,-1,-1,-1.0
26482,26572,-20325.993212913705,21602.840452830307,415.0,-1,-1,-1.0
26483,26573,22424.995149778348,-30538.860649299844,289.0,-1,-1,-1.0
26484,26574,18331.00536869822,-28479.178791350478,116.0,-1,3,-1.0
26485,26575,-37081.41555679667,25976.530724439697,114.0,-1,23,-1.0
26486,26576,11157.096594932103,-23732.612948929356,456.0,-1,-1,-1.0
26487,26577,20799.55152313113,30729.127894891677,123.0,-1,30,-1.0
26488,26578,-14378.765095536404,3631.460197934845,467.0,-1,-1,-1.0
26489,26579,21914.968194493005,35952.0717544887,288.0,-1,30,-1.0
26490,26580,10573.183273289616,-23840.96363941775,188.0,-1,-1,-1.0
26491,26581,-9228.074015958233,30043.407781860195,435.0,-1,-1,-1.0
26492,26582,12427.233651156086,34344.449981548765,449.0,-1,-1,-1.0
26493,26583,5357.831844703665,12901.159194559455,116.0,-1,-1,-1.0
26494,26584,10491.34486728497,27292.32561713383,177.0,-1,-1,-1.0
26495,26585,32983.72951581444,-25883.10371168897,229.0,-1,-1,-1.0
26496,26586,-28421.07531383627,9805.60857454587,169.0,-1,-1,-1.0
26497,26587,-8364.1566164807,26188.791145357405,318.0,-1,48,-1.0
26498,26588,36865.832782130965,-34461.758902565365,135.0,-1,-1,-1.0
26499,26589,30144.813746330547,20053.23670604723,438.0,-1,28,-1.0
26500,26590,22734.3592041714,27405.185660286137,263.0,-1,-1,-1.0
26501,26591,6234.277325493378,-22362.2817928577,190.0,-1,-1,-1.0
26502,26592,-26048.53013003312,23366.08672222162,117.0,-1,-1,-1.0
26503,26593,20544.65158312358,-8667.45259352566,182.0,-1,44,-1.0
26504,26594,18384.22284062052,19712.303683567407,112.0,-1,18,-1.0
26505,26595,-31716.25718817441,35628.748221589456,44.0,-1,-1,-1.0
26506,26596,3465.2931137349733,-17700.205581492082,388.0,-1,31,-1.0
26507,26597,34466.45463521492,-18307.83251302936,18.0,-1,-1,-1.0
26508,26598,15611.567118663375,-24868.55635174898,289.0,-1,-1,-1.0
26509,26599,16718.530305693334,61.5278532095399,324.0,-1,-1,-1.0
26510,26600,-16636.97552791464,-31651.3604551002,86.0,-1,36,-1.0
26511,26601,33563.560184269925,29629.929341074807,469.0,-1,10,-1.0
26512,26602,-13944.258574322728,23625.548817835777,133.0,-1,48,60.0
26513,26603,-25930.592026749862,28390.92717149052,15.0,-1,-1,-1.0
26514,26604,-4757.773936919199,-31374.43047653795,27.0,-1,-1,-1.0
26515,26605,-7457.597518449769,30199.773180375167,403.0,-1,-1,-1.0
26516,26606,18752.75552514073,-9052.404700947283,155.0,-1,-1,-1.0
26517,26607,-22309.57589516155,27015.572337434103,443.0,-1,48,-1.0
26518,26608,-12291.49046829365,37103.38276789327,454.0,-1,48,-1.0
26519,26609,-36090.56006539599,-12353.87407168126,299.0,-1,32,38.0
26520,26610,36563.48850945624,1581.6802580082513,496.0,-1,28,-1.0
26521,26611,-29168.993224993188,17883.04466078758,341.0,-1,40,-1.0
26522,26612,25386.878220411527,-26778.021831610968,18.0,-1,-1,-1.0
26523,26613,-4362.525966781352,27782.03978353759,183.0,-1,48,-1.0
26524,26614,38792.05821618326,24690.041980974005,34.0,-1,-1,-1.0
26525,26615,-25582.87342020427,11578.955641919412,66.0,-1,-1,-1.0
26526,26616,39245.67529017772,-24487.906722550342,402.0,-1,-1,-1.0
26527,26617,34308.83960536598,2214.837265688373,131.0,-1,-1,-1.0
26528,26618,13669.584751995457,35482.142397105155,235.0,-1,-1,-1.0
26529,26619,-8128.747988900803,-12292.76702938569,31.0,-1,-1,-1.0
26530,26620,-17854.973878750196,-2531.553538226304,87.0,-1,43,-1.0
26531,26621,29213.939888006546,-33742.626615204106,249.0,-1,-1,-1.0
26532,26622,36892.98469823615,-23319.38151929908,374.0,-1,-1,-1.0
26533,26623,-35095.86451870476,17238.809875073035,304.0,-1,-1,-1.0
26534,26624,36937.67887186237,17086.68111216384,154.0,-1,28,-1.0
26535,26625,35609.97453066787,-34150.385071112934,414.0,-1,21,-1.0
26536,26626,-9902.474469714332,-9259.412039416413,301.0,-1,31,-1.0
26537,26627,-1366.4063410263552,-27230.48032925449,99.0,-1,-1,-1.0
26538,26628,-16589.75874252235,-12045.745064239063,472.0,-1,-1,-1.0
26539,26629,8179.811403566586,36054.74715242298,174.0,-1,-1,-1.0
26540,26630,-103.26941043057012,20494.87198091408,421.0,-1,46,-1.0
26541,26631,-23113.815491603636,8001.770349150589,3.0,-1,-1,-1.0
26542,26632,-7871.753058013215,23427.406050389072,413.0,-1,-1,-1.0
26543,26633,33029.325621739525,-10798.53551150925,388.0,-1,-1,-1.0
26544,26634,-35175.982603084354,-13660.892762354564,371.0,-1,32,38.0
26545,26635,9453.127927262052,-9021.721987090788,247.0,-1,-1,-1.0
26546,26636,31798.479312232917,-5799.173037836379,304.0,-1,-1,-1.0
26547,26637,29567.308917322796,24288.937245603254,183.0,-1,-1,-1.0
26548,26638,20169.0411421245,31928.59567813136,72.0,-1,30,-1.0
26549,26639,-28839.78476991617,-13030.58207684166,162.0,-1,-1,-1.0
26550,26640,-28986.545242951048,-8977.259539407729,99.0,-1,-1,-1.0
26551,26641,39476.05653794578,2444.5474815269263,42.0,-1,-1,-1.0
26552,26642,22182.379918705352,-37003.501963947885,234.0,-1,-1,-1.0
26553,26643,37253.45164232799,4403.900398859252,398.0,-1,28,32.0
26554,26644,7836.149385011078,-14056.857805783084,361.0,-1,-1,-1.0
26555,26645,-12999.91241319205,35971.17257535229,452.0,-1,-1,-1.0
26556,26646,9167.564904793857,-8117.329107809957,404.0,-1,-1,-1.0
26557,26647,13918.098608122164,-24976.2628197718,211.0,-1,-1,-1.0
26558,26648,10580.226583917189,-27458.652064013382,188.0,-1,-1,-1.0
26559,26649,9525.710321495244,-39591.943835011625,238.0,-1,-1,-1.0
26560,26650,25094.860643247117,-6071.5143048807295,212.0,-1,-1,-1.0
26561,26651,-8698.755123368115,17795.621531318648,196.0,-1,-1,-1.0
26562,26652,24727.945940125137,-9198.673075104412,165.0,-1,-1,-1.0
26563,26653,-35402.0970125194,-17041.247358445045,69.0,-1,-1,-1.0
26564,26654,24478.403231737477,-25182.099583819858,259.0,-1,-1,-1.0
26565,26655,-22175.83448074042,-32340.54084299349,96.0,-1,-1,-1.0
26566,26656,16096.193056832548,-24243.22078788868,400.0,-1,-1,-1.0
26567,26657,-32775.84875289578,-8428.99634351056,380.0,-1,41,-1.0
26568,26658,29892.98130773098,-35415.07431826185,49.0,-1,-1,-1.0
26569,26659,1347.5078302090114,23077.7607641392,376.0,-1,-1,-1.0
26570,26660,-13784.230823555545,-15501.959046888896,334.0,-1,-1,-1.0
26571,26661,35344.49109087877,12486.907571072086,387.0,-1,28,-1.0
26572,26662,281.9035330768238,2588.161032124932,14.0,-1,-1,-1.0
26573,26663,35202.83601302344,21275.90277799161,278.0,-1,28,-1.0
26574,26664,-35150.0409779531,-3054.58224807043,482.0,-1,-1,-1.0
26575,26665,-24397.738527471767,38193.66247629093,209.0,-1,-1,-1.0
26576,26666,36603.85660283019,-29567.39276883801,161.0,-1,-1,-1.0
26577,26667,-35796.64203757271,-4965.596426992597,280.0,-1,-1,-1.0
26578,26668,20980.610818888774,36796.82641128152,180.0,-1,30,-1.0
26579,26669,-7231.605828939544,-85.19069332205254,377.0,-1,-1,-1.0
26580,26670,-15047.1301382849,-20812.16389440993,330.0,-1,-1,-1.0
26581,26671,-7079.145510593102,-25676.94593990682,349.0,-1,-1,-1.0
26582,26672,39328.26635150038,-17313.34163128773,231.0,-1,-1,-1.0
26583,26673,-21001.729817461364,-8607.216281348756,488.0,-1,-1,-1.0
26584,26674,7913.795470667334,17365.628984318166,5.0,-1,8,-1.0
26585,26675,11814.85037901035,8471.518304562233,484.0,-1,2,-1.0
26586,26676,3682.745000632829,17886.0445356505,435.0,-1,-1,-1.0
26587,26677,15704.649869314722,26346.96113536571,274.0,-1,9,-1.0
26588,26678,-27430.30539048095,19433.12402089176,356.0,-1,-1,-1.0
26589,26679,7439.871020255756,-33553.289367825266,337.0,-1,-1,-1.0
26590,26680,-25116.52035848969,-30441.777053154783,183.0,-1,-1,-1.0
26591,26681,-9165.394672961174,-20304.78165330176,13.0,-1,-1,-1.0
26592,26682,-31749.46131490616,-25284.46523692417,49.0,-1,-1,-1.0
26593,26683,37849.28295442206,18812.622743039632,197.0,-1,28,-1.0
26594,26684,31082.21500512797,23915.92708879456,367.0,-1,-1,-1.0
26595,26685,-16990.710735863406,-2043.557526976532,39.0,-1,43,-1.0
26596,26686,20336.638985170976,-10336.293018400946,260.0,-1,-1,-1.0
26597,26687,37511.67957674636,33281.388170175545,390.0,-1,10,-1.0
26598,26688,-22422.447041457,24215.17716607664,238.0,-1,-1,-1.0
26599,26689,7469.395163501606,14674.470537606683,92.0,-1,-1,-1.0
26600,26690,-14116.885241366352,30441.126150330747,328.0,-1,-1,-1.0
26601,26691,-35127.49860401683,23894.1216523856,493.0,-1,-1,-1.0
26602,26692,-19935.03048724599,16876.967509565962,188.0,-1,-1,-1.0
26603,26693,1477.9587024990324,10531.31267977797,346.0,-1,27,-1.0
26604,26694,12280.947498528978,-34879.15702719613,57.0,-1,4,-1.0
26605,26695,-36714.56177708453,3534.401483301532,302.0,-1,-1,-1.0
26606,26696,-6657.920166072094,12644.221853192314,464.0,-1,-1,-1.0
26607,26697,21354.57334228121,24213.30438496797,494.0,-1,-1,-1.0
26608,26698,-20343.844755049344,31527.365837622536,93.0,-1,-1,-1.0
26609,26699,10379.15364768145,31858.594859380988,112.0,-1,-1,-1.0
26610,26700,-29773.118811825443,-6463.992667055332,236.0,-1,41,47.0
26611,26701,-5682.310587587766,6580.13360494536,128.0,-1,-1,-1.0
26612,26702,13154.82249150757,11357.65538309852,319.0,-1,-1,-1.0
26613,26703,1658.0453658245242,-21296.508023961225,198.0,-1,31,35.0
26614,26704,10864.21777345737,7223.944205144529,245.0,-1,2,-1.0
26615,26705,33746.020559785466,-8925.491619555742,462.0,-1,-1,-1.0
26616,26706,-26988.40433475245,17991.863629342726,365.0,-1,-1,-1.0
26617,26707,-38643.94044303099,-7821.029632618207,254.0,-1,-1,-1.0
26618,26708,-24501.15781155387,-14919.018567986725,327.0,-1,-1,-1.0
26619,26709,-27174.612428267304,14533.85894580029,258.0,-1,-1,-1.0
26620,26710,-19174.22466552292,30570.41174520676,354.0,-1,-1,-1.0
26621,26711,-8502.776669571784,34381.21439045061,215.0,-1,-1,-1.0
26622,26712,30550.84721569116,-30962.231733129724,341.0,-1,-1,-1.0
26623,26713,13610.613963277552,21893.60973586432,44.0,-1,-1,-1.0
26624,26714,31126.28000576896,-35501.93546433583,476.0,-1,-1,-1.0
26625,26715,-24422.081516171413,35753.473355027454,38.0,-1,-1,-1.0
26626,26716,19028.644427096115,21844.951277873988,483.0,-1,-1,-1.0
26627,26717,-35828.75918414226,34564.909813590246,74.0,-1,-1,-1.0
26628,26718,-25856.41257745298,3730.885228150015,342.0,-1,-1,-1.0
26629,26719,-5507.083892794668,38013.19669248904,62.0,-1,-1,-1.0
26630,26720,6437.8636382567565,12955.761746435346,207.0,-1,8,-1.0
26631,26721,26216.107938227666,17465.65006897317,171.0,-1,-1,-1.0
26632,26722,22868.550058945628,25136.463716137623,436.0,-1,-1,-1.0
26633,26723,31626.006697749064,12970.129513814158,305.0,-1,-1,-1.0
26634,26724,28720.467124185176,-22521.366058462303,25.0,-1,45,-1.0
26635,26725,11672.106548909476,-7669.749252742833,213.0,-1,13,-1.0
26636,26726,35460.4593639658,-13954.965293691668,112.0,-1,-1,-1.0
26637,26727,13290.857676139392,13884.851480497671,480.0,-1,-1,-1.0
26638,26728,13479.794714695454,-6040.007672289641,249.0,-1,13,-1.0
26639,26729,27922.959918889726,-38621.27818748075,403.0,-1,-1,-1.0
26640,26730,12582.649686723656,39917.83218031915,351.0,-1,-1,-1.0
26641,26731,25650.56997532914,-7050.566313383635,243.0,-1,-1,-1.0
26642,26732,-8445.276252644264,39760.88610345297,465.0,-1,-1,-1.0
26643,26733,3248.9542845438045,-6798.37458836798,105.0,-1,-1,-1.0
26644,26734,-30190.02775066552,-24856.870118087776,6.0,-1,39,-1.0
26645,26735,-16869.280674599406,320.3257967488389,32.0,-1,-1,-1.0
26646,26736,-30604.4222666911,34251.589155457914,82.0,-1,6,-1.0
26647,26737,7207.744023033323,-30234.136278905607,493.0,-1,-1,-1.0
26648,26738,20926.6185150524,-36394.60962020872,99.0,-1,-1,-1.0
26649,26739,4984.6399291115085,-268.47069841161283,148.0,-1,-1,-1.0
26650,26740,35205.450175943566,-32806.93368967396,355.0,-1,21,-1.0
26651,26741,-33949.36196292915,28169.14747456614,289.0,-1,-1,-1.0
26652,26742,38722.73691045001,-17931.035775759938,95.0,-1,-1,-1.0
26653,26743,29009.70849158238,-37337.67948090086,32.0,-1,-1,-1.0
26654,26744,-34746.80518236907,1079.9442886708348,424.0,-1,29,-1.0
26655,26745,-21893.4084667734,-15013.16323893782,12.0,-1,-1,-1.0
26656,26746,-1461.0552691654302,720.203786634891,341.0,-1,22,-1.0
26657,26747,-28796.013795032148,-31367.31025122872,51.0,-1,34,-1.0
26658,26748,2249.134290448172,38186.00873999225,38.0,-1,-1,-1.0
26659,26749,-36527.65610035823,-17226.74947561783,392.0,-1,-1,-1.0
26660,26750,5406.467422512302,-12858.599795032726,447.0,-1,31,-1.0
26661,26751,-886.1911768631471,-23989.745116761114,208.0,-1,-1,-1.0
26662,26752,26226.78284849621,-10725.968733485175,481.0,-1,-1,-1.0
26663,26753,30268.44606831418,-32717.36073729259,338.0,-1,-1,-1.0
26664,26754,27683.506490875967,39953.20706237533,390.0,-1,-1,-1.0
26665,26755,-5614.389751275317,-13712.234649403374,321.0,-1,31,-1.0
26666,26756,34265.58386181452,-10721.563432728117,469.0,-1,-1,-1.0
26667,26757,36000.674058791905,-14706.892321742533,374.0,-1,-1,-1.0
26668,26758,-8235.707411733201,28206.27690831326,21.0,-1,-1,-1.0
26669,26759,-6518.483404927392,-16190.051841486522,14.0,-1,-1,-1.0
26670,26760,-15794.713824755596,-29194.23523561278,279.0,-1,-1,-1.0
26671,26761,38509.74088918914,-38133.23724294947,69.0,-1,-1,-1.0
26672,26762,-9081.72317821018,22818.970265548232,335.0,-1,-1,-1.0
26673,26763,-513.0579109473765,9800.457766302416,139.0,-1,-1,-1.0
26674,26764,-26346.154126953377,-19247.88570109984,45.0,-1,-1,-1.0
26675,26765,-1543.4639695924925,4801.441508600656,365.0,-1,27,-1.0
26676,26766,-22303.4294424437,4671.222299813184,22.0,-1,-1,-1.0
26677,26767,-5346.840762240376,-4139.015471952494,415.0,-1,-1,-1.0
26678,26768,-33437.19223691252,31576.470294416373,88.0,-1,6,-1.0
26679,26769,34924.57136830695,9460.658727464235,376.0,-1,28,-1.0
26680,26770,-28403.19902261712,-24896.103822430832,224.0,-1,38,-1.0
26681,26771,-13974.118102863236,-28570.54631646748,197.0,-1,-1,-1.0
26682,26772,-27929.82103227264,-522.5675688348492,76.0,-1,41,-1.0
26683,26773,-23455.51715290374,20877.34893717461,436.0,-1,37,-1.0
26684,26774,-15238.98203393644,5510.485269206751,72.0,-1,26,-1.0
26685,26775,-21559.479547828672,34790.78412795116,497.0,-1,-1,-1.0
26686,26776,15722.019509516576,19699.551247739444,298.0,-1,-1,-1.0
26687,26777,-3811.233051724943,1324.59379454796,307.0,-1,27,-1.0
26688,26778,6117.710258985768,-13706.434144933624,108.0,-1,31,-1.0
26689,26779,5760.544736223135,35919.68475545138,298.0,-1,-1,-1.0
26690,26780,-6517.649416791763,29375.67860704643,401.0,-1,-1,-1.0
26691,26781,-15839.132210296191,-14788.321539928758,435.0,-1,-1,-1.0
26692,26782,13892.353836362912,-5620.614544325908,322.0,-1,13,-1.0
26693,26783,-5841.051973834685,26013.48676729048,362.0,-1,48,-1.0
26694,26784,33182.437065888575,-23770.043267942045,400.0,-1,45,51.0
26695,26785,-17587.594649763858,16719.771837844484,381.0,-1,-1,-1.0
26696,26786,18389.75234881309,39365.42613516824,22.0,-1,-1,-1.0
26697,26787,14725.067549843685,25795.46689753805,237.0,-1,9,-1.0
26698,26788,-37788.86944197398,23723.15544376401,35.0,-1,-1,-1.0
26699,26789,-16017.072255199477,-719.3349431484967,55.0,-1,-1,-1.0
26700,26790,-21139.894095980417,-37257.33045011392,385.0,-1,12,-1.0
26701,26791,-15445.681213408385,30879.11635754221,440.0,-1,-1,-1.0
26702,26792,27378.927157047903,6268.362898341336,231.0,-1,15,-1.0
26703,26793,30226.603950429548,15714.889569716826,112.0,-1,-1,-1.0
26704,26794,14114.895184944682,-25512.457448168425,435.0,-1,3,-1.0
26705,26795,38948.410247526816,32283.23781755798,251.0,-1,10,-1.0
26706,26796,-38146.89375708931,4979.541065361125,338.0,-1,-1,-1.0
26707,26797,-30320.59727932883,-4067.120880288516,417.0,-1,41,47.0
26708,26798,-33804.070604597444,21785.30142089481,313.0,-1,-1,-1.0
26709,26799,16078.25907158442,-16739.596813912067,360.0,-1,45,52.0
26710,26800,18449.240560017854,-26268.340625108787,44.0,-1,3,-1.0
26711,26801,16794.65696255934,28385.919638146603,283.0,-1,9,-1.0
26712,26802,14806.009743957824,39178.56763177313,192.0,-1,-1,-1.0
26713,26803,-34248.0661346535,19521.749264046128,208.0,-1,-1,-1.0
26714,26804,-37054.332399657455,21977.210380287725,456.0,-1,-1,-1.0
26715,26805,19790.898064415294,32953.844246565815,266.0,-1,-1,-1.0
26716,26806,29386.03193698614,-25729.42083045879,410.0,-1,-1,-1.0
26717,26807,13492.596322565369,-26110.016832771627,45.0,-1,3,-1.0
26718,26808,-6239.090986706382,-39819.87127024294,48.0,-1,-1,-1.0
26719,26809,-14457.859022465704,9092.958293532392,107.0,-1,-1,-1.0
26720,26810,33250.50095993951,38039.53370057049,11.0,-1,-1,-1.0
26721,26811,8892.554573903159,-25016.365997038894,52.0,-1,-1,-1.0
26722,26812,-32152.21847779269,21977.72953245117,407.0,-1,-1,-1.0
26723,26813,-18648.327890422926,21880.53417415365,331.0,-1,-1,-1.0
26724,26814,-5294.89798327069,22303.71997917276,358.0,-1,-1,-1.0
26725,26815,25422.968661256866,23091.617209034404,168.0,-1,18,-1.0
26726,26816,29367.574711804627,11006.748256936737,488.0,-1,-1,-1.0
26727,26817,14019.488594769233,122.98360388368746,377.0,-1,-1,-1.0
26728,26818,36371.67215369777,-12267.622516303723,24.0,-1,-1,-1.0
26729,26819,-6974.821855789523,23549.83698319339,257.0,-1,-1,-1.0
26730,26820,5095.559262960174,-24280.248984937687,413.0,-1,31,-1.0
26731,26821,38587.13967613669,39417.908285998274,72.0,-1,-1,-1.0
26732,26822,-3075.908839073556,30367.03310172743,308.0,-1,-1,-1.0
26733,26823,29653.34614039029,22370.28971695224,438.0,-1,-1,-1.0
26734,26824,-37782.82825812748,15505.277531670588,256.0,-1,-1,-1.0
26735,26825,-31538.884926705206,6370.749272452107,196.0,-1,-1,-1.0
26736,26826,-11851.099827689904,12002.50590024131,133.0,-1,-1,-1.0
26737,26827,4574.081553720236,21884.88131592037,103.0,-1,46,-1.0
26738,26828,-9520.792727850056,33191.679006257065,186.0,-1,-1,-1.0
26739,26829,9675.138096936147,-16717.894894521938,396.0,-1,-1,-1.0
26740,26830,-30725.714291832097,31259.82746563904,372.0,-1,-1,-1.0
26741,26831,11659.596531887357,-14680.484768764083,29.0,-1,-1,-1.0
26742,26832,-17828.545377829243,28427.963069715654,148.0,-1,48,59.0
26743,26833,24482.830363393678,-33576.92568980158,450.0,-1,-1,-1.0
26744,26834,-23131.34000521238,-23773.64951289491,65.0,-1,-1,-1.0
26745,26835,17251.446364072923,37058.358525678166,380.0,-1,-1,-1.0
26746,26836,10488.020679611393,20255.9638460552,294.0,-1,-1,-1.0
26747,26837,37784.19498969262,29052.920682468302,484.0,-1,10,-1.0
26748,26838,-19609.282701670283,23236.52474770088,249.0,-1,-1,-1.0
26749,26839,33501.57658750986,-19939.4448543902,362.0,-1,-1,-1.0
26750,26840,31884.16367223629,-7721.899767511441,225.0,-1,-1,-1.0
26751,26841,33512.79670601821,-406.625752006672,341.0,-1,-1,-1.0
26752,26842,3450.30775423308,-4765.903236523351,433.0,-1,-1,-1.0
26753,26843,18079.16230827232,14005.174303279397,197.0,-1,-1,-1.0
26754,26844,20344.11558417575,12299.357631993662,343.0,-1,-1,-1.0
26755,26845,29.370502526733617,22194.437108456863,387.0,-1,-1,-1.0
26756,26846,-10432.161996907547,4314.504107632463,467.0,-1,-1,-1.0
26757,26847,-36316.94695977889,29214.56731751481,435.0,-1,-1,-1.0
26758,26848,-15174.396167220562,-30469.829736547905,231.0,-1,-1,-1.0
26759,26849,18292.895302394518,-17764.427339115657,195.0,-1,-1,-1.0
26760,26850,28936.547255572063,14793.290899662526,134.0,-1,-1,-1.0
26761,26851,-28531.20132675831,-7295.368449693757,162.0,-1,-1,-1.0
26762,26852,-36466.19957463817,-20343.89565447072,335.0,-1,0,-1.0
26763,26853,34259.53439251009,-25097.77702774253,39.0,-1,45,-1.0
26764,26854,-20317.043579324032,-12711.154603642037,35.0,-1,-1,-1.0
26765,26855,-12639.364886599578,-13649.044960222784,170.0,-1,-1,-1.0
26766,26856,9700.841218020214,8426.29441267989,240.0,-1,-1,-1.0
26767,26857,-19550.227009270948,-28791.497374727325,320.0,-1,-1,-1.0
26768,26858,-19831.217987515556,-32725.545664596542,46.0,-1,-1,-1.0
26769,26859,21350.93155554336,36259.233432211215,129.0,-1,30,-1.0
26770,26860,-5123.607692832542,-22452.484250798,344.0,-1,-1,-1.0
26771,26861,-3007.2358890497417,-36279.34136246844,198.0,-1,-1,-1.0
26772,26862,-6104.70718612519,16682.49013238647,364.0,-1,-1,-1.0
26773,26863,12311.79781644755,34937.53522363624,323.0,-1,-1,-1.0
26774,26864,-19663.589184458466,36130.90645151227,184.0,-1,-1,-1.0
26775,26865,-21710.01822910645,11725.757790386408,276.0,-1,40,-1.0
26776,26866,11300.089910275508,-38082.847404150096,406.0,-1,-1,-1.0
26777,26867,19669.404893533552,7328.929696596562,407.0,-1,-1,-1.0
26778,26868,-19476.2988383716,29445.44946628704,312.0,-1,48,-1.0
26779,26869,-37470.70377762433,12448.649916440554,183.0,-1,-1,-1.0
26780,26870,-10056.291715630528,28924.41157686997,438.0,-1,-1,-1.0
26781,26871,-1681.1184238087517,24308.37427040045,360.0,-1,-1,-1.0
26782,26872,-18552.506954664983,-6224.912793766685,90.0,-1,-1,-1.0
26783,26873,-4501.4673076602485,36570.75784864568,172.0,-1,48,-1.0
26784,26874,-18160.52066690748,7897.173469415371,235.0,-1,-1,-1.0
26785,26875,-26883.262104185484,21655.02941164511,64.0,-1,-1,-1.0
26786,26876,19422.949038402403,-37300.36600007372,163.0,-1,-1,-1.0
26787,26877,32573.049610276063,-10305.696727678229,286.0,-1,-1,-1.0
26788,26878,15217.488755475824,-792.8004510205064,187.0,-1,-1,-1.0
26789,26879,-20980.304431169214,15452.91063289353,141.0,-1,-1,-1.0
26790,26880,33741.66899164369,36354.35134842066,377.0,-1,11,-1.0
26791,26881,-22131.220179882857,-15853.120098774603,261.0,-1,-1,-1.0
26792,26882,1537.2783316336936,36640.259196751154,247.0,-1,48,-1.0
26793,26883,37314.6489482412,-10324.84856116593,279.0,-1,-1,-1.0
26794,26884,-3623.831477764499,-14012.966373093692,224.0,-1,31,-1.0
26795,26885,5333.841437901094,37152.71764227617,308.0,-1,-1,-1.0
26796,26886,-37981.02064558282,-7904.477381251479,414.0,-1,32,38.0
26797,26887,29392.08523900493,34351.72344879228,197.0,-1,-1,-1.0
26798,26888,33068.47267556749,-9338.86251857653,284.0,-1,-1,-1.0
26799,26889,-5888.176166872989,-16619.406478518384,396.0,-1,-1,-1.0
26800,26890,-9358.491510752858,29015.41812005485,304.0,-1,-1,-1.0
26801,26891,19201.799209220248,-5366.901000637394,397.0,-1,-1,-1.0
26802,26892,-34193.66203286711,-38780.24524950058,467.0,-1,-1,-1.0
26803,26893,-14796.505278049466,-27599.852465636483,440.0,-1,-1,-1.0
26804,26894,-18889.33952684055,-39674.79452343918,346.0,-1,-1,-1.0
26805,26895,34270.02730489412,18819.03274233733,189.0,-1,-1,-1.0
26806,26896,30464.720220318573,-23224.82174684759,422.0,-1,45,-1.0
26807,26897,-29992.80176816568,32231.96124326957,103.0,-1,6,-1.0
26808,26898,17736.92905546492,9415.267570571676,492.0,-1,-1,-1.0
26809,26899,20846.295369354117,21953.0074107099,366.0,-1,18,-1.0
26810,26900,37627.223272938005,-2889.8530191380923,499.0,-1,-1,-1.0
26811,26901,14425.828231117608,19280.60219481973,320.0,-1,-1,-1.0
26812,26902,20722.81430711604,-29753.313115631856,254.0,-1,-1,-1.0
26813,26903,5451.85277075378,-32437.562465828985,20.0,-1,1,-1.0
26814,26904,-19470.531445161043,-4875.407642603139,437.0,-1,-1,-1.0
26815,26905,-2587.4969607956664,11801.510662209976,281.0,-1,-1,-1.0
26816,26906,19853.011297960627,5247.966395573836,128.0,-1,-1,-1.0
26817,26907,-24123.252181758187,19171.35998904968,192.0,-1,-1,-1.0
26818,26908,-84.91346841910854,9272.619083542682,337.0,-1,-1,-1.0
26819,26909,-29997.80891208165,-33048.65746346472,43.0,-1,34,-1.0
26820,26910,-35382.725521755536,-26066.609954617048,269.0,-1,-1,-1.0
26821,26911,19914.117165433097,-38743.13622790571,85.0,-1,-1,-1.0
26822,26912,3546.434203952398,13825.074916593016,18.0,-1,-1,-1.0
26823,26913,31793.512661558867,-31496.0956802218,365.0,-1,-1,-1.0
26824,26914,25675.87803986913,-26986.514509632994,343.0,-1,45,-1.0
26825,26915,-30324.308684774773,-21385.13383114976,365.0,-1,39,-1.0
26826,26916,20144.91772531427,26535.71120315425,110.0,-1,-1,-1.0
26827,26917,-27264.941878292066,6732.813504559286,171.0,-1,-1,-1.0
26828,26918,-30591.741866553333,1077.3461379090731,407.0,-1,-1,-1.0
26829,26919,38330.371724033335,-19625.28154012235,216.0,-1,-1,-1.0
26830,26920,-15508.41594116654,14006.74954246226,278.0,-1,-1,-1.0
26831,26921,11601.579962267417,-19961.70768001493,463.0,-1,-1,-1.0
26832,26922,-31771.216613046312,-19354.371058971075,409.0,-1,-1,-1.0
26833,26923,38449.61739755048,21119.195054152093,8.0,-1,28,-1.0
26834,26924,27128.27683632486,-20014.874105064388,465.0,-1,45,-1.0
26835,26925,-29311.78962516898,-5257.77671197796,172.0,-1,41,-1.0
26836,26926,37970.270093597865,-26749.705799769617,189.0,-1,-1,-1.0
26837,26927,-19393.944831354234,17382.855507000633,194.0,-1,-1,-1.0
26838,26928,-23014.68870690172,-7631.759054270991,42.0,-1,-1,-1.0
26839,26929,30523.601716701465,-11224.000407010804,486.0,-1,-1,-1.0
26840,26930,30789.45218735926,23760.613334915022,415.0,-1,-1,-1.0
26841,26931,5110.4693669884,-14069.6247864057,20.0,-1,31,-1.0
26842,26932,-22316.112327114617,-12366.71383246435,173.0,-1,-1,-1.0
26843,26933,-26055.755666710917,9938.344437422324,136.0,-1,-1,-1.0
26844,26934,22220.44712268991,12254.70996483088,341.0,-1,16,-1.0
26845,26935,-26027.90710183261,-18389.113968156573,411.0,-1,-1,-1.0
26846,26936,-11441.589070420538,-11897.945570218551,225.0,-1,-1,-1.0
26847,26937,8791.578364730784,-17398.743401650103,231.0,-1,-1,-1.0
26848,26938,-29852.82313787713,-1201.528128208287,291.0,-1,-1,-1.0
26849,26939,-9968.152124372638,15017.290919844716,230.0,-1,-1,-1.0
26850,26940,6329.524594036593,-6706.804578580515,269.0,-1,-1,-1.0
26851,26941,15913.83420126723,39783.17101693431,7.0,-1,-1,-1.0
26852,26942,-38853.280954131405,-19088.242274649467,112.0,-1,0,-1.0
26853,26943,31355.18588850471,38459.95969475804,22.0,-1,11,-1.0
26854,26944,4860.881925714675,29187.878632145,204.0,-1,48,-1.0
26855,26945,-38257.122344448966,-23990.10375863969,492.0,-1,-1,-1.0
26856,26946,-13883.7249445821,11183.302485350534,262.0,-1,-1,-1.0
26857,26947,16149.494251720504,1872.858543656112,197.0,-1,-1,-1.0
26858,26948,37458.897608856525,-9219.357063906047,214.0,-1,-1,-1.0
26859,26949,-33207.82073477154,38892.01690589744,110.0,-1,-1,-1.0
26860,26950,1648.3013691980375,22127.062744820025,250.0,-1,-1,-1.0
26861,26951,23820.409709231528,7246.999950552454,259.0,-1,-1,-1.0
26862,26952,-4849.146721970428,13001.29042628649,237.0,-1,-1,-1.0
26863,26953,-11575.564576352146,4202.634255508339,168.0,-1,26,-1.0
26864,26954,3479.5172654199923,-11489.520574680548,81.0,-1,-1,-1.0
26865,26955,-8822.153890774996,2323.878455609083,445.0,-1,27,-1.0
26866,26956,14252.879954737276,38641.96610090872,447.0,-1,-1,-1.0
26867,26957,4256.950203015578,1697.458694826295,396.0,-1,-1,-1.0
26868,26958,38187.44043884815,25086.65711511769,219.0,-1,-1,-1.0
26869,26959,4543.576234505788,2505.9647046883183,335.0,-1,-1,-1.0
26870,26960,-39978.8519970301,-4548.067532112254,73.0,-1,-1,-1.0
26871,26961,-10786.510545189696,-164.9435518538303,212.0,-1,-1,-1.0
26872,26962,36377.5220130276,15703.678273764272,373.0,-1,28,-1.0
26873,26963,16831.978556910777,-25370.473805300928,24.0,-1,3,-1.0
26874,26964,24864.143921277275,-22958.063376953905,16.0,-1,-1,-1.0
26875,26965,-13922.58654127282,8072.76901183874,341.0,-1,-1,-1.0
26876,26966,31715.75713159973,8795.41369227659,281.0,-1,-1,-1.0
26877,26967,-37898.46762250294,-5730.9640461438685,432.0,-1,-1,-1.0
26878,26968,17199.6094825626,26924.06384558052,377.0,-1,-1,-1.0
26879,26969,4922.082137268386,-12491.35547664456,187.0,-1,-1,-1.0
26880,26970,34937.83772941257,-25319.60092803098,126.0,-1,45,-1.0
26881,26971,-28585.769135533228,-10940.82441994467,365.0,-1,-1,-1.0
26882,26972,-19819.47427489884,-16048.105744391643,219.0,-1,42,48.0
26883,26973,-20760.06756952285,-20511.686937178303,18.0,-1,-1,-1.0
26884,26974,17693.738317157666,14399.86508860576,174.0,-1,-1,-1.0
26885,26975,10134.39785011758,-7306.536875961323,46.0,-1,-1,-1.0
26886,26976,37890.9217685395,-5662.527403649496,34.0,-1,-1,-1.0
26887,26977,16867.062242067354,-10348.186300847165,77.0,-1,-1,-1.0
26888,26978,35085.30431540872,-26132.79130561101,362.0,-1,45,-1.0
26889,26979,25430.875510531943,24784.191382334862,14.0,-1,18,-1.0
26890,26980,-16889.447706699433,-20282.4571145109,427.0,-1,-1,-1.0
26891,26981,-27566.4661448376,-17448.767820348177,299.0,-1,-1,-1.0
26892,26982,-38008.54905062975,12104.830638028188,468.0,-1,-1,-1.0
26893,26983,-25895.698826952343,7288.9831776856445,155.0,-1,-1,-1.0
26894,26984,2415.531900234848,34135.394742295466,352.0,-1,48,-1.0
26895,26985,-32426.83521010893,-19744.33298792763,458.0,-1,-1,-1.0
26896,26986,26972.481215315347,34664.52568951291,49.0,-1,-1,-1.0
26897,26987,27690.482989773605,-37703.01455321911,489.0,-1,-1,-1.0
26898,26988,2188.25054124144,-28087.455008698096,324.0,-1,-1,-1.0
26899,26989,26631.20348403028,-8533.393892034153,137.0,-1,-1,-1.0
26900,26990,-31841.495205734373,-7653.9845180729135,18.0,-1,41,-1.0
26901,26991,33718.9381600136,-26676.104555008074,19.0,-1,-1,-1.0
26902,26992,26906.95882499055,-33249.87109180739,339.0,-1,-1,-1.0
26903,26993,-20052.50045325523,-33779.17353735805,154.0,-1,-1,-1.0
26904,26994,11882.450697771636,-27123.183043069148,233.0,-1,-1,-1.0
26905,26995,29384.489454470702,-29998.76868774313,193.0,-1,-1,-1.0
26906,26996,-21292.931501248688,-14076.873642508484,475.0,-1,-1,-1.0
26907,26997,-358.0385706167508,16034.17657092672,104.0,-1,-1,-1.0
26908,26998,-24150.342678430105,26927.79496115925,230.0,-1,-1,-1.0
26909,26999,-1090.499694562859,27731.949762040796,139.0,-1,48,-1.0
26910,27000,24162.264972151585,22905.40191875791,136.0,-1,-1,-1.0
26911,27001,-30611.62608977789,3433.301419280251,366.0,-1,29,-1.0
26912,27002,15299.762253628782,8421.424915049218,270.0,-1,2,-1.0
26913,27003,11207.660187016969,2952.2582422748383,66.0,-1,-1,-1.0
26914,27004,-35186.82052527798,-7495.236175536411,72.0,-1,32,38.0
26915,27005,30699.65514623496,-5243.445136580158,460.0,-1,-1,-1.0
26916,27006,-2881.359264026876,4977.4065841190095,132.0,-1,27,-1.0
26917,27007,5207.141883975164,-21201.77848190175,394.0,-1,-1,-1.0
26918,27008,26611.10023162668,21757.30149902538,451.0,-1,-1,-1.0
26919,27009,-3169.9591232071107,17742.24845688203,472.0,-1,46,-1.0
26920,27010,14064.70926409743,25973.288662634004,2.0,-1,-1,-1.0
26921,27011,17785.147002761114,-39416.42189397214,363.0,-1,-1,-1.0
26922,27012,10158.652913031146,-29631.757756173294,309.0,-1,-1,-1.0
26923,27013,-25363.22463917576,31194.213757517733,168.0,-1,-1,-1.0
26924,27014,-20170.158975449456,-16097.92494760996,257.0,-1,42,48.0
26925,27015,9902.658483526931,27557.138691552143,437.0,-1,-1,-1.0
26926,27016,-26227.852402225435,-4725.581270513278,137.0,-1,-1,-1.0
26927,27017,3999.536754358014,-34560.1379211971,399.0,-1,1,-1.0
26928,27018,26068.4508626428,4171.739614345963,484.0,-1,-1,-1.0
26929,27019,20293.611434979463,15325.58733111329,35.0,-1,18,-1.0
26930,27020,-8637.17569437834,-6659.412669423997,44.0,-1,31,-1.0
26931,27021,-5139.775931293036,930.100187011274,19.0,-1,27,-1.0
26932,27022,-22268.7986067009,-27752.00483901376,186.0,-1,-1,-1.0
26933,27023,37695.20527447271,-33913.90922241256,51.0,-1,-1,-1.0
26934,27024,-7461.926054480951,9812.918309666697,99.0,-1,-1,-1.0
26935,27025,7377.551575293815,-39923.12712260456,162.0,-1,-1,-1.0
26936,27026,28219.059586075356,-26885.020282133424,38.0,-1,-1,-1.0
26937,27027,-29997.55212018012,-28948.289560316472,184.0,-1,-1,-1.0
26938,27028,-32520.555234792835,-2976.964507433753,222.0,-1,-1,-1.0
26939,27029,-35962.89107267103,-13324.303427493254,248.0,-1,32,38.0
26940,27030,30381.283990079057,23829.48632295723,463.0,-1,-1,-1.0
26941,27031,-3175.619034411044,36215.19853547498,168.0,-1,48,-1.0
26942,27032,32605.586447715075,-26953.905162431016,392.0,-1,-1,-1.0
26943,27033,21612.14047695888,33798.17850533537,332.0,-1,30,-1.0
26944,27034,-23572.44847707421,-14022.513661106092,153.0,-1,-1,-1.0
26945,27035,-36317.9959133856,25804.946600182346,23.0,-1,-1,-1.0
26946,27036,-23347.31114212059,26644.5397596336,214.0,-1,48,59.0
26947,27037,-24715.795600334524,-18848.704346951603,406.0,-1,-1,-1.0
26948,27038,-4094.790461722492,3523.6225018138502,194.0,-1,27,-1.0
26949,27039,15145.126253235598,-14259.248172155148,370.0,-1,-1,-1.0
26950,27040,24785.742452376864,9851.242464373565,257.0,-1,15,-1.0
26951,27041,17003.655247323673,-32874.68113977551,147.0,-1,3,-1.0
26952,27042,33858.10032657649,-19371.986480682528,454.0,-1,-1,-1.0
26953,27043,-3051.4723334402515,-3960.681717170861,4.0,-1,-1,-1.0
26954,27044,-656.718622340537,-17666.751929665104,272.0,-1,31,35.0
26955,27045,13177.191299683269,-36699.60860247275,19.0,-1,4,-1.0
26956,27046,16659.661965769374,35891.71030046769,120.0,-1,-1,-1.0
26957,27047,2977.358401046571,-18692.54249570028,369.0,-1,31,-1.0
26958,27048,13944.047102107594,-13887.86036995093,199.0,-1,-1,-1.0
26959,27049,-8062.818980987984,34765.957823133576,166.0,-1,-1,-1.0
26960,27050,21962.18697413183,-38525.687324300976,63.0,-1,-1,-1.0
26961,27051,6415.9856857587365,17275.256458014737,158.0,-1,-1,-1.0
26962,27052,-30826.186504294463,22011.63067873317,364.0,-1,-1,-1.0
26963,27053,13171.26106653615,-3973.740478189975,96.0,-1,-1,-1.0
26964,27054,-17210.299321375187,39269.88765635775,299.0,-1,-1,-1.0
26965,27055,35905.367971828426,20484.470933275632,443.0,-1,28,-1.0
26966,27056,25166.3377329252,10383.426748648875,307.0,-1,-1,-1.0
26967,27057,-9496.58070462168,-36162.4811648,187.0,-1,-1,-1.0
26968,27058,8009.136949256819,-17235.97852073521,88.0,-1,-1,-1.0
26969,27059,24539.249415440994,-15380.276835525185,384.0,-1,45,-1.0
26970,27060,25498.19543255004,-2419.858412385904,477.0,-1,-1,-1.0
26971,27061,-27227.45911215383,-32490.446924486318,380.0,-1,-1,-1.0
26972,27062,12889.168711556078,15188.185715843378,211.0,-1,-1,-1.0
26973,27063,-23390.889966025938,-1178.2088890792584,143.0,-1,-1,-1.0
26974,27064,29288.63936394801,15719.160773594806,155.0,-1,-1,-1.0
26975,27065,24961.41625836836,17227.96505737135,451.0,-1,-1,-1.0
26976,27066,-10470.098522073928,-36489.089065095286,168.0,-1,36,-1.0
26977,27067,-32391.355058632063,-39214.49104006267,344.0,-1,-1,-1.0
26978,27068,-4863.874593365246,-25546.799080140816,455.0,-1,25,-1.0
26979,27069,11036.99742925568,31877.970396012024,455.0,-1,-1,-1.0
26980,27070,-35355.49759676898,-17050.432259807974,157.0,-1,-1,-1.0
26981,27071,34347.50977715195,32152.63229375094,314.0,-1,-1,-1.0
26982,27072,-9648.216868057054,32845.40254466246,344.0,-1,-1,-1.0
26983,27073,-38049.41731451114,32205.358072155883,341.0,-1,5,-1.0
26984,27074,2828.531979952372,-17980.79204052705,40.0,-1,31,-1.0
26985,27075,2985.403200931585,23253.96382511988,410.0,-1,-1,-1.0
26986,27076,12075.742680709807,17260.345781898468,42.0,-1,-1,-1.0
26987,27077,-9591.446318103332,-10574.64712248633,256.0,-1,31,-1.0
26988,27078,-28797.007452784048,-8606.29467548394,464.0,-1,-1,-1.0
26989,27079,-14976.580728455174,26306.260569301725,269.0,-1,48,-1.0
26990,27080,18332.96436406683,32247.9105084472,180.0,-1,30,-1.0
26991,27081,36674.5868960885,23055.400527021004,449.0,-1,-1,-1.0
26992,27082,-3589.9569471838986,6569.5129855715495,401.0,-1,27,-1.0
26993,27083,-36931.43273319733,-29907.74104266393,73.0,-1,20,23.0
26994,27084,-12820.096129381043,12514.19772235238,379.0,-1,-1,-1.0
26995,27085,-3172.4005545748223,-39395.16418656782,187.0,-1,-1,-1.0
26996,27086,17315.403108187333,-4348.499831650544,135.0,-1,-1,-1.0
26997,27087,-13482.061916485258,8709.450073141365,466.0,-1,-1,-1.0
26998,27088,32992.12155249836,2073.0749881470547,42.0,-1,-1,-1.0
26999,27089,-31789.98139302976,-1066.1170531167518,312.0,-1,-1,-1.0
27000,27090,33144.13396596568,-32611.94648618659,352.0,-1,-1,-1.0
27001,27091,20117.02443228222,4826.83675583532,68.0,-1,-1,-1.0
27002,27092,14268.871153456916,-26719.728557896047,300.0,-1,3,-1.0
27003,27093,26766.47655742822,-21237.74599535584,486.0,-1,45,-1.0
27004,27094,-18534.88549647116,-23221.956524254565,407.0,-1,36,-1.0
27005,27095,-731.4226120498934,-12535.000380246118,75.0,-1,31,-1.0
27006,27096,3424.524058404102,39178.30618614759,189.0,-1,-1,-1.0
27007,27097,-20474.132969663453,39403.53061683639,38.0,-1,-1,-1.0
27008,27098,12344.306913883687,-25302.7230970182,404.0,-1,-1,-1.0
27009,27099,15894.954170932724,-31869.079468513934,267.0,-1,-1,-1.0
27010,27100,26835.881072516877,-11380.250035841807,33.0,23,45,51.0
27011,27101,26798.10286261942,-11472.281815091825,38.0,23,45,51.0
27012,27102,26841.50756347216,-11561.942090212073,39.0,23,45,51.0
27013,27103,26842.126781017265,-11533.083634957824,39.0,23,45,51.0
27014,27104,26745.39275628802,-11572.757825480272,39.0,23,45,51.0
27015,27105,26915.18025038907,-11561.506084159006,40.0,23,45,51.0
27016,27106,26904.6363023854,-11615.48442777423,40.0,23,45,51.0
27017,27107,26871.33936474639,-11643.606018717466,40.0,23,45,51.0
27018,27108,26891.350910947647,-11702.21381893889,41.0,23,45,51.0
27019,27109,26979.58703947984,-11724.677010136891,41.0,23,45,51.0
27020,27110,26829.31378427012,-11767.390696280689,45.0,23,45,51.0
27021,27111,26900.14888138429,-11803.241344438513,45.0,23,45,51.0
27022,27112,26847.75599996361,-11876.27213351726,46.0,23,45,51.0
27023,27113,26983.35899348267,-11866.05112880988,49.0,23,45,51.0
27024,27114,26998.202934946545,-11954.448890636884,50.0,23,45,51.0
27025,27115,26925.12069424961,-12029.194348019771,51.0,23,45,51.0
27026,27116,27075.182472273,-11991.008623855394,51.0,23,45,51.0
27027,27117,27114.437462734684,-11983.689835466805,52.0,23,45,51.0
27028,27118,26902.65915488291,-12084.923085843297,52.0,23,45,51.0
27029,27119,26974.02280119172,-12109.762509322256,53.0,23,45,51.0
27030,27120,27062.623310460844,-12211.077011999814,54.0,23,45,51.0
27031,27121,27142.225821230728,-12289.754398639348,55.0,23,45,51.0
27032,27122,27045.08474424734,-12307.604561285714,55.0,23,45,51.0
27033,27123,27149.95131177666,-12270.006334850876,55.0,23,45,51.0
27034,27124,27045.45470980234,-12278.719067737144,55.0,23,45,51.0
27035,27125,27182.341534573527,-12320.882600168668,56.0,23,45,51.0
27036,27126,27174.70550082785,-12303.971480730504,56.0,23,45,51.0
27037,27127,27260.80011519316,-12304.909600302455,57.0,23,45,51.0
27038,27128,27265.147384769654,-12403.955754770252,58.0,23,45,51.0
27039,27129,27240.8561479068,-12344.56667232538,58.0,23,45,51.0
27040,27130,27192.37372933627,-12432.898239409466,59.0,23,45,51.0
27041,27131,27104.828809531515,-12403.87378294884,62.0,23,45,51.0
27042,27132,27047.098784044538,-12524.158393021798,63.0,23,45,51.0
27043,27133,27059.574436017,-12599.68970212992,64.0,23,45,51.0
27044,27134,26956.56004642292,-12588.949446327731,64.0,23,45,51.0
27045,27135,27007.283915033848,-12609.59869382928,64.0,23,45,51.0
27046,27136,27088.43602201365,-12694.513522219802,66.0,23,45,51.0
27047,27137,27014.26376118325,-12750.314785474093,67.0,23,45,51.0
27048,27138,27018.97614684321,-12852.882817640691,70.0,23,45,51.0
27049,27139,27138.33660489291,-12890.667223487348,71.0,23,45,51.0
27050,27140,26991.80723123823,-12891.766158559583,72.0,23,45,51.0
27051,27141,26904.040258333,-12923.091580747372,73.0,23,45,51.0
27052,27142,26882.872727989656,-13019.631480043236,74.0,23,45,51.0
27053,27143,26825.06725613705,-13109.094162217296,76.0,23,45,51.0
27054,27144,26876.539906758364,-13210.379200740548,78.0,23,45,51.0
27055,27145,26813.371642262624,-13211.155859563783,78.0,23,45,51.0
27056,27146,26752.840968893204,-13244.47219859236,79.0,23,45,51.0
27057,27147,26690.62566332693,-13274.141496136406,80.0,23,45,51.0
27058,27148,26749.463072224706,-13348.149320790417,81.0,23,45,51.0
27059,27149,26645.95733435419,-13344.069510072031,81.0,23,45,51.0
27060,27150,26769.01626169968,-13377.91683117698,81.0,23,45,51.0
27061,27151,26721.178088067867,-13455.191438180576,84.0,23,45,51.0
27062,27152,26680.275355839065,-13535.582666252494,85.0,23,45,51.0
27063,27153,26660.67592239954,-13642.31677516051,87.0,23,45,51.0
27064,27154,26714.64769518734,-13686.606158124196,88.0,23,45,51.0
27065,27155,26628.79568112338,-13712.9865370785,88.0,23,45,51.0
27066,27156,26601.164924474444,-13737.214076100352,89.0,23,45,51.0
27067,27157,26599.12131266766,-13772.569712228376,89.0,23,45,51.0
27068,27158,26678.62766978087,-13784.914846833475,89.0,23,45,51.0
27069,27159,26610.35798077485,-13859.870010754974,90.0,23,45,51.0
27070,27160,26740.487550923357,-13790.628649437973,90.0,23,45,51.0
27071,27161,26638.601724680528,-13869.297135365105,92.0,23,45,51.0
27072,27162,26627.946862314227,-13934.591230918551,93.0,23,45,51.0
27073,27163,26604.18911910976,-14006.089822750457,94.0,23,45,51.0
27074,27164,26730.34251174488,-13979.665462785508,94.0,23,45,51.0
27075,27165,26617.875092300448,-14089.557073518308,95.0,23,45,51.0
27076,27166,26715.919107670623,-14149.562667191412,99.0,23,45,51.0
27077,27167,26615.15580641688,-14189.990488578418,99.0,23,45,51.0
27078,27168,26668.200243859537,-14234.351586993173,103.0,23,45,51.0
27079,27169,26672.41230414474,-14326.256421445076,105.0,23,45,51.0
27080,27170,26660.362955524724,-14333.873244277976,105.0,23,45,51.0
27081,27171,26687.537852365887,-14344.3407117367,105.0,23,45,51.0
27082,27172,26600.250629190497,-14396.341377221011,106.0,23,45,51.0
27083,27173,26610.614416123502,-14475.65054222034,109.0,23,45,51.0
27084,27174,26550.783530970424,-14496.762310518729,109.0,23,45,51.0
27085,27175,26618.24102176846,-14541.922989049386,110.0,23,45,51.0
27086,27176,26569.29200318972,-14620.667608449585,111.0,23,45,51.0
27087,27177,26622.925899043632,-14713.895214971151,112.0,23,45,51.0
27088,27178,26528.84000889031,-14772.523619071788,113.0,23,45,51.0
27089,27179,26510.270120743036,-14881.634266989626,114.0,23,45,51.0
27090,27180,26414.958757754564,-14894.834889998016,116.0,23,45,51.0
27091,27181,26577.78678311718,-14957.972621697449,116.0,23,45,51.0
27092,27182,26559.528990256586,-15012.673775611944,117.0,23,45,51.0
27093,27183,26473.03574878181,-15060.747942909788,117.0,23,45,51.0
27094,27184,26511.93597706837,-15123.493866590625,118.0,23,45,51.0
27095,27185,26618.283191312647,-15087.734056573508,118.0,23,45,51.0
27096,27186,26548.576505513614,-15197.36674194894,119.0,23,45,51.0
27097,27187,26574.328368892,-15242.95240647921,119.0,23,45,51.0
27098,27188,26641.38741135353,-15302.83118908006,120.0,23,45,51.0
27099,27189,26592.597030125715,-15313.378257425751,120.0,23,45,51.0
27100,27190,26541.829447745236,-15324.004952092826,120.0,23,45,51.0
27101,27191,26580.75060150558,-15325.709394817388,120.0,23,45,51.0
27102,27192,26524.19263941918,-15363.298490341143,121.0,23,45,51.0
27103,27193,26612.386114690107,-15356.306607621184,122.0,23,45,51.0
27104,27194,26669.267460738065,-15455.20926236713,124.0,23,45,51.0
27105,27195,26621.52379731644,-15528.579293640812,125.0,23,45,51.0
27106,27196,26589.870532123547,-15616.522024492067,127.0,23,45,51.0
27107,27197,26639.16442782634,-15604.842836232749,127.0,23,45,51.0
27108,27198,26731.743306624907,-15668.329670237586,128.0,23,45,51.0
27109,27199,26634.159744478115,-15713.922748092224,128.0,23,45,51.0
27110,27200,26636.259282445844,-15752.72751364106,129.0,23,45,51.0
27111,27201,26688.307879530035,-15857.086732141932,130.0,23,45,51.0
27112,27202,26772.05658243977,-15878.76072558549,131.0,23,45,51.0
27113,27203,26734.178390816945,-15981.59449387293,132.0,23,45,51.0
27114,27204,26727.344188257604,-16050.570774516158,133.0,23,45,51.0
27115,27205,26652.48829014157,-16077.977917744773,133.0,23,45,51.0
27116,27206,26734.37189833869,-16145.740606663425,134.0,23,45,51.0
27117,27207,26590.51111589288,-15988.280930057055,134.0,23,45,51.0
27118,27208,26603.12850093529,-16115.26208286641,134.0,23,45,51.0
27119,27209,26731.940334437742,-16057.541557838862,135.0,23,45,51.0
27120,27210,26645.479475639426,-16171.33733859161,135.0,23,45,51.0
27121,27211,26769.744770921512,-16181.846133008628,136.0,23,45,51.0
27122,27212,26750.93452846417,-16323.998336179046,137.0,23,45,51.0
27123,27213,26680.27806277329,-16360.087456751638,138.0,23,45,51.0
27124,27214,26621.480498196343,-16458.5979692202,139.0,23,45,51.0
27125,27215,26636.509124409105,-16577.520016708873,140.0,23,45,51.0
27126,27216,26623.33798330076,-16657.571370712616,141.0,23,45,51.0
27127,27217,26658.229823496767,-16757.70370688061,142.0,23,45,51.0
27128,27218,26722.83793406814,-16839.454092627646,149.0,23,45,51.0
27129,27219,26704.32720774534,-16938.42114481966,150.0,23,45,51.0
27130,27220,26802.203715100943,-16942.373403906397,151.0,23,45,51.0
27131,27221,26759.945657664888,-17008.781276895726,152.0,23,45,51.0
27132,27222,26699.67020084986,-17100.810685045286,153.0,23,45,51.0
27133,27223,26705.137821132317,-17072.549502076577,153.0,23,45,51.0
27134,27224,26706.34360686925,-17193.264126343198,154.0,23,45,51.0
27135,27225,26700.64698435084,-17147.36351983917,154.0,23,45,51.0
27136,27226,26763.042504343008,-17145.785144610447,154.0,23,45,51.0
27137,27227,26711.769084879976,-17252.94612679136,156.0,23,45,51.0
27138,27228,26739.159352432605,-17332.500454063615,157.0,23,45,51.0
27139,27229,26753.06615590272,-17359.27757272815,157.0,23,45,51.0
27140,27230,26744.64411478297,-17478.32968124899,158.0,23,45,51.0
27141,27231,26685.427894286608,-17403.22203800594,158.0,23,45,51.0
27142,27232,26788.610547624485,-17487.645445365335,160.0,23,45,51.0
27143,27233,26592.27437660169,-17437.915236770634,160.0,23,45,51.0
27144,27234,26742.9343961126,-17550.800789621677,161.0,23,45,51.0
27145,27235,26792.78881677669,-17576.514838720115,161.0,23,45,51.0
27146,27236,26672.86702436664,-17553.421484474013,165.0,23,45,51.0
27147,27237,26836.68850987264,-17685.649998016477,165.0,23,45,51.0
27148,27238,26879.0815548328,-17655.21309414363,166.0,23,45,51.0
27149,27239,26822.27479908594,-17702.777422846673,166.0,23,45,51.0
27150,27240,26656.655682378067,-17608.16561728288,166.0,23,45,51.0
27151,27241,26737.77910173542,-17714.311617781357,168.0,23,45,51.0
27152,27242,26835.17233017415,-17777.331690021856,168.0,23,45,51.0
27153,27243,26839.915614445294,-17837.621522685546,174.0,23,45,51.0
27154,27244,26727.517003938083,-17836.878331598997,177.0,23,45,51.0
27155,27245,26730.79163959927,-17948.89448806279,178.0,23,45,51.0
27156,27246,26655.063662676264,-18092.98654159336,182.0,23,45,51.0
27157,27247,26822.83336590911,-18001.44988238852,182.0,23,45,51.0
27158,27248,26737.247008142083,-18110.097327090432,183.0,23,45,51.0
27159,27249,26794.391687709653,-18116.324779900104,183.0,23,45,51.0
27160,27250,26819.40963985145,-18141.448533314728,183.0,23,45,51.0
27161,27251,26760.930086171637,-18252.556358532765,184.0,23,45,51.0
27162,27252,26841.07936426253,-18237.455064576272,185.0,23,45,51.0
27163,27253,26829.60482961515,-18353.95031449198,185.0,23,45,51.0
27164,27254,26760.43081755484,-18357.007685073244,185.0,23,45,51.0
27165,27255,26794.12144470535,-18340.970031087672,185.0,23,45,51.0
27166,27256,26709.44830888262,-18418.32905640656,186.0,23,45,51.0
27167,27257,26638.570496605626,-18485.166663010903,189.0,23,45,51.0
27168,27258,26647.274302026297,-18469.869178539426,189.0,23,45,51.0
27169,27259,26695.544097882124,-18571.552416702743,192.0,23,45,51.0
27170,27260,26550.003243560783,-18526.055019558968,192.0,23,45,51.0
27171,27261,26554.57272180766,-18637.629353687757,195.0,23,45,51.0
27172,27262,26564.983782197654,-18684.5444983804,195.0,23,45,51.0
27173,27263,26619.058640978343,-18743.393456586386,196.0,23,45,51.0
27174,27264,26565.84492784534,-18725.3248338822,196.0,23,45,51.0
27175,27265,26653.16191106638,-18794.623870701816,197.0,23,45,51.0
27176,27266,26624.92611641425,-18822.01615548531,197.0,23,45,51.0
27177,27267,26734.99363961744,-18793.61829154295,198.0,23,45,51.0
27178,27268,26508.934080136027,-18783.18699996002,199.0,23,45,51.0
27179,27269,26660.99949891216,-18892.96719976695,199.0,23,45,51.0
27180,27270,26778.19989804696,-18819.082609128152,199.0,23,45,51.0
27181,27271,26527.44073114353,-18869.33756549161,200.0,23,45,51.0
27182,27272,26664.79869318025,-18929.72447259233,200.0,23,45,51.0
27183,27273,26843.21044690946,-18823.685713509927,200.0,23,45,51.0
27184,27274,26681.14156629681,-18898.38877438053,201.0,23,45,51.0
27185,27275,26870.557734074657,-18935.904700287643,201.0,23,45,51.0
27186,27276,26918.320914489854,-18901.83702205811,201.0,23,45,51.0
27187,27277,26822.66674568269,-18923.549019938702,201.0,23,45,51.0
27188,27278,26933.15704375048,-18809.635324835443,201.0,23,45,51.0
27189,27279,26985.39450103673,-18818.46610268289,202.0,23,45,51.0
27190,27280,26606.710096723804,-18855.43631676398,203.0,23,45,51.0
27191,27281,26589.548270458377,-18980.325241536037,203.0,23,45,51.0
27192,27282,27086.863594957344,-18778.511065899627,203.0,23,45,51.0
27193,27283,26937.18894028928,-18950.631027152365,203.0,23,45,51.0
27194,27284,26599.34757071924,-19013.806633153217,204.0,23,45,51.0
27195,27285,27126.26106131531,-18860.353181244005,204.0,23,45,51.0
27196,27286,27055.04126036797,-18950.685931650703,204.0,23,45,51.0
27197,27287,26590.038149449083,-19098.51846016936,205.0,23,45,51.0
27198,27288,27178.813687627888,-18883.677956364645,205.0,23,45,51.0
27199,27289,26628.67005882516,-19208.13724555517,206.0,23,45,51.0
27200,27290,26632.102272153348,-19194.61914303914,206.0,23,45,51.0
27201,27291,26590.022049989617,-19174.722067049483,206.0,23,45,51.0
27202,27292,27248.23782483239,-18873.522993654697,206.0,23,45,51.0
27203,27293,26645.986553325416,-19279.17520060929,207.0,23,45,51.0
27204,27294,26605.826385903976,-19378.67816939776,208.0,23,45,51.0
27205,27295,27215.106507898992,-18959.810162877075,209.0,23,45,51.0
27206,27296,27261.53569812288,-18962.656578945327,209.0,23,45,51.0
27207,27297,27281.6213692594,-18965.790974699292,209.0,23,45,51.0
27208,27298,27324.37248707296,-19057.534423069963,210.0,23,45,51.0
27209,27299,26560.234417152795,-19447.57897840172,211.0,23,45,51.0
27210,27300,27436.36391401028,-19062.536395388448,211.0,23,45,51.0
27211,27301,27411.680518800706,-19063.03251575054,211.0,23,45,51.0
27212,27302,27404.87315939325,-19141.021657031164,211.0,23,45,51.0
27213,27303,26572.275823938955,-19551.62027962377,212.0,23,45,51.0
27214,27304,26656.72442794125,-19573.58699568412,213.0,23,45,51.0
27215,27305,27489.562194977927,-19164.249581006832,213.0,23,45,51.0
27216,27306,27484.621021469837,-19201.11277330394,213.0,23,45,51.0
27217,27307,26628.567263589703,-19683.602162441588,215.0,23,45,51.0
27218,27308,27561.266788983223,-19234.13578579351,215.0,23,45,51.0
27219,27309,27679.59995660823,-19252.634896064243,216.0,23,45,51.0
27220,27310,26603.4646580554,-19729.92101788572,217.0,23,45,51.0
27221,27311,27697.42953042205,-19341.66577792829,217.0,23,45,51.0
27222,27312,26574.90240078793,-19789.51836918117,220.0,23,45,51.0
27223,27313,26507.98725406931,-19826.809734590395,222.0,23,45,51.0
27224,27314,27762.118928016163,-19299.177190948645,222.0,23,45,51.0
27225,27315,26551.19716035815,-19894.463658798897,223.0,23,45,51.0
27226,27316,26418.690210276138,-19847.440625614858,223.0,23,45,51.0
27227,27317,26544.48542259599,-19921.44092457958,223.0,23,45,51.0
27228,27318,26517.304824360497,-19949.712110496966,223.0,23,45,51.0
27229,27319,26537.06954812001,-19982.519248616325,224.0,23,45,51.0
27230,27320,27827.4097753531,-19358.95717966388,225.0,23,45,51.0
27231,27321,26557.841462065426,-20056.52676210673,226.0,23,45,51.0
27232,27322,27918.10974528167,-19340.362880947298,226.0,23,45,51.0
27233,27323,28014.757017460903,-19329.60235368584,227.0,23,45,51.0
27234,27324,28105.06077076021,-19415.855004768917,228.0,23,45,51.0
27235,27325,26527.859755268844,-20115.570083057213,229.0,23,45,51.0
27236,27326,26646.41491821144,-20059.72216468388,229.0,23,45,51.0
27237,27327,28178.432711244845,-19354.61621881073,229.0,23,45,51.0
27238,27328,26555.60280624996,-20159.364200493288,230.0,23,45,51.0
27239,27329,26487.349704346518,-20128.793786360628,230.0,23,45,51.0
27240,27330,26603.923022257328,-20156.826943802796,230.0,23,45,51.0
27241,27331,26665.90775513152,-20154.39912653969,230.0,23,45,51.0
27242,27332,28210.99364256772,-19433.39084419223,230.0,23,45,51.0
27243,27333,28129.86613161861,-19452.853853126853,230.0,23,45,51.0
27244,27334,26559.4735228842,-20254.796565226563,231.0,23,45,51.0
27245,27335,28272.61827022389,-19453.8865687741,231.0,23,45,51.0
27246,27336,28316.30805228763,-19538.26546512329,234.0,23,45,51.0
27247,27337,26670.85470620058,-20331.622100415163,235.0,23,45,51.0
27248,27338,28420.810914509224,-19536.56527191517,236.0,23,45,51.0
27249,27339,28416.016597603317,-19555.31707708636,236.0,23,45,51.0
27250,27340,28274.537671974216,-19653.747366419757,236.0,23,45,51.0
27251,27341,28326.116260308165,-19540.189104798654,236.0,23,45,51.0
27252,27342,26654.973658994768,-20440.109281500223,236.0,23,45,51.0
27253,27343,28442.58775239947,-19644.45336458927,237.0,23,45,51.0
27254,27344,28392.88803680038,-19650.790241659543,237.0,23,45,51.0
27255,27345,26707.483629097536,-20521.846730370133,237.0,23,45,51.0
27256,27346,26739.77579596063,-20430.52135724148,237.0,23,45,51.0
27257,27347,26548.619641871795,-20332.727977729603,238.0,23,45,51.0
27258,27348,26636.028489018325,-20344.92142208749,238.0,23,45,51.0
27259,27349,28518.84424962301,-19613.28176925379,238.0,23,45,51.0
27260,27350,26469.516609572816,-20368.057520443286,239.0,23,45,51.0
27261,27351,26505.32755037235,-20392.405122457425,239.0,23,45,51.0
27262,27352,26755.049054327785,-20564.35807365233,239.0,23,45,51.0
27263,27353,28509.226085256963,-19724.50635482651,240.0,23,45,51.0
27264,27354,26806.890597605958,-20589.81716297991,240.0,23,45,51.0
27265,27355,28544.52272490162,-19819.56603412533,241.0,23,45,51.0
27266,27356,26914.73037675592,-20569.657311507588,241.0,23,45,51.0
27267,27357,26764.08388611744,-20654.15852346656,241.0,23,45,51.0
27268,27358,28618.99260211969,-19883.459341236336,242.0,23,45,51.0
27269,27359,26867.028190165343,-20758.840877223487,242.0,23,45,51.0
27270,27360,26899.97824225124,-20637.60620006507,242.0,23,45,51.0
27271,27361,26800.604555486367,-20692.44338496896,242.0,23,45,51.0
27272,27362,26955.682057267444,-20718.051471392955,243.0,23,45,51.0
27273,27363,26418.35235908392,-20438.53196862788,244.0,23,45,51.0
27274,27364,26482.233451037915,-20441.18476620704,244.0,23,45,51.0
27275,27365,28702.6042180784,-19894.23092670204,244.0,23,45,51.0
27276,27366,27041.56832085693,-20718.12383476097,244.0,23,45,51.0
27277,27367,26374.407410244017,-20545.783595348246,245.0,23,45,51.0
27278,27368,28728.606401016328,-19975.373138890507,245.0,23,45,51.0
27279,27369,27080.982593916942,-20813.21593346634,245.0,23,45,51.0
27280,27370,26977.50810847919,-20819.898458068503,245.0,23,45,51.0
27281,27371,27049.00649439213,-20786.548137022288,245.0,23,45,51.0
27282,27372,28771.07782661192,-20014.53382253816,247.0,23,45,51.0
27283,27373,28753.97858273949,-20055.37995948936,247.0,23,45,51.0
27284,27374,26319.74296287778,-20644.762526142305,248.0,23,45,51.0
27285,27375,28717.881235240195,-20109.053371451024,248.0,23,45,51.0
27286,27376,27144.20164025608,-20816.24126446144,248.0,23,45,51.0
27287,27377,26340.65573094805,-20781.631427573546,249.0,23,45,51.0
27288,27378,26275.29248428994,-20727.865232687334,249.0,23,45,51.0
27289,27379,27213.31578136838,-20887.982826276184,249.0,23,45,51.0
27290,27380,27237.51368839845,-20861.521466809558,249.0,23,45,51.0
27291,27381,26195.572666947748,-20798.41311880905,250.0,23,45,51.0
27292,27382,26323.84261941789,-20867.584292202788,250.0,23,45,51.0
27293,27383,26301.12237697154,-20875.141384238475,250.0,23,45,51.0
27294,27384,28821.77408964408,-20097.35351670147,250.0,23,45,51.0
27295,27385,28772.396096972872,-20151.268817900203,250.0,23,45,51.0
27296,27386,27241.420240536616,-20962.386538159437,250.0,23,45,51.0
27297,27387,26282.12572766749,-20928.915658172584,251.0,23,45,51.0
27298,27388,26297.73038052918,-20977.85738335201,251.0,23,45,51.0
27299,27389,28810.925969879303,-20244.254261748887,251.0,23,45,51.0
27300,27390,27349.902633665803,-20963.92074332646,251.0,23,45,51.0
27301,27391,27288.69926544217,-21035.121242961693,251.0,23,45,51.0
27302,27392,28899.58907409949,-20256.91293226437,253.0,23,45,51.0
27303,27393,27338.206549998904,-21117.31185577801,253.0,23,45,51.0
27304,27394,27404.82091955634,-21222.877549169792,254.0,23,45,51.0
27305,27395,26240.50777889149,-21004.726008932263,255.0,23,45,51.0
27306,27396,28998.35700433992,-20305.979587583435,255.0,23,45,51.0
27307,27397,26223.43732638444,-21065.621369647582,256.0,23,45,51.0
27308,27398,29094.33357003565,-20365.24216133548,256.0,23,45,51.0
27309,27399,27489.5152829414,-21243.755957136036,256.0,23,45,51.0
27310,27400,26301.00431326231,-21041.40247520584,257.0,23,45,51.0
27311,27401,26291.92469950919,-21118.07326977371,257.0,23,45,51.0
27312,27402,27575.668927838447,-21324.8918884572,257.0,23,45,51.0
27313,27403,26310.97300890345,-21155.20037423648,258.0,23,45,51.0
27314,27404,29180.877066396893,-20395.34183621695,258.0,23,45,51.0
27315,27405,27576.541099184367,-21401.556229660277,258.0,23,45,51.0
27316,27406,27678.264862801014,-21319.354707175386,258.0,23,45,51.0
27317,27407,26282.889456442317,-21235.808518021644,259.0,23,45,51.0
27318,27408,26397.654921643763,-21246.058575852967,259.0,23,45,51.0
27319,27409,27724.978890807884,-21345.39601939388,259.0,23,45,51.0
27320,27410,27814.396104783147,-21337.07982980681,260.0,23,45,51.0
27321,27411,26334.93801493595,-21368.34543700605,261.0,23,45,51.0
27322,27412,26367.16173104878,-21332.165890446904,261.0,23,45,51.0
27323,27413,27933.74377962481,-21293.880425754745,261.0,23,45,51.0
27324,27414,27978.130929564944,-21361.12391370457,262.0,23,45,51.0
27325,27415,26336.7098144569,-21456.152199384254,263.0,23,45,51.0
27326,27416,29271.2936423006,-20344.54999515423,263.0,23,45,51.0
27327,27417,28054.307805531327,-21429.18189833026,263.0,23,45,51.0
27328,27418,27964.833063222984,-21433.6264159841,263.0,23,45,51.0
27329,27419,26423.81301420324,-21584.0350105848,264.0,23,45,51.0
27330,27420,26332.59061586824,-21546.21512657538,264.0,23,45,51.0
27331,27421,28129.287637903733,-21393.29691850383,264.0,23,45,51.0
27332,27422,26379.319810106408,-21659.53873563212,266.0,23,45,51.0
27333,27423,26455.954406061705,-21672.808563576265,266.0,23,45,51.0
27334,27424,26299.21823139695,-21638.00856467731,266.0,23,45,51.0
27335,27425,28138.204244018347,-21465.80715659919,266.0,23,45,51.0
27336,27426,26283.01980926261,-21698.24625870792,267.0,23,45,51.0
27337,27427,29267.066063330312,-20422.59133250847,267.0,23,45,51.0
27338,27428,28140.7127137547,-21568.424788179684,267.0,23,45,51.0
27339,27429,29348.478432785487,-20497.408140175736,268.0,23,45,51.0
27340,27430,29357.117274925648,-20366.973203050944,268.0,23,45,51.0
27341,27431,28259.7435783292,-21503.64084899331,268.0,23,45,51.0
27342,27432,28221.370125291392,-21541.16363206009,268.0,23,45,51.0
27343,27433,26207.101113220782,-21778.870227784508,269.0,23,45,51.0
27344,27434,28210.05553379018,-21612.96154139384,269.0,23,45,51.0
27345,27435,28347.89142178104,-21467.30038868626,269.0,23,45,51.0
27346,27436,28344.346760060584,-21428.08946722788,269.0,23,45,51.0
27347,27437,28309.82382069886,-21537.767893694472,269.0,23,45,51.0
27348,27438,26287.382978344693,-21817.44518578448,270.0,23,45,51.0
27349,27439,26233.40092087711,-21859.96212851758,270.0,23,45,51.0
27350,27440,29414.18520641835,-20484.668441898168,270.0,23,45,51.0
27351,27441,29354.94862352258,-20315.56715637327,270.0,23,45,51.0
27352,27442,28359.80528950868,-21609.25360434938,270.0,23,45,51.0
27353,27443,26352.860812788196,-21929.19186005417,271.0,23,45,51.0
27354,27444,26422.010366331277,-21959.561141602902,272.0,23,45,51.0
27355,27445,26398.470853417584,-21950.516450221792,272.0,23,45,51.0
27356,27446,26336.542135912423,-22031.65842368965,272.0,23,45,51.0
27357,27447,26384.577335583457,-22046.52787867506,272.0,23,45,51.0
27358,27448,29448.109948557085,-20495.850528377767,272.0,23,45,51.0
27359,27449,26411.61366477985,-22067.271603559,273.0,23,45,51.0
27360,27450,26331.410868662548,-22089.36327048863,273.0,23,45,51.0
27361,27451,29548.44986071389,-20442.68039183696,273.0,23,45,51.0
27362,27452,28487.95416446885,-21625.58632568536,273.0,23,45,51.0
27363,27453,28394.150234604625,-21723.82979888251,273.0,23,45,51.0
27364,27454,28369.186031534973,-21687.290949696828,273.0,23,45,51.0
27365,27455,26358.85062074157,-22201.88244512123,274.0,23,45,51.0
27366,27456,29601.263517596806,-20537.741628019736,274.0,23,45,51.0
27367,27457,28450.12463421092,-21757.38710132416,274.0,23,45,51.0
27368,27458,28371.598618842498,-21769.938788329404,274.0,23,45,51.0
27369,27459,28529.80253497875,-21657.875493320924,274.0,23,45,51.0
27370,27460,28545.679732592456,-21785.388784612907,275.0,23,45,51.0
27371,27461,29697.76698096494,-20506.196969090623,276.0,23,45,51.0
27372,27462,26467.627014215548,-22210.86013622172,277.0,23,45,51.0
27373,27463,28589.471336614504,-21855.617192999773,277.0,23,45,51.0
27374,27464,28647.27984287785,-21790.491994248256,277.0,23,45,51.0
27375,27465,28508.20005913775,-21884.05564758485,277.0,23,45,51.0
27376,27466,26534.31296702609,-22267.53792175972,278.0,23,45,51.0
27377,27467,29788.09655244278,-20537.480295232017,278.0,23,45,51.0
27378,27468,29807.136651757955,-20542.25929495245,278.0,23,45,51.0
27379,27469,29625.18258993171,-20558.471307799533,278.0,23,45,51.0
27380,27470,29792.19856732929,-20577.170268993978,279.0,23,45,51.0
27381,27471,29850.46359917011,-20557.128015033253,279.0,23,45,51.0
27382,27472,26495.121533920563,-22348.599530071537,280.0,23,45,51.0
27383,27473,26604.22097552281,-22332.1797659472,280.0,23,45,51.0
27384,27474,29949.29950908103,-20598.18438975258,280.0,23,45,51.0
27385,27475,26553.824525648222,-22453.83831264084,281.0,23,45,51.0
27386,27476,30015.52808216854,-20657.447971137764,281.0,23,45,51.0
27387,27477,28639.344897016377,-21896.868235275764,281.0,23,45,51.0
27388,27478,30104.45811342962,-20722.022894412337,282.0,23,45,51.0
27389,27479,28585.309006604177,-21962.99383920377,282.0,23,45,51.0
27390,27480,26579.327930430256,-22542.15917124321,283.0,23,45,51.0
27391,27481,30189.87859975681,-20669.288957667057,283.0,23,45,51.0
27392,27482,30150.104912452545,-20823.09851793136,283.0,23,45,51.0
27393,27483,30073.41105435273,-20808.80810900441,283.0,23,45,51.0
27394,27484,30160.908073843773,-20779.678573268862,283.0,23,45,51.0
27395,27485,26552.920631412515,-22648.10747372502,284.0,23,45,51.0
27396,27486,26641.23363730664,-22651.598972078413,284.0,23,45,51.0
27397,27487,30103.055887895534,-20855.85641351416,284.0,23,45,51.0
27398,27488,30150.62372743413,-20829.68407149433,284.0,23,45,51.0
27399,27489,28584.52557013857,-22093.482604532983,284.0,23,45,51.0
27400,27490,28633.107949177283,-22075.119492935864,284.0,23,45,51.0
27401,27491,28679.734992756617,-22003.66440986605,284.0,23,45,51.0
27402,27492,26639.737405458585,-22778.086226086565,285.0,23,45,51.0
27403,27493,26565.26395562195,-22731.91348636404,285.0,23,45,51.0
27404,27494,26661.938735899937,-22702.545480039564,285.0,23,45,51.0
27405,27495,28713.81624429889,-22058.154414838547,285.0,23,45,51.0
27406,27496,28697.63708262851,-22081.627749119376,285.0,23,45,51.0
27407,27497,30228.70773115061,-20931.56653491539,286.0,23,45,51.0
27408,27498,28672.9921631912,-22139.22346597754,286.0,23,45,51.0
27409,27499,26571.861304535392,-22848.9157952586,287.0,23,45,51.0
27410,27500,26493.33331192256,-22920.503752529887,288.0,23,45,51.0
27411,27501,28743.933220382158,-22226.951151947163,288.0,23,45,51.0
27412,27502,26499.22880342296,-23014.0756995972,289.0,23,45,51.0
27413,27503,26423.645172515207,-22987.73576946269,289.0,23,45,51.0
27414,27504,30319.077960319068,-20972.936083309083,289.0,23,45,51.0
27415,27505,30296.81709522267,-20976.053576700546,289.0,23,45,51.0
27416,27506,30298.168048507825,-20977.209887713863,289.0,23,45,51.0
27417,27507,28835.526696819896,-22269.623113356225,289.0,23,45,51.0
27418,27508,28772.711837852523,-22335.219494828263,289.0,23,45,51.0
27419,27509,26515.87950070577,-23035.83737997417,290.0,23,45,51.0
27420,27510,26367.00046092759,-22931.829923643025,290.0,23,45,51.0
27421,27511,26430.367674225185,-23110.496226335687,290.0,23,45,51.0
27422,27512,28819.02900528128,-22383.66718480281,290.0,23,45,51.0
27423,27513,28903.398423184943,-22342.46033316007,290.0,23,45,51.0
27424,27514,30265.58000510473,-21063.6778168055,291.0,23,45,51.0
27425,27515,28981.367826699803,-22389.01178153212,291.0,23,45,51.0
27426,27516,26346.624649033427,-22969.638459630376,292.0,23,45,51.0
27427,27517,30362.7198041972,-21060.146007193114,292.0,23,45,51.0
27428,27518,30362.822157554856,-21181.40749406641,292.0,23,45,51.0
27429,27519,30227.71384561062,-21176.05374852567,292.0,23,45,51.0
27430,27520,26230.133497165258,-22964.818837422303,293.0,23,45,51.0
27431,27521,26228.88129967508,-23040.822094213527,294.0,23,45,51.0
27432,27522,30360.07983142472,-21212.56361384292,294.0,23,45,51.0
27433,27523,29100.79097921829,-22457.283214702144,294.0,23,45,51.0
27434,27524,30370.08272701072,-21275.320950009034,296.0,23,45,51.0
27435,27525,29139.656038438767,-22533.52512136684,296.0,23,45,51.0
27436,27526,26254.98299931018,-23109.50904987818,297.0,23,45,51.0
27437,27527,26169.38201483891,-23097.169566087035,297.0,23,45,51.0
27438,27528,30450.857360712733,-21355.86915047897,297.0,23,45,51.0
27439,27529,29211.10056596334,-22523.85406415958,297.0,23,45,51.0
27440,27530,30492.34660435329,-21450.30966923571,298.0,23,45,51.0
27441,27531,29333.79588163796,-22531.50391148808,298.0,23,45,51.0
27442,27532,29209.48737062789,-22626.807647969625,298.0,23,45,51.0
27443,27533,26155.93697968587,-23197.835171636645,299.0,23,45,51.0
27444,27534,26179.15859270649,-23218.65193199632,299.0,23,45,51.0
27445,27535,29380.621570444,-22616.48094652962,299.0,23,45,51.0
27446,27536,29361.23664298279,-22627.19169876545,299.0,23,45,51.0
27447,27537,26244.47888765759,-23277.96965314852,300.0,23,45,51.0
27448,27538,30601.91071866343,-21432.117956402733,300.0,23,45,51.0
27449,27539,26231.416428902485,-23366.606613180586,301.0,23,45,51.0
27450,27540,30631.665800750437,-21494.85895443648,301.0,23,45,51.0
27451,27541,30672.7328434005,-21419.899883648093,301.0,23,45,51.0
27452,27542,30628.372921975213,-21511.959270206586,301.0,23,45,51.0
27453,27543,26184.06160614888,-23443.678992500445,302.0,23,45,51.0
27454,27544,30755.543312598304,-21445.9406134276,302.0,23,45,51.0
27455,27545,30706.44689101837,-21428.417467702307,302.0,23,45,51.0
27456,27546,29454.341952405903,-22711.932626994887,302.0,23,45,51.0
27457,27547,29382.634421530096,-22720.216757825445,302.0,23,45,51.0
27458,27548,26172.12522458512,-23513.38365699152,303.0,23,45,51.0
27459,27549,29495.96848156311,-22790.589870055053,303.0,23,45,51.0
27460,27550,26161.602750445378,-23651.96409588325,304.0,23,45,51.0
27461,27551,30717.31896565187,-21527.021103278377,304.0,23,45,51.0
27462,27552,29508.372083860973,-22709.05016551804,305.0,23,45,51.0
27463,27553,26133.991213970105,-23722.869111753087,306.0,23,45,51.0
27464,27554,26238.97479101867,-23715.17683265838,306.0,23,45,51.0
27465,27555,30786.432848424065,-21563.919148889992,306.0,23,45,51.0
27466,27556,30808.212794932864,-21559.32826878472,306.0,23,45,51.0
27467,27557,29623.99971478828,-22709.360478137183,306.0,23,45,51.0
27468,27558,29541.07274221734,-22777.418695174245,306.0,23,45,51.0
27469,27559,29617.32781005084,-22773.87106838272,306.0,23,45,51.0
27470,27560,26200.41596048148,-23815.45884852988,307.0,23,45,51.0
27471,27561,30820.078535381675,-21664.8667951724,307.0,23,45,51.0
27472,27562,26107.908630096863,-23881.955290366222,308.0,23,45,51.0
27473,27563,26126.58448107803,-23900.486533873314,308.0,23,45,51.0
27474,27564,30910.895367321147,-21704.775018972217,308.0,23,45,51.0
27475,27565,29683.06218521417,-22731.87819659769,308.0,23,45,51.0
27476,27566,29644.714603557077,-22689.514784553103,308.0,23,45,51.0
27477,27567,26069.345316433184,-23978.06353126166,309.0,23,45,51.0
27478,27568,30954.10027770938,-21784.509542716576,309.0,23,45,51.0
27479,27569,31029.27944432427,-21784.986060877636,310.0,23,45,51.0
27480,27570,30928.969971182432,-21902.7188559729,310.0,23,45,51.0
27481,27571,29742.60751884935,-22769.072795207,310.0,23,45,51.0
27482,27572,30975.97372918575,-21951.02447215313,311.0,23,45,51.0
27483,27573,26131.164137277927,-24056.600780825316,312.0,23,45,51.0
27484,27574,29753.716505354667,-22852.51982124779,312.0,23,45,51.0
27485,27575,29814.222261781044,-22789.90144511174,312.0,23,45,51.0
27486,27576,26109.81881206922,-24146.86280306906,313.0,23,45,51.0
27487,27577,29921.396702425565,-22861.19731008137,313.0,23,45,51.0
27488,27578,26150.254986414056,-24248.205990972787,314.0,23,45,51.0
27489,27579,26062.4061487818,-24271.101119746167,314.0,23,45,51.0
27490,27580,31055.5295388713,-22022.693829532927,314.0,23,45,51.0
27491,27581,29935.7858457158,-22957.81427832048,314.0,23,45,51.0
27492,27582,26147.20487991056,-24323.70806097201,315.0,23,45,51.0
27493,27583,26129.598615116232,-24356.33264486165,315.0,23,45,51.0
27494,27584,31152.95056408901,-22037.907540008822,315.0,23,45,51.0
27495,27585,30959.72239707411,-22103.40618587736,315.0,23,45,51.0
27496,27586,30026.2359391451,-22944.3516353016,315.0,23,45,51.0
27497,27587,26206.6207540187,-24395.39624851158,316.0,23,45,51.0
27498,27588,26118.60310387033,-24469.58983020183,316.0,23,45,51.0
27499,27589,31154.754327136707,-22050.659848378065,316.0,23,45,51.0
27500,27590,26121.609493010918,-24537.08230235297,317.0,23,45,51.0
27501,27591,26109.088911032468,-24440.51546394757,317.0,23,45,51.0
27502,27592,31134.14981784883,-22146.76818182253,317.0,23,45,51.0
27503,27593,29995.87637890998,-23032.188912187343,317.0,23,45,51.0
27504,27594,26215.79786616031,-24516.73963063914,318.0,23,45,51.0
27505,27595,31148.918680311792,-22218.300071347006,318.0,23,45,51.0
27506,27596,30126.84250421233,-23018.84658854704,318.0,23,45,51.0
27507,27597,30014.797748636756,-23142.29561497351,318.0,23,45,51.0
27508,27598,31174.453509109066,-22322.494706440368,319.0,23,45,51.0
27509,27599,30162.548547482347,-23081.778766906213,319.0,23,45,51.0
27510,27600,30135.19188280152,-23141.2457915042,319.0,23,45,51.0
27511,27601,30079.24193764129,-23196.977645760384,319.0,23,45,51.0
27512,27602,30186.12036490012,-23232.920124446988,320.0,23,45,51.0
27513,27603,30151.25230135893,-23220.644737484927,320.0,23,45,51.0
27514,27604,30217.48089162296,-23227.72454175929,320.0,23,45,51.0
27515,27605,31285.65892991845,-22384.75965613263,321.0,23,45,51.0
27516,27606,30260.72347366754,-23203.608696400464,321.0,23,45,51.0
27517,27607,30347.650549642,-23179.88035521876,322.0,23,45,51.0
27518,27608,30324.34727459858,-23249.191559527044,322.0,23,45,51.0
27519,27609,30296.23258480112,-23275.31273091,322.0,23,45,51.0
27520,27610,31411.96816425961,-22408.65480741112,324.0,23,45,51.0
27521,27611,30425.006330157525,-23325.670497552783,324.0,23,45,51.0
27522,27612,30435.899402061405,-23221.08088689896,324.0,23,45,51.0
27523,27613,30444.718641132884,-23189.530723972373,324.0,23,45,51.0
27524,27614,26132.58405822846,-24542.903886536653,325.0,23,45,51.0
27525,27615,26227.476598917587,-24593.93599649407,326.0,23,45,51.0
27526,27616,26127.38450261563,-24665.26117328631,326.0,23,45,51.0
27527,27617,26127.720288314787,-24575.054189569742,326.0,23,45,51.0
27528,27618,31451.86021954144,-22517.860105524785,326.0,23,45,51.0
27529,27619,26138.75223353663,-24695.93855936828,327.0,23,45,51.0
27530,27620,26281.12293518536,-24692.5666396535,327.0,23,45,51.0
27531,27621,30500.34038088593,-23173.236965825745,327.0,23,45,51.0
27532,27622,26189.406330180227,-24735.430776704216,329.0,23,45,51.0
27533,27623,31515.88655690028,-22489.42257918681,329.0,23,45,51.0
27534,27624,30580.64342515737,-23234.65010255561,329.0,23,45,51.0
27535,27625,30542.697713380418,-23250.57985080541,329.0,23,45,51.0
27536,27626,31648.258349277105,-22483.457049227956,330.0,23,45,51.0
27537,27627,30608.276487227515,-23301.440385600315,330.0,23,45,51.0
27538,27628,26245.02264408576,-24779.418199759195,331.0,23,45,51.0
27539,27629,26207.92770067377,-24846.165253556563,331.0,23,45,51.0
27540,27630,30663.94874424469,-23393.387179041954,331.0,23,45,51.0
27541,27631,26221.491637871444,-24900.742865543623,332.0,23,45,51.0
27542,27632,31703.556449256608,-22545.00463465878,332.0,23,45,51.0
27543,27633,30697.30072482887,-23310.547910914695,332.0,23,45,51.0
27544,27634,30777.17384884086,-23431.51870709409,332.0,23,45,51.0
27545,27635,26323.372898050085,-24983.9151051823,333.0,23,45,51.0
27546,27636,31782.973959192143,-22435.26038607754,333.0,23,45,51.0
27547,27637,30843.36304153923,-23441.186634538408,333.0,23,45,51.0
27548,27638,30858.132670172214,-23421.53424132472,333.0,23,45,51.0
27549,27639,26424.423157526337,-25063.71596193333,334.0,23,45,51.0
27550,27640,30910.290486179907,-23506.614896730967,334.0,23,45,51.0
27551,27641,26414.674035209395,-25166.814357113053,335.0,23,45,51.0
27552,27642,26382.347187747742,-25159.546520659125,335.0,23,45,51.0
27553,27643,31763.534908997743,-22532.530241565102,335.0,23,45,51.0
27554,27644,26476.61912699038,-25219.451410235943,336.0,23,45,51.0
27555,27645,31799.48381227825,-22633.69534042384,336.0,23,45,51.0
27556,27646,31782.815476651016,-22630.012476242984,336.0,23,45,51.0
27557,27647,31948.901812718625,-22622.636026860288,337.0,23,45,51.0
27558,27648,30992.2657737619,-23540.2698322125,337.0,23,45,51.0
27559,27649,30987.763130911622,-23602.74702080188,337.0,23,45,51.0
27560,27650,32028.51154317933,-22673.05486957072,338.0,23,45,51.0
27561,27651,32005.948501810755,-22691.027473595317,338.0,23,45,51.0
27562,27652,32052.63484016657,-22769.63038405008,339.0,23,45,51.0
27563,27653,31943.044554467248,-22775.17511687138,339.0,23,45,51.0
27564,27654,26546.50685530694,-25307.802867725622,340.0,23,45,51.0
27565,27655,26531.72499730772,-25282.1665359363,340.0,23,45,51.0
27566,27656,26457.11319404065,-25282.57129482953,340.0,23,45,51.0
27567,27657,32047.49096055711,-22885.29142810516,340.0,23,45,51.0
27568,27658,30995.90306956004,-23664.082583739164,340.0,23,45,51.0
27569,27659,31088.46069216294,-23591.263700739284,340.0,23,45,51.0
27570,27660,26395.044622921865,-25351.35852771012,341.0,23,45,51.0
27571,27661,31051.68293008392,-23542.50337068996,341.0,23,45,51.0
27572,27662,26408.92104337276,-25439.576992616938,342.0,23,45,51.0
27573,27663,32133.552394029008,-22859.47393428997,342.0,23,45,51.0
27574,27664,31136.656221130284,-23551.868628536,342.0,23,45,51.0
27575,27665,31123.80177277641,-23486.599228460414,342.0,23,45,51.0
27576,27666,31087.781981892516,-23629.98813704532,342.0,23,45,51.0
27577,27667,31102.278230167343,-23606.89495023648,342.0,23,45,51.0
27578,27668,32185.32306313519,-22931.731638390906,343.0,23,45,51.0
27579,27669,32223.911993631187,-22880.48699215292,343.0,23,45,51.0
27580,27670,31200.515035472552,-23624.01180760516,343.0,23,45,51.0
27581,27671,31191.476484497485,-23546.493250875,343.0,23,45,51.0
27582,27672,31216.66879022165,-23618.7938199296,343.0,23,45,51.0
27583,27673,26362.20167578035,-25553.208713896707,344.0,23,45,51.0
27584,27674,32128.80872824717,-22987.68125671141,344.0,23,45,51.0
27585,27675,31242.55620486253,-23703.98793667039,344.0,23,45,51.0
27586,27676,31341.74805154991,-23739.596669174178,345.0,23,45,51.0
27587,27677,31280.07605921916,-23781.443892353956,345.0,23,45,51.0
27588,27678,26439.584837442348,-25629.11105250175,346.0,23,45,51.0
27589,27679,32236.458154318712,-22966.74252675592,346.0,23,45,51.0
27590,27680,26435.23322524167,-25743.26331188294,347.0,23,45,51.0
27591,27681,26360.59189657615,-25724.041978885864,347.0,23,45,51.0
27592,27682,32356.609276236133,-23022.99213940416,347.0,23,45,51.0
27593,27683,32299.127423523267,-23028.731499486417,347.0,23,45,51.0
27594,27684,31429.062927981373,-23755.73163298709,347.0,23,45,51.0
27595,27685,32366.59334803282,-23133.98961663298,348.0,23,45,51.0
27596,27686,31537.44258257091,-23732.122552880835,348.0,23,45,51.0
27597,27687,32428.211407991144,-23213.55940499986,349.0,23,45,51.0
27598,27688,31556.009676505106,-23821.766242431,349.0,23,45,51.0
27599,27689,32538.53319961756,-23185.49659616889,350.0,23,45,51.0
27600,27690,26365.89623926679,-25843.17381326733,351.0,23,45,51.0
27601,27691,26338.69764605096,-25757.67348351929,351.0,23,45,51.0
27602,27692,32647.13913671936,-23207.26542585062,351.0,23,45,51.0
27603,27693,31647.500859491774,-23795.68861948549,351.0,23,45,51.0
27604,27694,32752.978720415995,-23176.25621410192,352.0,23,45,51.0
27605,27695,26311.316620865724,-25877.632968791928,353.0,23,45,51.0
27606,27696,26245.995029375517,-25824.53384961621,353.0,23,45,51.0
27607,27697,26297.3205654798,-25878.69479302176,353.0,23,45,51.0
27608,27698,26393.95125781633,-25876.93560300197,353.0,23,45,51.0
27609,27699,32819.77460612151,-23075.45276373344,353.0,23,45,51.0
27610,27700,31640.58542108529,-23938.90965390054,353.0,23,45,51.0
27611,27701,26427.312507146555,-25961.12306146352,354.0,23,45,51.0
27612,27702,26317.62933555722,-25979.051153035714,354.0,23,45,51.0
27613,27703,26259.51387529751,-25973.91168249013,354.0,23,45,51.0
27614,27704,32800.4027931109,-23188.45861554141,354.0,23,45,51.0
27615,27705,32759.23916280673,-23146.843198649884,354.0,23,45,51.0
27616,27706,32899.37969213909,-23135.1903793352,354.0,23,45,51.0
27617,27707,32870.35068019089,-23150.13673848264,354.0,23,45,51.0
27618,27708,31697.093507836813,-23993.159890564435,354.0,23,45,51.0
27619,27709,31766.15878307126,-23913.01769646208,354.0,23,45,51.0
27620,27710,31767.856493027208,-24006.05484262129,355.0,23,45,51.0
27621,27711,31826.818981059805,-24009.35282383212,355.0,23,45,51.0
27622,27712,31845.23188112621,-23905.676545876147,355.0,23,45,51.0
27623,27713,32838.56043455374,-23204.34925675597,356.0,23,45,51.0
27624,27714,32875.55948521924,-23223.740629194235,356.0,23,45,51.0
27625,27715,31914.4067554946,-23908.29409530394,356.0,23,45,51.0
27626,27716,26266.94390333082,-26017.746850413645,357.0,23,45,51.0
27627,27717,26277.185283521307,-26053.623964688635,357.0,23,45,51.0
27628,27718,32938.377155260285,-23214.59737428805,357.0,23,45,51.0
27629,27719,31979.570705749644,-23994.642696319883,357.0,23,45,51.0
27630,27720,26200.758505177964,-26109.948365825807,358.0,23,45,51.0
27631,27721,26359.154777298747,-26055.30567126835,358.0,23,45,51.0
27632,27722,26321.221515588422,-26110.0708356332,358.0,23,45,51.0
27633,27723,32981.390876636724,-23280.858769782877,358.0,23,45,51.0
27634,27724,32959.70406107361,-23331.465151193832,358.0,23,45,51.0
27635,27725,32935.27595714565,-23306.57803706561,358.0,23,45,51.0
27636,27726,32010.072000350487,-24091.41372479205,358.0,23,45,51.0
27637,27727,32008.97815070912,-24076.710492970316,358.0,23,45,51.0
27638,27728,26288.220023892343,-26200.128747133866,359.0,23,45,51.0
27639,27729,33005.38440804723,-23395.189751193044,359.0,23,45,51.0
27640,27730,32085.713828545984,-24144.543599798704,359.0,23,45,51.0
27641,27731,32105.611958532816,-24129.11288957473,359.0,23,45,51.0
27642,27732,32072.189612241506,-24076.42537708956,359.0,23,45,51.0
27643,27733,32099.33636888872,-24002.930155491176,359.0,23,45,51.0
27644,27734,26173.410606274138,-26241.102164714957,360.0,23,45,51.0
27645,27735,26357.45704458101,-26290.759970239236,360.0,23,45,51.0
27646,27736,32154.49194892236,-24133.27993128499,360.0,23,45,51.0
27647,27737,32183.917777175368,-24156.739621147844,360.0,23,45,51.0
27648,27738,33108.500818036104,-23363.271382748462,361.0,23,45,51.0
27649,27739,33067.11438484058,-23475.423142461983,361.0,23,45,51.0
27650,27740,26224.16014201812,-26324.63255065712,363.0,23,45,51.0
27651,27741,26306.43640169931,-26365.59517412899,363.0,23,45,51.0
27652,27742,33103.98565725339,-23521.73659011442,363.0,23,45,51.0
27653,27743,32266.03467871031,-24165.798171935792,363.0,23,45,51.0
27654,27744,32235.13937878787,-24225.854477368917,363.0,23,45,51.0
27655,27745,26274.280660651963,-26449.03627119295,364.0,23,45,51.0
27656,27746,33237.712439815135,-23520.43726955425,364.0,23,45,51.0
27657,27747,32226.50180994483,-24298.71623006688,364.0,23,45,51.0
27658,27748,26383.82022396944,-26441.159175720568,365.0,23,45,51.0
27659,27749,26137.64756389201,-26465.17961656596,365.0,23,45,51.0
27660,27750,32255.51801671057,-24385.52012929093,365.0,23,45,51.0
27661,27751,26370.54171697677,-26510.46028347133,366.0,23,45,51.0
27662,27752,33350.88961909219,-23569.644371506936,366.0,23,45,51.0
27663,27753,32333.39907931767,-24333.578245331,367.0,23,45,51.0
27664,27754,32399.468131051395,-24422.21094554461,368.0,23,45,51.0
27665,27755,32431.51399389801,-24391.16649017759,368.0,23,45,51.0
27666,27756,26406.50771279061,-26597.323124762395,369.0,23,45,51.0
27667,27757,32503.722444418418,-24436.34245745782,369.0,23,45,51.0
27668,27758,33445.1299715121,-23612.24351509496,371.0,23,45,51.0
27669,27759,32494.6106818602,-24511.27225551464,371.0,23,45,51.0
27670,27760,32626.60705375586,-24403.61982970401,371.0,23,45,51.0
27671,27761,33444.044262111885,-23669.283963016394,372.0,23,45,51.0
27672,27762,32659.4913067468,-24493.70695609295,372.0,23,45,51.0
27673,27763,32641.620213939037,-24398.774353514305,372.0,23,45,51.0
27674,27764,26440.899744591174,-26713.035920274007,373.0,23,45,51.0
27675,27765,26434.764873398934,-26710.04431063075,373.0,23,45,51.0
27676,27766,33434.3895844451,-23767.82622825028,373.0,23,45,51.0
27677,27767,32735.99372046885,-24411.05554811648,373.0,23,45,51.0
27678,27768,32741.30671687119,-24483.44306768392,373.0,23,45,51.0
27679,27769,32848.61077273044,-24522.688348603348,374.0,23,45,51.0
27680,27770,32823.59275210481,-24517.217155480488,374.0,23,45,51.0
27681,27771,33422.60445827049,-23868.954576793683,375.0,23,45,51.0
27682,27772,33500.91520580926,-23774.982934683023,375.0,23,45,51.0
27683,27773,32904.54885662202,-24600.568989094736,375.0,23,45,51.0
27684,27774,26451.062607542262,-26841.30701516376,376.0,23,45,51.0
27685,27775,26384.96559075769,-26920.62281650401,377.0,23,45,51.0
27686,27776,33014.15440398437,-24611.52311475975,377.0,23,45,51.0
27687,27777,32965.01211945845,-24624.3554185798,377.0,23,45,51.0
27688,27778,26484.28580427856,-26924.67439230757,378.0,23,45,51.0
27689,27779,32983.97177969072,-24739.830834946224,378.0,23,45,51.0
27690,27780,33005.10863857629,-24706.852630053763,378.0,23,45,51.0
27691,27781,33039.449912020544,-24669.057650992523,378.0,23,45,51.0
27692,27782,26372.90466416783,-26965.35219476764,379.0,23,45,51.0
27693,27783,33068.047432820684,-24783.584525323517,379.0,23,45,51.0
27694,27784,33063.925311363666,-24792.66000111278,379.0,23,45,51.0
27695,27785,26446.074575249277,-27061.033528918982,380.0,23,45,51.0
27696,27786,33535.16608788952,-23895.874623507018,380.0,23,45,51.0
27697,27787,33478.81663429765,-23928.1115383863,380.0,23,45,51.0
27698,27788,33510.48941300437,-23937.03918197297,380.0,23,45,51.0
27699,27789,33159.53571595483,-24826.458741472838,380.0,23,45,51.0
27700,27790,33153.74276976415,-24794.23455066315,380.0,23,45,51.0
27701,27791,26494.30112540999,-27138.364264213196,381.0,23,45,51.0
27702,27792,33221.897246425026,-24719.85955117258,382.0,23,45,51.0
27703,27793,33546.448158977735,-24027.86247683276,383.0,23,45,51.0
27704,27794,33288.16750407322,-24678.700319323834,383.0,23,45,51.0
27705,27795,33329.28132272629,-24742.981611220184,383.0,23,45,51.0
27706,27796,26464.54796784877,-27198.901324295588,384.0,23,45,51.0
27707,27797,33490.98284634043,-24104.48732100071,384.0,23,45,51.0
27708,27798,33463.045825487374,-24242.647187413026,385.0,23,45,51.0
27709,27799,26557.006641253804,-27242.95482619628,386.0,23,45,51.0
27710,27800,26459.302259081243,-27288.174025297656,386.0,23,45,51.0
27711,27801,33466.49916973817,-24375.854872074597,386.0,23,45,51.0
27712,27802,33379.92116566537,-24682.6789733304,386.0,23,45,51.0
27713,27803,33402.411021282685,-24655.06899174974,386.0,23,45,51.0
27714,27804,33508.86345255662,-24657.86436249088,387.0,23,45,51.0
27715,27805,26472.31360880145,-27347.02966708283,388.0,23,45,51.0
27716,27806,33576.55356215938,-24757.94807220201,388.0,23,45,51.0
27717,27807,33596.06865153644,-24407.74008100907,389.0,23,45,51.0
27718,27808,33512.17957846888,-24814.26770005474,389.0,23,45,51.0
27719,27809,33649.83249181257,-24870.18527356365,389.0,23,45,51.0
27720,27810,33653.336164638145,-24921.67923782567,390.0,23,45,51.0
27721,27811,26503.14720113221,-27425.393506478133,391.0,23,45,51.0
27722,27812,26407.423162409967,-27410.87243300762,391.0,23,45,51.0
27723,27813,33623.553394402494,-24508.43827921067,391.0,23,45,51.0
27724,27814,33691.14835709721,-24462.223613253824,391.0,23,45,51.0
27725,27815,33570.798703589,-24518.11536248972,391.0,23,45,51.0
27726,27816,33770.062214804115,-24948.49439564003,392.0,23,45,51.0
27727,27817,33658.29924668534,-25027.124503370607,392.0,23,45,51.0
27728,27818,26340.84808946254,-27446.60420916363,393.0,23,45,51.0
27729,27819,33836.04233431013,-24917.935183192105,393.0,23,45,51.0
27730,27820,26386.83912020652,-27526.1628664954,394.0,23,45,51.0
27731,27821,26315.64528875197,-27504.20488126424,394.0,23,45,51.0
27732,27822,33720.41821615602,-24568.833783802194,394.0,23,45,51.0
27733,27823,26401.98600788013,-27603.921887117256,395.0,23,45,51.0
27734,27824,33792.956066928535,-24544.740510995383,395.0,23,45,51.0
27735,27825,33793.952721695416,-24621.02850746353,395.0,23,45,51.0
27736,27826,26320.044266389283,-27649.78066940865,397.0,23,45,51.0
27737,27827,26386.913098165096,-27703.966060259696,397.0,23,45,51.0
27738,27828,33908.46745661576,-25010.94802705796,397.0,23,45,51.0
27739,27829,33888.85461490884,-25010.899949547944,397.0,23,45,51.0
27740,27830,26260.3574844618,-27725.1266046719,398.0,23,45,51.0
27741,27831,26311.141030426563,-27782.60502488676,398.0,23,45,51.0
27742,27832,33801.24848033373,-24702.51574358612,398.0,23,45,51.0
27743,27833,33836.29567487814,-24689.13757918396,398.0,23,45,51.0
27744,27834,26300.33477877356,-27823.561456663607,399.0,23,45,51.0
27745,27835,33867.63840148557,-24729.70745487957,399.0,23,45,51.0
27746,27836,33942.91568992805,-24705.737944693992,399.0,23,45,51.0
27747,27837,33778.75202560133,-24782.46882876385,399.0,23,45,51.0
27748,27838,33899.93786568671,-25081.05260588037,400.0,23,45,51.0
27749,27839,33982.63696685664,-24994.09472697229,400.0,23,45,51.0
27750,27840,26336.504290587312,-27903.60290287833,401.0,23,45,51.0
27751,27841,33895.07831063244,-24791.008112458232,401.0,23,45,51.0
27752,27842,33995.76003740709,-25109.938660634256,401.0,23,45,51.0
27753,27843,34051.02987538129,-25111.7025153572,401.0,23,45,51.0
27754,27844,26358.34809186216,-28000.99587974,402.0,23,45,51.0
27755,27845,26352.6782793173,-28020.661166643386,402.0,23,45,51.0
27756,27846,34021.46717303009,-25219.331307946773,402.0,23,45,51.0
27757,27847,34106.319959166736,-25106.53582322891,402.0,23,45,51.0
27758,27848,26271.734860415745,-28127.06718351857,403.0,23,45,51.0
27759,27849,34135.117630862434,-25176.46938162945,403.0,23,45,51.0
27760,27850,26194.501558222422,-28080.99100730775,404.0,23,45,51.0
27761,27851,33999.10927770219,-24744.080518176183,404.0,23,45,51.0
27762,27852,33974.3546385467,-24851.70865904509,404.0,23,45,51.0
27763,27853,34094.59309398853,-24782.80920872706,405.0,23,45,51.0
27764,27854,34071.218577106214,-24697.763758661717,405.0,23,45,51.0
27765,27855,34226.12901609177,-25216.11148123539,405.0,23,45,51.0
27766,27856,34186.8799091896,-25241.74483974619,405.0,23,45,51.0
27767,27857,26125.451018386007,-28143.09410733786,407.0,23,45,51.0
27768,27858,34114.83328608018,-24857.752352105344,408.0,23,45,51.0
27769,27859,34077.678016353464,-24859.26466558612,408.0,23,45,51.0
27770,27860,34149.31687956977,-24838.542412390165,408.0,23,45,51.0
27771,27861,34172.39168491525,-24729.658743251686,408.0,23,45,51.0
27772,27862,34316.275789227104,-25227.95999668783,408.0,23,45,51.0
27773,27863,34180.27404585543,-24900.44103564978,409.0,23,45,51.0
27774,27864,34317.12546407094,-25306.76880160969,409.0,23,45,51.0
27775,27865,26103.441752158727,-28270.604534010658,410.0,23,45,51.0
27776,27866,26060.687941040305,-28170.46791100964,410.0,23,45,51.0
27777,27867,34189.05415786842,-25017.275201974564,410.0,23,45,51.0
27778,27868,34361.17943850847,-25394.257612997757,410.0,23,45,51.0
27779,27869,34365.24456451701,-25367.054693139475,410.0,23,45,51.0
27780,27870,34332.54792268752,-25371.32667842009,410.0,23,45,51.0
27781,27871,34279.1682368558,-25400.97621416294,410.0,23,45,51.0
27782,27872,26142.28567789979,-28286.57669047061,411.0,23,45,51.0
27783,27873,34387.058397638844,-25371.296259700277,411.0,23,45,51.0
27784,27874,34338.192311606035,-25477.888481907856,411.0,23,45,51.0
27785,27875,26070.68072750293,-28314.216224131997,412.0,23,45,51.0
27786,27876,26113.71274911778,-28400.41948080869,412.0,23,45,51.0
27787,27877,26014.24196132273,-28303.27247813001,412.0,23,45,51.0
27788,27878,34164.411710762884,-25127.116765201907,412.0,23,45,51.0
27789,27879,25979.65312258969,-28388.64032528289,413.0,23,45,51.0
27790,27880,26001.938384275407,-28256.95912032954,413.0,23,45,51.0
27791,27881,26026.06557452684,-28387.340248667213,414.0,23,45,51.0
27792,27882,34233.40252357505,-25216.400428321656,414.0,23,45,51.0
27793,27883,34318.48307099509,-25275.455082937144,415.0,23,45,51.0
27794,27884,26138.002494642787,-28434.98832939269,417.0,23,45,51.0
27795,27885,34412.448613449735,-25350.333023882857,417.0,23,45,51.0
27796,27886,26176.60292096039,-28523.54998727883,418.0,23,45,51.0
27797,27887,26170.186087248425,-28591.509830147024,418.0,23,45,51.0
27798,27888,26107.804002312987,-28547.209704597608,418.0,23,45,51.0
27799,27889,34512.08665069782,-25398.1995487889,418.0,23,45,51.0
27800,27890,34473.5310935382,-25446.40492435292,418.0,23,45,51.0
27801,27891,26061.80706081928,-28579.21398685032,419.0,23,45,51.0
27802,27892,34493.5504794434,-25503.645587921983,419.0,23,45,51.0
27803,27893,34555.48242540742,-25556.43007784926,420.0,23,45,51.0
27804,27894,26066.569705719245,-28686.670593093942,421.0,23,45,51.0
27805,27895,34502.32454370218,-25645.937266068773,421.0,23,45,51.0
27806,27896,34644.9422090946,-25564.00529673165,421.0,23,45,51.0
27807,27897,34426.87869156164,-25339.656704067555,421.0,23,45,51.0
27808,27898,34629.00095903028,-25656.45277823062,422.0,23,45,51.0
27809,27899,25957.170601038903,-28723.11592246867,423.0,23,45,51.0
27810,27900,25994.74767787752,-28806.4668374687,424.0,23,45,51.0
27811,27901,34732.32351367236,-25711.570459416005,424.0,23,45,51.0
27812,27902,34466.399977676774,-25451.59952390605,424.0,23,45,51.0
27813,27903,34776.445003574474,-25790.631260572587,425.0,23,45,51.0
27814,27904,34638.12831911701,-25825.41926383974,425.0,23,45,51.0
27815,27905,34602.08695467618,-25413.694482219344,425.0,23,45,51.0
27816,27906,25951.184932976023,-28929.99559545112,426.0,23,45,51.0
27817,27907,34747.36828009686,-25859.86728391683,426.0,23,45,51.0
27818,27908,34670.843878292566,-25434.54482566333,426.0,23,45,51.0
27819,27909,25975.445013151937,-29070.502069761715,427.0,23,45,51.0
27820,27910,34691.84821639118,-25549.850681830303,427.0,23,45,51.0
27821,27911,34729.935696173176,-25462.507284741387,427.0,23,45,51.0
27822,27912,34798.686345459944,-25561.86633975225,428.0,23,45,51.0
27823,27913,34816.854083150305,-25912.360859317567,429.0,23,45,51.0
27824,27914,34874.217237203986,-25631.85962651174,429.0,23,45,51.0
27825,27915,26058.511109179573,-29151.462987408497,430.0,23,45,51.0
27826,27916,34883.288793424574,-25964.45065906812,430.0,23,45,51.0
27827,27917,26035.540768974275,-29248.28215470432,431.0,23,45,51.0
27828,27918,25942.343396846696,-29094.74450810461,431.0,23,45,51.0
27829,27919,34841.018088940844,-25755.06185096541,431.0,23,45,51.0
27830,27920,34841.606129595726,-26076.4479819374,432.0,23,45,51.0
27831,27921,26033.091402850976,-29282.17149661917,433.0,23,45,51.0
27832,27922,25890.305150833155,-29252.802237788703,433.0,23,45,51.0
27833,27923,34869.16317822724,-25979.430826002383,433.0,23,45,51.0
27834,27924,34940.57532179034,-26077.8027475398,433.0,23,45,51.0
27835,27925,34896.564339231,-25838.730925671727,433.0,23,45,51.0
27836,27926,26029.313425586493,-29312.983937554804,434.0,23,45,51.0
27837,27927,34904.62423697273,-25917.687990047227,434.0,23,45,51.0
27838,27928,25995.53865408846,-29389.61146752949,435.0,23,45,51.0
27839,27929,25946.936757099607,-29360.587215419066,435.0,23,45,51.0
27840,27930,34825.86548417691,-26055.407364431423,435.0,23,45,51.0
27841,27931,34941.27486423566,-26007.248917347657,435.0,23,45,51.0
27842,27932,34999.08674135651,-26092.842096763816,436.0,23,45,51.0
27843,27933,35026.852463964504,-26062.42723935234,436.0,23,45,51.0
27844,27934,35049.20074158522,-26064.393669021803,436.0,23,45,51.0
27845,27935,25922.444157421098,-29481.290426335483,437.0,23,45,51.0
27846,27936,25986.084622802955,-29478.5951784669,437.0,23,45,51.0
27847,27937,35106.104998327784,-26149.20598289838,437.0,23,45,51.0
27848,27938,25835.859904070447,-29522.151512774995,438.0,23,45,51.0
27849,27939,25941.66856799732,-29590.594734603703,438.0,23,45,51.0
27850,27940,35157.250502703806,-26237.695931747407,438.0,23,45,51.0
27851,27941,25847.519837212323,-29637.46967301616,439.0,23,45,51.0
27852,27942,25867.51367919994,-29650.332544208617,439.0,23,45,51.0
27853,27943,35227.057741233395,-26272.35683357736,439.0,23,45,51.0
27854,27944,25880.48957895285,-29743.5378829654,440.0,23,45,51.0
27855,27945,34813.32659519789,-26200.17445529704,440.0,23,45,51.0
27856,27946,35311.30252920433,-26273.16985803287,440.0,23,45,51.0
27857,27947,35326.71573165681,-26316.069102064164,440.0,23,45,51.0
27858,27948,35389.21763435421,-26353.30175629593,441.0,23,45,51.0
27859,27949,35390.34350845389,-26279.477418375525,441.0,23,45,51.0
27860,27950,25823.95984573329,-29829.84692877491,442.0,23,45,51.0
27861,27951,34782.65981138764,-26274.82571208733,443.0,23,45,51.0
27862,27952,25896.451634953315,-29890.46339547739,444.0,23,45,51.0
27863,27953,25704.62865300576,-29890.73667946386,444.0,23,45,51.0
27864,27954,35489.35973585985,-26385.09187004912,444.0,23,45,51.0
27865,27955,35495.65569335491,-26322.572414094622,444.0,23,45,51.0
27866,27956,25785.42541836588,-29993.610444137164,445.0,23,45,51.0
27867,27957,25690.960904491483,-30010.461449662,446.0,23,45,51.0
27868,27958,34906.60697187326,-26308.127127644984,446.0,23,45,51.0
27869,27959,35576.16526789251,-26417.868036885782,446.0,23,45,51.0
27870,27960,35584.83510155738,-26271.797537287744,446.0,23,45,51.0
27871,27961,25741.60844903698,-30119.50951911604,447.0,23,45,51.0
27872,27962,25632.349101363037,-30065.2726663212,447.0,23,45,51.0
27873,27963,34981.349247758255,-26236.375647225024,447.0,23,45,51.0
27874,27964,34963.771589594435,-26367.1756005282,447.0,23,45,51.0
27875,27965,35689.05150746267,-26395.083623507,447.0,23,45,51.0
27876,27966,25742.930799666403,-30179.95069893503,448.0,23,45,51.0
27877,27967,35047.21501133229,-26308.58355248887,448.0,23,45,51.0
27878,27968,35780.91408631012,-26436.70696897629,448.0,23,45,51.0
27879,27969,35742.54779515872,-26403.966108663844,448.0,23,45,51.0
27880,27970,35763.25760423053,-26366.748216913624,448.0,23,45,51.0
27881,27971,25689.572794127285,-30228.77042743811,450.0,23,45,51.0
27882,27972,25800.49162768691,-30265.60362108469,450.0,23,45,51.0
27883,27973,35846.4838434323,-26478.688117405432,450.0,23,45,51.0
27884,27974,25736.528194844428,-30360.266296813388,451.0,23,45,51.0
27885,27975,25703.675531864767,-30348.96288931558,451.0,23,45,51.0
27886,27976,35158.48187912945,-26274.51930133072,451.0,23,45,51.0
27887,27977,-32685.3958246971,28181.79530813826,377.0,-1,-1,-1.0
27888,27978,13378.724985390145,22721.218163442623,318.0,-1,-1,-1.0
27889,27979,-16765.25686169044,27344.613212215238,457.0,-1,48,-1.0
27890,27980,-10869.422007854562,31534.78410729175,85.0,-1,-1,-1.0
27891,27981,-31998.54550779873,-39619.758072933575,25.0,-1,-1,-1.0
27892,27982,23893.36790832628,3350.887991320975,407.0,-1,-1,-1.0
27893,27983,-11813.525414857322,1107.044905014438,270.0,-1,-1,-1.0
27894,27984,24370.50062643198,-21721.0534412148,93.0,-1,-1,-1.0
27895,27985,26077.362673018662,-16768.658912401566,210.0,-1,45,-1.0
27896,27986,-7446.97049241636,7714.533341835915,141.0,-1,-1,-1.0
27897,27987,14740.770160494852,31681.78322361478,330.0,-1,-1,-1.0
27898,27988,38054.46468663919,-33071.24988999769,65.0,-1,-1,-1.0
27899,27989,1663.9579432610772,-6271.371359570272,257.0,-1,-1,-1.0
27900,27990,37914.284311323325,-30601.41529687096,286.0,-1,-1,-1.0
27901,27991,-37987.65761949233,-20682.49164532235,159.0,-1,0,-1.0
27902,27992,19189.50921012002,-21291.986806897406,385.0,-1,-1,-1.0
27903,27993,-20382.766396712606,-698.709021930561,370.0,-1,43,-1.0
27904,27994,21465.65216787762,-3233.008107280933,252.0,-1,44,-1.0
27905,27995,35176.19773449197,16038.492570576733,286.0,-1,28,32.0
27906,27996,8976.343477357732,-9583.903654023356,377.0,-1,-1,-1.0
27907,27997,31417.03094699841,19212.26190241141,86.0,-1,-1,-1.0
27908,27998,-31277.34626993484,5428.30155884532,53.0,-1,-1,-1.0
27909,27999,-19514.776190681005,1315.2571133432575,245.0,-1,-1,-1.0
27910,28000,-30234.320572109344,-3958.2845525067023,382.0,-1,41,47.0
27911,28001,39539.16525385846,28435.67875843479,347.0,-1,-1,-1.0
27912,28002,-14223.561631593073,-23537.1212150782,70.0,-1,-1,-1.0
27913,28003,-38759.02390066816,25174.210101059856,308.0,-1,-1,-1.0
27914,28004,12688.761055658571,37532.36438311557,6.0,-1,-1,-1.0
27915,28005,-27502.510847319507,24481.073263265724,231.0,-1,48,-1.0
27916,28006,17950.827248397043,16794.613256503973,265.0,-1,-1,-1.0
27917,28007,37424.63862694545,30985.271607138187,159.0,-1,-1,-1.0
27918,28008,3757.75211044358,32634.4896653717,336.0,-1,48,-1.0
27919,28009,16207.477699353609,7259.758219125819,171.0,-1,2,-1.0
27920,28010,-15955.419646688246,38447.916793699376,341.0,-1,-1,-1.0
27921,28011,-36357.72922697365,29101.205274156586,163.0,-1,-1,-1.0
27922,28012,2174.793876153497,32431.86364111504,143.0,-1,48,-1.0
27923,28013,38264.10362502346,6123.759880444268,34.0,-1,-1,-1.0
27924,28014,-38616.95180939695,24344.383815143403,4.0,-1,-1,-1.0
27925,28015,-20619.27804293424,13053.900611281771,458.0,-1,-1,-1.0
27926,28016,12172.54056005273,35045.56437379174,299.0,-1,-1,-1.0
27927,28017,23371.98774018652,-32043.38273227556,439.0,-1,-1,-1.0
27928,28018,-11967.34509060354,19905.98226700352,346.0,-1,-1,-1.0
27929,28019,-23349.526416394823,24831.785426629154,391.0,-1,-1,-1.0
27930,28020,1135.8051834629075,-21884.14002967945,340.0,-1,31,-1.0
27931,28021,-34240.43434322965,36350.4787840728,61.0,-1,-1,-1.0
27932,28022,-37023.123374859504,20647.047184373667,412.0,-1,23,-1.0
27933,28023,22893.473041220765,24583.40227599585,386.0,-1,-1,-1.0
27934,28024,33377.13945098419,-2793.767025781395,363.0,-1,-1,-1.0
27935,28025,-26117.57141109421,29901.23467683143,323.0,-1,-1,-1.0
27936,28026,38725.39505835842,-7923.459433345892,272.0,-1,-1,-1.0
27937,28027,26257.1559634477,11803.04961666366,352.0,-1,15,-1.0
27938,28028,-38947.27399523025,11110.957525604244,205.0,-1,-1,-1.0
27939,28029,14136.90557267348,27946.296929141827,329.0,-1,-1,-1.0
27940,28030,-28941.117537747,-31564.279124267385,196.0,-1,-1,-1.0
27941,28031,13289.164775575691,-10158.354044284071,100.0,-1,-1,-1.0
27942,28032,35284.42213318877,-4307.879751259141,133.0,-1,-1,-1.0
27943,28033,-16152.150520856372,8966.977800816596,276.0,-1,-1,-1.0
27944,28034,33445.45862108731,-18343.01645581343,150.0,-1,-1,-1.0
27945,28035,33761.76357035605,12521.87788761894,416.0,-1,28,-1.0
27946,28036,-18461.13361432648,-36144.76784855386,145.0,-1,-1,-1.0
27947,28037,31264.31847317412,13510.560952055508,94.0,-1,-1,-1.0
27948,28038,36535.56401562935,15685.396784297314,495.0,-1,28,-1.0
27949,28039,18354.857889808394,-19289.301775970813,465.0,-1,-1,-1.0
27950,28040,24723.42197820286,-34272.262915221014,189.0,-1,-1,-1.0
27951,28041,-14931.733978954104,-34687.27436894167,240.0,-1,36,-1.0
27952,28042,6674.176298371764,-5509.872031150269,420.0,-1,-1,-1.0
27953,28043,-19482.09429252245,32216.526685528952,363.0,-1,-1,-1.0
27954,28044,-4444.340365253149,20477.23627965989,353.0,-1,-1,-1.0
27955,28045,37352.03602052598,8450.004078106598,272.0,-1,28,-1.0
27956,28046,-5774.161429582637,37847.6595888015,109.0,-1,-1,-1.0
27957,28047,-28661.269227975223,-1468.800484298779,97.0,-1,41,-1.0
27958,28048,-5377.658472422787,-18338.84443736041,56.0,-1,-1,-1.0
27959,28049,-34202.23548514043,-3665.834809073429,235.0,-1,-1,-1.0
27960,28050,12200.72421093264,32873.93104355574,168.0,-1,47,-1.0
27961,28051,24458.31330536028,4552.56786164784,276.0,-1,-1,-1.0
27962,28052,39178.50509250289,15141.235795018045,457.0,-1,-1,-1.0
27963,28053,31388.791511342977,-23204.888729369966,243.0,-1,45,-1.0
27964,28054,-5238.552069244157,19151.64369708907,117.0,-1,-1,-1.0
27965,28055,-26059.470231526877,-31191.12232284389,103.0,-1,-1,-1.0
27966,28056,-8531.091362734413,21716.301945585637,234.0,-1,-1,-1.0
27967,28057,10934.585116818474,38279.27280510306,400.0,-1,-1,-1.0
27968,28058,36348.878303233854,39034.78924624705,127.0,-1,-1,-1.0
27969,28059,-23464.54429508378,-14336.117450485268,0.0,-1,-1,-1.0
27970,28060,-34603.36374947426,304.0349660501452,14.0,-1,29,-1.0
27971,28061,20997.93554832549,9299.329227742062,340.0,-1,16,-1.0
27972,28062,27343.5107476775,-24184.83158801302,38.0,-1,-1,-1.0
27973,28063,-31056.40271068764,-37389.87369093492,29.0,-1,-1,-1.0
27974,28064,-32007.78041007233,39288.49153086044,375.0,-1,-1,-1.0
27975,28065,-5614.9470487169165,15097.9363958303,275.0,-1,-1,-1.0
27976,28066,-28696.385676386897,-13636.261043473609,64.0,-1,-1,-1.0
27977,28067,1060.6199551759491,-9249.804524889136,148.0,-1,31,-1.0
27978,28068,29411.215264459097,34159.52963465008,192.0,-1,-1,-1.0
27979,28069,3307.845257207264,-17506.061159543202,295.0,-1,31,-1.0
27980,28070,-13671.433192069877,-39669.398176448,116.0,-1,-1,-1.0
27981,28071,-23470.848922807538,-33262.33195836638,324.0,-1,-1,-1.0
27982,28072,-17464.59981712335,-27744.78966543233,417.0,-1,36,-1.0
27983,28073,39855.72379525536,-4679.594039258525,32.0,-1,-1,-1.0
27984,28074,-27293.874215081865,-23563.674095782448,396.0,-1,-1,-1.0
27985,28075,4358.943845549518,25375.37820314359,276.0,-1,48,56.0
27986,28076,-16485.652967620306,7111.068314776428,209.0,-1,-1,-1.0
27987,28077,-27958.41172655197,-20718.276376267007,360.0,-1,39,-1.0
27988,28078,-35728.8508956846,10267.441363609689,90.0,-1,24,-1.0
27989,28079,6233.341759650029,34424.48734529391,430.0,-1,-1,-1.0
27990,28080,-32520.339771409017,14551.982719899896,186.0,-1,-1,-1.0
27991,28081,22848.1124684142,31423.958785466515,402.0,-1,-1,-1.0
27992,28082,37015.557010200864,11376.9653206941,61.0,-1,28,-1.0
27993,28083,5567.004288224627,966.8141205294304,205.0,-1,-1,-1.0
27994,28084,1191.4903205561131,20093.028698827155,244.0,-1,46,-1.0
27995,28085,2643.1751955406653,16094.469244212902,276.0,-1,-1,-1.0
27996,28086,37946.5611636188,-12167.41683484802,97.0,-1,-1,-1.0
27997,28087,10210.01217642249,22474.58456389504,445.0,-1,48,56.0
27998,28088,6953.470598574699,25857.250537355256,90.0,-1,-1,-1.0
27999,28089,34252.05117291259,-22961.4108076436,284.0,-1,-1,-1.0
28000,28090,-7008.072769128761,12611.929667705072,322.0,-1,-1,-1.0
28001,28091,-35737.71573892115,-19295.395863175305,167.0,-1,-1,-1.0
28002,28092,31958.350287513924,-24592.84139559645,364.0,-1,45,51.0
28003,28093,-1782.6863504555877,-35844.224806455124,251.0,-1,-1,-1.0
28004,28094,-7546.658959077711,-28591.968116213917,417.0,-1,-1,-1.0
28005,28095,-30927.755422783343,-38354.64733487386,61.0,-1,-1,-1.0
28006,28096,-33960.4483737743,3783.443199638808,455.0,-1,-1,-1.0
28007,28097,22332.728478733225,-5690.264278839037,436.0,-1,44,-1.0
28008,28098,27654.29558104572,-22656.00821991749,399.0,-1,-1,-1.0
28009,28099,36754.62764162125,-32201.846479499138,227.0,-1,-1,-1.0
28010,28100,7616.453292435035,-35454.58282852814,277.0,-1,1,-1.0
28011,28101,5383.642237003092,-713.3575984905838,150.0,-1,-1,-1.0
28012,28102,8707.39771708096,-8366.296391795106,232.0,-1,-1,-1.0
28013,28103,-31668.76722757733,29407.525577593915,244.0,-1,-1,-1.0
28014,28104,-20683.646240122667,-17254.51012533413,103.0,-1,42,-1.0
28015,28105,-20650.44038607251,18515.84174612428,172.0,-1,-1,-1.0
28016,28106,-38397.10303605573,-26083.520022112047,311.0,-1,-1,-1.0
28017,28107,23108.669937543367,23827.073178408173,225.0,-1,18,-1.0
28018,28108,276.242563019754,-38979.27423088712,355.0,-1,-1,-1.0
28019,28109,32444.5179608574,-10792.86846767168,93.0,-1,-1,-1.0
28020,28110,25506.981150721786,-30724.90173948263,240.0,-1,45,-1.0
28021,28111,-8326.278904227947,37339.70106732776,415.0,-1,48,60.0
28022,28112,25138.00503770765,-28355.408249989538,494.0,-1,-1,-1.0
28023,28113,-9976.597406049235,-22945.34345212892,16.0,-1,-1,-1.0
28024,28114,12564.89940446918,18272.801482510265,274.0,-1,-1,-1.0
28025,28115,-24624.66561731557,-3173.876099265937,452.0,-1,41,-1.0
28026,28116,28827.0331881374,22994.0729388903,18.0,-1,-1,-1.0
28027,28117,-38762.6551271182,4501.84686178292,481.0,-1,-1,-1.0
28028,28118,-13922.210725064711,37429.344048034254,219.0,-1,-1,-1.0
28029,28119,7666.446507094646,23117.958240725995,125.0,-1,-1,-1.0
28030,28120,8493.968379625352,18984.85407559915,206.0,-1,-1,-1.0
28031,28121,19618.20262912725,-5396.231332904441,102.0,-1,-1,-1.0
28032,28122,-19860.117151636176,-1948.229599924074,160.0,-1,43,-1.0
28033,28123,-3295.385816882728,-18339.318175434328,59.0,-1,-1,-1.0
28034,28124,23093.64044429509,-8450.13710128942,456.0,-1,-1,-1.0
28035,28125,30896.18369880332,-26930.94199476251,454.0,-1,45,-1.0
28036,28126,-18173.83114564059,27009.460928678163,155.0,-1,48,59.0
28037,28127,32311.74009729785,-6619.404826850179,294.0,-1,-1,-1.0
28038,28128,-16369.162961999216,25295.079243803222,450.0,-1,-1,-1.0
28039,28129,-5752.070157168688,-2116.540223927462,16.0,-1,-1,-1.0
28040,28130,4175.846358775096,-5197.215234853131,476.0,-1,-1,-1.0
28041,28131,-10491.146706174746,36309.85364905973,456.0,-1,48,-1.0
28042,28132,36087.5015273476,8435.445832683305,75.0,-1,28,-1.0
28043,28133,-30128.14522927221,18609.822788248137,59.0,-1,-1,-1.0
28044,28134,32592.922122607382,-1840.683468126328,277.0,-1,-1,-1.0
28045,28135,19673.9863345324,24324.838552419336,366.0,-1,18,-1.0
28046,28136,23095.849057281936,-14520.058940927036,269.0,-1,45,-1.0
28047,28137,-35947.25112864426,34001.643456124104,438.0,-1,-1,-1.0
28048,28138,33089.051624120126,9118.853229811712,267.0,-1,-1,-1.0
28049,28139,37572.106436227565,-32454.458804032605,51.0,-1,-1,-1.0
28050,28140,-18452.227467495657,-39526.1334310516,239.0,-1,-1,-1.0
28051,28141,-21664.084001560368,32218.931122390717,456.0,-1,-1,-1.0
28052,28142,-30157.979691997083,-18577.884915536008,77.0,-1,-1,-1.0
28053,28143,-21865.961905267523,10904.517115752154,244.0,-1,-1,-1.0
28054,28144,19876.500702999947,38173.51616012625,93.0,-1,-1,-1.0
28055,28145,6928.238160405803,-14207.874969354296,271.0,-1,31,-1.0
28056,28146,9202.363908163245,24427.016656023552,51.0,-1,48,-1.0
28057,28147,-34986.18336881101,485.8816834967511,312.0,-1,29,-1.0
28058,28148,-6610.646887131406,29721.848781167195,46.0,-1,-1,-1.0
28059,28149,8337.398340292035,-32768.60556944664,144.0,-1,-1,-1.0
28060,28150,-19079.29650984092,135.5495579524868,255.0,-1,-1,-1.0
28061,28151,-5686.349454800569,-7034.999033360829,231.0,-1,31,36.0
28062,28152,31670.59764068894,36273.589685966464,461.0,-1,11,-1.0
28063,28153,20122.926704830483,-17972.153097528364,47.0,-1,-1,-1.0
28064,28154,-25570.79408927193,17820.11768516899,55.0,-1,-1,-1.0
28065,28155,2124.9319322548545,2858.1634940759905,388.0,-1,-1,-1.0
28066,28156,-20494.509734483363,38021.45658559994,479.0,-1,-1,-1.0
28067,28157,17758.56296971032,39862.94090660915,398.0,-1,-1,-1.0
28068,28158,-25410.805292789577,16046.677502090766,189.0,-1,-1,-1.0
28069,28159,-5902.95754647837,24571.07948222616,488.0,-1,-1,-1.0
28070,28160,2099.570190031882,9284.799999363466,359.0,-1,27,-1.0
28071,28161,-27410.882884891376,-31639.606769413254,293.0,-1,-1,-1.0
28072,28162,-17529.07121872026,9121.400530811625,487.0,-1,26,-1.0
28073,28163,23350.73712739213,-24836.758478530704,109.0,-1,-1,-1.0
28074,28164,12054.578000142552,34789.26669097292,184.0,-1,-1,-1.0
28075,28165,28887.50413580977,16409.73933113228,250.0,-1,-1,-1.0
28076,28166,22782.796738389035,-24747.684095982542,420.0,-1,-1,-1.0
28077,28167,-12577.366569804171,-37558.8931841845,234.0,-1,-1,-1.0
28078,28168,1989.690017649882,-6475.122946567259,145.0,-1,-1,-1.0
28079,28169,4243.45321862954,22285.72413306626,406.0,-1,46,-1.0
28080,28170,-2545.977799467568,654.4306526118089,233.0,-1,22,-1.0
28081,28171,-4746.641317761678,-4260.395698666653,103.0,-1,-1,-1.0
28082,28172,34626.79477865109,12982.251010033084,137.0,-1,28,-1.0
28083,28173,14569.21702006043,-8656.090736915197,53.0,-1,-1,-1.0
28084,28174,-20883.71897151668,5772.889757051649,424.0,-1,-1,-1.0
28085,28175,-18082.57186192601,-1020.9110930357056,261.0,-1,43,-1.0
28086,28176,7973.924896167664,-17168.538036916656,103.0,-1,-1,-1.0
28087,28177,15145.375665063242,4133.374862124561,428.0,-1,-1,-1.0
28088,28178,-21044.97658513101,-37858.02817755685,198.0,-1,12,-1.0
28089,28179,39941.65673957024,10233.637676830733,366.0,-1,-1,-1.0
28090,28180,23964.02508636352,-7370.32049059758,71.0,-1,-1,-1.0
28091,28181,-2587.9127942593914,2924.364701304228,418.0,-1,-1,-1.0
28092,28182,2342.3976434114447,1254.0757714341598,6.0,-1,-1,-1.0
28093,28183,-7927.630312765716,-33926.12958999852,388.0,-1,35,-1.0
28094,28184,1902.9681584717475,34682.81314898073,99.0,-1,48,-1.0
28095,28185,12275.990345961582,-10791.561329909164,38.0,-1,-1,-1.0
28096,28186,592.0085524123133,-39925.52042286624,64.0,-1,-1,-1.0
28097,28187,-15346.622709807045,-28454.54043198696,145.0,-1,-1,-1.0
28098,28188,24845.18586190468,8510.795516191683,393.0,-1,15,-1.0
28099,28189,19875.309454577186,34455.21669440933,487.0,-1,-1,-1.0
28100,28190,-29885.107899155337,-9334.71160315798,268.0,-1,41,-1.0
28101,28191,-12313.569600123992,36845.6649883026,203.0,-1,48,-1.0
28102,28192,-31080.31684420037,26391.688333792878,101.0,-1,-1,-1.0
28103,28193,1000.71458711959,-7131.810035881987,470.0,-1,31,35.0
28104,28194,-4773.939117500639,-33253.730304921104,20.0,-1,35,-1.0
28105,28195,-8285.234980417623,17454.227362716178,470.0,-1,-1,-1.0
28106,28196,-13465.15531873461,-26142.869629923327,86.0,-1,-1,-1.0
28107,28197,18166.05707854843,-38457.78112438736,321.0,-1,-1,-1.0
28108,28198,-36635.84034764554,-2422.0156363612914,249.0,-1,-1,-1.0
28109,28199,-24535.515499569963,-17109.076584864713,444.0,-1,-1,-1.0
28110,28200,29078.072177163325,4476.218737073708,247.0,-1,-1,-1.0
28111,28201,23741.34429929366,9098.39008045906,356.0,-1,-1,-1.0
28112,28202,19065.96831165964,-353.7796321614078,478.0,-1,-1,-1.0
28113,28203,22711.542674013952,10806.507690448074,150.0,-1,16,-1.0
28114,28204,2747.92653372269,-23888.818047263936,208.0,-1,31,-1.0
28115,28205,5693.459765788561,-15307.562023283925,343.0,-1,-1,-1.0
28116,28206,17850.956726063014,-31269.489833655934,126.0,-1,-1,-1.0
28117,28207,32631.58932439478,-8004.516096974799,276.0,-1,-1,-1.0
28118,28208,7632.559948040027,11397.770406968448,339.0,-1,8,-1.0
28119,28209,17992.088812361384,-17037.5603540458,375.0,-1,45,-1.0
28120,28210,-18233.45592253204,-15592.002339137078,312.0,-1,42,-1.0
28121,28211,36962.46195394227,37496.99046629714,123.0,-1,-1,-1.0
28122,28212,-19028.692383311103,-16324.186996119544,0.0,-1,42,-1.0
28123,28213,-14958.307588887586,3304.406999926585,12.0,-1,-1,-1.0
28124,28214,29393.76493213928,-9643.070872883523,449.0,-1,-1,-1.0
28125,28215,-4090.101099491905,24009.636289879352,419.0,-1,-1,-1.0
28126,28216,-37240.87871383381,-14720.326089599816,137.0,-1,-1,-1.0
28127,28217,-35659.22302938749,23942.14952805645,298.0,-1,-1,-1.0
28128,28218,-7257.710834685637,5742.733624601642,485.0,-1,-1,-1.0
28129,28219,22864.827401213966,33396.08806484137,102.0,-1,30,-1.0
28130,28220,-7296.085814150723,-37365.479955740055,452.0,-1,-1,-1.0
28131,28221,37323.792103346525,5639.580897285516,8.0,-1,28,-1.0
28132,28222,-2788.672205353876,9286.85948521646,130.0,-1,-1,-1.0
28133,28223,-32811.64543471409,23701.24035496664,343.0,-1,-1,-1.0
28134,28224,17336.994130453153,-6076.670826055175,295.0,-1,-1,-1.0
28135,28225,32585.201337709965,-740.2655306778252,329.0,-1,33,-1.0
28136,28226,16049.831589203612,-24533.07393775088,28.0,-1,-1,-1.0
28137,28227,-1269.5863033911735,19892.640122188142,221.0,-1,46,-1.0
28138,28228,-11740.095282826309,-34401.01822733981,344.0,-1,-1,-1.0
28139,28229,-18924.955977970832,35125.33536546577,268.0,-1,-1,-1.0
28140,28230,-10511.4078142139,19134.14169321779,222.0,-1,-1,-1.0
28141,28231,-13996.029013152747,-11591.526816567844,13.0,-1,-1,-1.0
28142,28232,24588.80349471986,13120.314956102418,230.0,-1,-1,-1.0
28143,28233,-7471.621540514749,9485.046328096343,497.0,-1,-1,-1.0
28144,28234,-31233.07564320737,2961.7793662539334,180.0,-1,29,-1.0
28145,28235,-25522.6869290682,5415.77931930904,193.0,-1,-1,-1.0
28146,28236,-33804.049451309846,-31816.96910555572,302.0,-1,-1,-1.0
28147,28237,6642.916852921451,35380.76248035126,272.0,-1,-1,-1.0
28148,28238,-24991.21610007155,-38066.09428216535,98.0,-1,-1,-1.0
28149,28239,32874.14245473212,15280.809399000536,69.0,-1,-1,-1.0
28150,28240,-32656.46404751401,2536.769525700387,138.0,-1,-1,-1.0
28151,28241,25990.14325402885,-17801.22743488251,388.0,-1,45,-1.0
28152,28242,36858.09970235999,38088.91383070037,407.0,-1,-1,-1.0
28153,28243,-17903.830631445893,27122.213101728543,109.0,-1,48,59.0
28154,28244,-39651.94428366285,-24907.622350602014,9.0,-1,-1,-1.0
28155,28245,-1424.4603328806406,-25089.2775302605,373.0,-1,25,-1.0
28156,28246,-10110.97045625352,-32549.68911142452,434.0,-1,-1,-1.0
28157,28247,28526.870720423904,-7091.150927326547,437.0,-1,-1,-1.0
28158,28248,16276.452971693385,-25388.985638788152,463.0,-1,3,-1.0
28159,28249,-5904.099210940287,37253.47943804989,210.0,-1,-1,-1.0
28160,28250,1043.9337020861494,26651.017963949824,360.0,-1,48,-1.0
28161,28251,-19287.29253796158,-6021.995433344731,450.0,-1,-1,-1.0
28162,28252,-19133.13997065725,19802.20650227668,485.0,-1,-1,-1.0
28163,28253,30721.828694058397,37497.85748245822,446.0,-1,11,-1.0
28164,28254,-1793.1104128258376,-24798.77202104092,230.0,-1,-1,-1.0
28165,28255,10919.910367903683,-13426.479448491737,469.0,-1,13,-1.0
28166,28256,-59.50994729569357,-26050.83840889113,302.0,-1,25,-1.0
28167,28257,-7107.226365034272,34480.98991200031,255.0,-1,-1,-1.0
28168,28258,30370.20881273741,2999.086875996152,254.0,-1,-1,-1.0
28169,28259,29317.09514363938,20872.21622362719,34.0,-1,28,-1.0
28170,28260,32839.99448405547,-474.2530081805962,103.0,-1,33,-1.0
28171,28261,-7737.8678326703375,-22483.385031696114,123.0,-1,-1,-1.0
28172,28262,-8647.257702828429,-7464.125480215476,451.0,-1,31,-1.0
28173,28263,21263.359004847887,1431.8371183480997,170.0,-1,-1,-1.0
28174,28264,-11069.460410319058,34316.60630433394,371.0,-1,48,60.0
28175,28265,-20955.883804476853,-616.2597285105148,167.0,-1,43,-1.0
28176,28266,-29683.13503981209,14360.429778974709,45.0,-1,-1,-1.0
28177,28267,9248.51060600971,-39847.84461186668,415.0,-1,-1,-1.0
28178,28268,10982.125460951858,27157.613603314938,458.0,-1,-1,-1.0
28179,28269,24368.410776632343,4503.61745740621,163.0,-1,-1,-1.0
28180,28270,-12390.589990358098,36111.43131985754,145.0,-1,48,-1.0
28181,28271,5199.556006025123,31716.34587362524,220.0,-1,-1,-1.0
28182,28272,9070.988502893197,6864.194793113085,392.0,-1,-1,-1.0
28183,28273,21016.052394116785,4318.6159028916445,284.0,-1,-1,-1.0
28184,28274,35953.98334226146,-29738.30235304621,357.0,-1,-1,-1.0
28185,28275,-23550.90537990039,-2777.8451598748143,70.0,-1,41,-1.0
28186,28276,20730.298388916628,28232.52778384331,376.0,-1,-1,-1.0
28187,28277,-24504.00303619582,-3120.971478210842,31.0,-1,41,-1.0
28188,28278,-25838.06568608651,12984.434837216351,281.0,-1,40,-1.0
28189,28279,-7333.898987264009,5161.195745390134,213.0,-1,-1,-1.0
28190,28280,-38986.631974244265,12248.605186946204,228.0,-1,-1,-1.0
28191,28281,-33263.31822111625,-24974.796070386205,341.0,-1,-1,-1.0
28192,28282,-16362.30968202617,22433.386005576467,129.0,-1,-1,-1.0
28193,28283,36687.66073091773,-27282.933525203327,276.0,-1,-1,-1.0
28194,28284,-18067.37237341645,11427.927340229144,152.0,-1,-1,-1.0
28195,28285,-27587.25455946768,15046.02600954203,185.0,-1,-1,-1.0
28196,28286,29202.206796744475,-24030.254134473587,48.0,-1,-1,-1.0
28197,28287,15329.670584303683,35992.7334839259,130.0,-1,-1,-1.0
28198,28288,-22339.114342777808,23743.49644241917,232.0,-1,-1,-1.0
28199,28289,22942.988769039606,-29236.80219065105,438.0,-1,-1,-1.0
28200,28290,25930.833419432893,-27390.19542887358,114.0,-1,45,-1.0
28201,28291,33634.63070681304,21517.4953233423,276.0,-1,-1,-1.0
28202,28292,-38232.89588829132,17122.439211318007,169.0,-1,-1,-1.0
28203,28293,-43.208592462826346,37759.3160869274,303.0,-1,-1,-1.0
28204,28294,-16933.17839408478,-6012.826105545355,432.0,-1,43,-1.0
28205,28295,-15656.891199728529,39596.54093404676,146.0,-1,-1,-1.0
28206,28296,-2273.3564063468148,-8695.80768019002,437.0,-1,31,35.0
28207,28297,-1072.3208146020988,-5509.304092281796,229.0,-1,-1,-1.0
28208,28298,-38408.82436048975,-17242.23143525288,304.0,-1,0,-1.0
28209,28299,-2761.7946747032984,-34601.53611357357,100.0,-1,-1,-1.0
28210,28300,-32884.10539561002,-19670.047593171,482.0,-1,-1,-1.0
28211,28301,-14806.76096904084,30429.74037937638,65.0,-1,-1,-1.0
28212,28302,24172.50037624187,4768.838265152343,479.0,-1,-1,-1.0
28213,28303,-30922.27336224985,-39621.56123253522,251.0,-1,-1,-1.0
28214,28304,-23933.889559020543,-3025.587525422663,287.0,-1,41,-1.0
28215,28305,-27625.6434129799,4856.38223493156,2.0,-1,-1,-1.0
28216,28306,-36944.64219390659,-7292.177851791912,311.0,-1,32,38.0
28217,28307,13863.295011166912,32963.91433626536,18.0,-1,47,-1.0
28218,28308,-18448.428837111813,34017.46467935626,315.0,-1,-1,-1.0
28219,28309,-30871.925624996627,-12836.651830546176,480.0,-1,-1,-1.0
28220,28310,-35956.24277415342,35094.65506505774,407.0,-1,5,-1.0
28221,28311,11351.466313491212,1735.7015133991445,409.0,-1,-1,-1.0
28222,28312,-31001.81599983097,5134.569354444262,157.0,-1,-1,-1.0
28223,28313,-5086.121818174448,-4768.162768060647,364.0,-1,-1,-1.0
28224,28314,-30005.70672007685,-29229.31529788075,403.0,-1,-1,-1.0
28225,28315,39585.62652333724,-5992.085991018481,402.0,-1,-1,-1.0
28226,28316,23761.265285516136,-822.4474412679265,467.0,-1,-1,-1.0
28227,28317,27021.547418316928,-6587.272995659645,377.0,-1,-1,-1.0
28228,28318,12097.388902459192,24926.30282737604,384.0,-1,-1,-1.0
28229,28319,21937.46136844751,23659.791687832265,376.0,-1,18,-1.0
28230,28320,-37700.800711257056,-14118.720670295685,276.0,-1,-1,-1.0
28231,28321,-38491.351835592,17948.08855936356,195.0,-1,-1,-1.0
28232,28322,-11658.126335957517,3196.976576266381,3.0,-1,26,-1.0
28233,28323,-2008.3353010409849,-27579.34081097569,87.0,-1,-1,-1.0
28234,28324,12315.93168842965,-27776.6334176041,262.0,-1,3,-1.0
28235,28325,-30867.83578536963,24590.12110719112,422.0,-1,-1,-1.0
28236,28326,-1866.8389086316529,-13964.794691405115,91.0,-1,31,-1.0
28237,28327,-27853.341216676978,-25560.7509959683,350.0,-1,-1,-1.0
28238,28328,-22290.05147665551,10556.912178381266,499.0,-1,40,-1.0
28239,28329,7364.476931116289,-18319.94250840004,397.0,-1,-1,-1.0
28240,28330,-14102.013275122074,32588.424889719667,64.0,-1,48,-1.0
28241,28331,-20311.416190170152,-22841.25995311548,50.0,-1,-1,-1.0
28242,28332,30021.94478460359,-2993.5496897526173,450.0,-1,33,-1.0
28243,28333,-6688.180333881428,-25351.065693635937,200.0,-1,-1,-1.0
28244,28334,4029.429399041765,8983.0552868854,218.0,-1,-1,-1.0
28245,28335,-39738.26042171144,37912.15321962269,198.0,-1,-1,-1.0
28246,28336,2268.200584194754,9122.068129104531,191.0,-1,27,-1.0
28247,28337,29461.378529541515,-34313.91786734893,446.0,-1,-1,-1.0
28248,28338,3590.753869016633,-6876.789479944884,233.0,-1,-1,-1.0
28249,28339,35886.0436406845,-3085.846215858204,337.0,-1,-1,-1.0
28250,28340,28827.18633277937,14689.259310812507,246.0,-1,-1,-1.0
28251,28341,-7381.294772924346,38054.59036422697,35.0,-1,-1,-1.0
28252,28342,-37757.22313748906,32342.14651597552,181.0,-1,5,-1.0
28253,28343,11267.695827252988,7223.239357620034,63.0,-1,2,-1.0
28254,28344,-10401.250189243436,-3462.287354840708,205.0,-1,-1,-1.0
28255,28345,-643.0450356417132,-9607.621742190056,179.0,-1,31,-1.0
28256,28346,-12607.355788874636,33191.33436874641,173.0,-1,48,-1.0
28257,28347,-284.5111689771802,994.6161034644464,451.0,-1,22,-1.0
28258,28348,112.1575229783557,5769.598035767558,149.0,-1,27,-1.0
28259,28349,-20342.288656372504,-9302.297382909412,237.0,-1,-1,-1.0
28260,28350,-29101.905269196992,3216.975860260769,470.0,-1,-1,-1.0
28261,28351,-27144.77946893326,-20550.89745124824,342.0,-1,39,-1.0
28262,28352,-23709.011575506367,10095.096282760229,68.0,-1,-1,-1.0
28263,28353,-2388.1860349861745,26571.215865691847,145.0,-1,48,56.0
28264,28354,28565.45716239627,-37147.54342844547,316.0,-1,-1,-1.0
28265,28355,-33212.75229428901,2464.447598870531,131.0,-1,-1,-1.0
28266,28356,16277.769709163891,39074.483479956456,407.0,-1,-1,-1.0
28267,28357,-25516.123713945788,-34877.87564084431,141.0,-1,12,-1.0
28268,28358,28897.60847597079,-33771.42432020787,300.0,-1,-1,-1.0
28269,28359,668.1626211024341,-28170.826624898946,444.0,-1,25,-1.0
28270,28360,-20055.65310184192,-15737.761905811923,355.0,-1,42,-1.0
28271,28361,-11086.209820130214,-25320.093089629605,437.0,-1,17,-1.0
28272,28362,-27763.971957321846,1244.3503712457386,137.0,-1,-1,-1.0
28273,28363,33108.95937816815,29342.493892453887,369.0,-1,-1,-1.0
28274,28364,8125.381360736887,10222.62879252775,468.0,-1,-1,-1.0
28275,28365,18905.275936733316,-36719.13785490592,309.0,-1,-1,-1.0
28276,28366,18723.87763801143,-17892.422583352472,457.0,-1,-1,-1.0
28277,28367,-13950.598557523625,3968.282679004158,487.0,-1,26,-1.0
28278,28368,11681.7498747395,17724.897673494503,179.0,-1,-1,-1.0
28279,28369,-1413.0709846173122,35218.10669554802,151.0,-1,-1,-1.0
28280,28370,35677.85912385771,16809.20136177302,82.0,-1,28,-1.0
28281,28371,-15022.266216528504,-3992.094675627464,307.0,-1,-1,-1.0
28282,28372,-35524.53137169867,12413.350000450002,473.0,-1,-1,-1.0
28283,28373,-34600.53619439113,-13937.6004147916,10.0,-1,-1,-1.0
28284,28374,34081.89446844664,-31304.98037860781,273.0,-1,-1,-1.0
28285,28375,-7299.405092697874,-3205.9167436441785,3.0,-1,31,-1.0
28286,28376,31150.61925588372,19339.535048413483,118.0,-1,-1,-1.0
28287,28377,19410.895108274104,-13175.91434911365,385.0,-1,-1,-1.0
28288,28378,15190.266565973376,22910.92209896507,252.0,-1,-1,-1.0
28289,28379,29417.912421539382,-27385.24995053225,481.0,-1,-1,-1.0
28290,28380,31298.05936387845,-16115.279446691718,379.0,-1,-1,-1.0
28291,28381,-13498.663001918409,-5474.599267791804,370.0,-1,-1,-1.0
28292,28382,-9587.120513330316,9543.200352681675,382.0,-1,27,-1.0
28293,28383,35167.26308705476,33689.261667595114,198.0,-1,-1,-1.0
28294,28384,-9212.03082137687,-4213.415506736339,162.0,-1,-1,-1.0
28295,28385,6477.572876163038,15076.070599074905,113.0,-1,8,-1.0
28296,28386,20831.658237533564,-5571.270263144841,60.0,-1,44,-1.0
28297,28387,-30344.81133363156,-3244.205117043093,396.0,-1,41,47.0
28298,28388,6845.760970812975,-37909.86041746821,97.0,-1,-1,-1.0
28299,28389,9033.03931293005,1083.4413675681426,120.0,-1,-1,-1.0
28300,28390,911.252513711166,39167.66315082309,260.0,-1,-1,-1.0
28301,28391,9496.732103321743,20207.52616689163,156.0,-1,-1,-1.0
28302,28392,32273.91870707416,-18081.02128358102,133.0,-1,-1,-1.0
28303,28393,-14075.973170067668,-11559.777491708544,242.0,-1,-1,-1.0
28304,28394,2515.4577258862846,-26030.446689419743,296.0,-1,-1,-1.0
28305,28395,-10629.62547323255,-39396.297202058464,246.0,-1,-1,-1.0
28306,28396,-4007.825567358828,38057.25335212238,70.0,-1,-1,-1.0
28307,28397,-3245.639403941132,-15903.758062319584,142.0,-1,31,-1.0
28308,28398,2848.164545199208,34763.61332604816,260.0,-1,-1,-1.0
28309,28399,21549.599991205432,20356.690973264514,330.0,-1,-1,-1.0
28310,28400,406.0125616949881,-4607.8328663245775,407.0,-1,-1,-1.0
28311,28401,4260.039157974999,33785.782966213155,410.0,-1,-1,-1.0
28312,28402,10900.668456769165,-2000.9711735891613,165.0,-1,-1,-1.0
28313,28403,10304.970210467014,-29721.08767829336,461.0,-1,-1,-1.0
28314,28404,21276.85195940164,4056.9609237897375,464.0,-1,-1,-1.0
28315,28405,-3849.83172003756,8167.607739207982,188.0,-1,-1,-1.0
28316,28406,36847.828210626845,10065.164265167004,365.0,-1,28,-1.0
28317,28407,-3300.4957155550146,-26225.163984974617,131.0,-1,-1,-1.0
28318,28408,-29590.095862104383,-1586.336542059391,221.0,-1,-1,-1.0
28319,28409,-14559.615451031008,-17918.66713670898,253.0,-1,-1,-1.0
28320,28410,-6477.594655347581,-25256.7583767692,120.0,-1,-1,-1.0
28321,28411,-1168.567260655771,17063.459221397956,341.0,-1,46,54.0
28322,28412,-4328.67295677861,21995.122138158356,430.0,-1,-1,-1.0
28323,28413,-29819.19849376675,-31390.006688050984,401.0,-1,-1,-1.0
28324,28414,-38191.42540372935,35685.63886949529,381.0,-1,5,-1.0
28325,28415,2319.454956293346,-566.7857132362697,216.0,-1,-1,-1.0
28326,28416,-35800.19707661036,-28726.174220449902,233.0,-1,20,-1.0
28327,28417,-36328.0994309218,-28698.99315099664,21.0,-1,20,-1.0
28328,28418,17233.4221059083,-5938.568935687414,166.0,-1,-1,-1.0
28329,28419,12080.880883558362,-10818.277959365092,451.0,-1,-1,-1.0
28330,28420,-35452.890293656434,-10044.390829087391,85.0,-1,-1,-1.0
28331,28421,-18947.604931243302,-8920.375781337643,64.0,-1,-1,-1.0
28332,28422,18651.316438069887,34566.974848049256,8.0,-1,-1,-1.0
28333,28423,3518.5274368315518,-6706.020135633873,460.0,-1,-1,-1.0
28334,28424,4378.728950314158,-25372.72956507193,348.0,-1,31,-1.0
28335,28425,6159.272360544092,28375.17828729376,368.0,-1,-1,-1.0
28336,28426,2439.4104233734543,-33611.350018099896,42.0,-1,1,-1.0
28337,28427,7436.887635777501,28332.078663354187,130.0,-1,48,58.0
28338,28428,3572.445965270133,7806.123541270666,420.0,-1,27,-1.0
28339,28429,-29755.764853283465,2918.9990846397413,462.0,-1,-1,-1.0
28340,28430,37605.738760765016,-29340.43971568681,66.0,-1,-1,-1.0
28341,28431,17819.378593374677,15124.922544873953,218.0,-1,-1,-1.0
28342,28432,16693.559843546624,180.28086304899625,332.0,-1,-1,-1.0
28343,28433,10183.514512561494,13789.731624048383,165.0,-1,-1,-1.0
28344,28434,2484.4822677845004,-2710.1628311381355,495.0,-1,-1,-1.0
28345,28435,15424.117255234916,-20579.822379495028,295.0,-1,-1,-1.0
28346,28436,618.6514402334651,32529.73743599966,87.0,-1,-1,-1.0
28347,28437,8850.214608784067,14289.796060164292,290.0,-1,-1,-1.0
28348,28438,26038.348062072822,19361.534055020005,439.0,-1,18,-1.0
28349,28439,-1111.4104648280336,-12076.75294918774,113.0,-1,31,-1.0
28350,28440,29741.14609472624,12681.61444335246,342.0,-1,-1,-1.0
28351,28441,-31103.64187806026,33009.58842318982,168.0,-1,-1,-1.0
28352,28442,-33213.21788539426,-27060.03556442073,280.0,-1,-1,-1.0
28353,28443,-4164.139185283319,17997.512011941595,41.0,-1,-1,-1.0
28354,28444,-28195.250610573377,-4540.26558698342,310.0,-1,41,47.0
28355,28445,-36671.75490552301,-14694.997543317524,10.0,-1,-1,-1.0
28356,28446,-25687.945631202598,-27998.265138671224,372.0,-1,38,-1.0
28357,28447,4266.727960675169,17539.017000357126,171.0,-1,-1,-1.0
28358,28448,9185.172276316262,29351.713856900256,13.0,-1,-1,-1.0
28359,28449,8408.962802598115,-10383.1043967826,131.0,-1,-1,-1.0
28360,28450,-4874.416843766128,-30893.847124984197,447.0,-1,-1,-1.0
28361,28451,-16640.71251416968,-8357.871446114976,491.0,-1,43,-1.0
28362,28452,-11330.77806185928,-4534.696226381609,410.0,-1,-1,-1.0
28363,28453,-6197.871158776768,8796.931015421716,258.0,-1,-1,-1.0
28364,28454,25122.073998300737,-3921.913136510841,205.0,-1,-1,-1.0
28365,28455,-17555.69475903538,-7365.782196172237,255.0,-1,-1,-1.0
28366,28456,-12425.57901100417,-25263.973687623835,148.0,-1,17,-1.0
28367,28457,-22803.97037307796,-23031.931076504978,251.0,-1,-1,-1.0
28368,28458,-18666.989706050856,-4293.047496491148,277.0,-1,43,-1.0
28369,28459,27013.095038661253,34422.048574992936,399.0,-1,-1,-1.0
28370,28460,3253.4817920953137,-31218.41667352717,218.0,-1,1,-1.0
28371,28461,-14404.006973122396,13634.97843240913,23.0,-1,-1,-1.0
28372,28462,-26773.106004730005,30765.55291777961,45.0,-1,-1,-1.0
28373,28463,-1262.5702193233228,-37441.47484764797,487.0,-1,-1,-1.0
28374,28464,5725.4158443817,-28690.678919695187,338.0,-1,31,-1.0
28375,28465,-17435.663516037457,-26585.16257736028,409.0,-1,36,-1.0
28376,28466,17056.580005667893,10054.849521478964,452.0,-1,-1,-1.0
28377,28467,-13866.540324746096,-10464.763234561928,483.0,-1,-1,-1.0
28378,28468,35536.15544990674,-23492.043513655142,157.0,-1,-1,-1.0
28379,28469,15340.734844858913,-3910.9872256018352,324.0,-1,-1,-1.0
28380,28470,5940.354095713192,-17932.42433263879,51.0,-1,-1,-1.0
28381,28471,828.2212996174931,39986.11328661883,425.0,-1,-1,-1.0
28382,28472,480.94800851193577,14602.384597196731,135.0,-1,-1,-1.0
28383,28473,-37331.61281494853,38721.36502092755,324.0,-1,-1,-1.0
28384,28474,-9976.604834122034,-8347.486098419115,50.0,-1,31,-1.0
28385,28475,-29045.987154160182,6248.430776746842,175.0,-1,-1,-1.0
28386,28476,39028.44302145243,-27358.658161309704,85.0,-1,-1,-1.0
28387,28477,38728.20090667765,-14899.961305882587,346.0,-1,-1,-1.0
28388,28478,-21847.612172462173,-24240.22654231148,303.0,-1,36,-1.0
28389,28479,13520.87455227896,-5720.251675644722,460.0,-1,13,-1.0
28390,28480,-25503.133937307717,11486.563804209356,270.0,-1,-1,-1.0
28391,28481,34964.7770260019,-12572.961962331374,454.0,-1,-1,-1.0
28392,28482,-6421.373361073704,-28568.630737013103,125.0,-1,25,-1.0
28393,28483,-36369.46878048922,4838.568531023484,403.0,-1,-1,-1.0
28394,28484,-18360.09185633028,-4509.467223045067,223.0,-1,43,-1.0
28395,28485,-23531.698922451724,-7623.545677373248,494.0,-1,-1,-1.0
28396,28486,-37449.812645442245,-28817.765911529707,168.0,-1,20,-1.0
28397,28487,-19606.80051562416,-18610.695977577896,431.0,-1,-1,-1.0
28398,28488,-28403.291867950215,21810.23769982576,254.0,-1,-1,-1.0
28399,28489,-23918.076109846486,-31141.30387465708,76.0,-1,-1,-1.0
28400,28490,34819.79294842173,-20958.920266709792,314.0,-1,-1,-1.0
28401,28491,26209.256266883956,-37609.95797730125,458.0,-1,-1,-1.0
28402,28492,-8105.167049499152,21332.294657910024,211.0,-1,-1,-1.0
28403,28493,-22189.973944709767,25699.970324324167,351.0,-1,48,-1.0
28404,28494,-23290.397998451128,19951.877729480053,359.0,-1,37,-1.0
28405,28495,-24048.78476785986,1021.4922304304492,253.0,-1,-1,-1.0
28406,28496,-39621.072620747305,-19557.02689710072,176.0,-1,-1,-1.0
28407,28497,-32556.551863649573,-14251.675682938388,391.0,-1,-1,-1.0
28408,28498,38602.965875793365,22538.84040835991,45.0,-1,-1,-1.0
28409,28499,6232.884385581514,20711.406711621712,75.0,-1,-1,-1.0
28410,28500,27101.761196256037,36576.715582878445,229.0,-1,-1,-1.0
28411,28501,-38747.95928077937,-18718.533373674512,465.0,-1,0,-1.0
28412,28502,8431.981905261477,20250.72580062614,321.0,-1,-1,-1.0
28413,28503,-13333.992099140152,-17058.302409243894,162.0,-1,-1,-1.0
28414,28504,-14958.61442645942,-4488.405795241342,133.0,-1,-1,-1.0
28415,28505,-1604.4042171531985,-1247.518533241404,298.0,-1,-1,-1.0
28416,28506,-37146.479553265686,25635.31265724986,257.0,-1,23,-1.0
28417,28507,-25494.064064274,23471.141311586645,359.0,-1,-1,-1.0
28418,28508,19399.732718520187,34921.2945909705,469.0,-1,-1,-1.0
28419,28509,25925.09092435148,24475.52668182945,55.0,-1,18,-1.0
28420,28510,-655.2892095464122,26219.040552583683,439.0,-1,48,-1.0
28421,28511,18450.2180706789,-26813.31232239989,439.0,-1,3,-1.0
28422,28512,-4454.498670621906,9824.826787453763,149.0,-1,-1,-1.0
28423,28513,-5395.15165813316,-14173.908091428872,94.0,-1,31,-1.0
28424,28514,-27180.38902531748,-22575.453258677397,222.0,-1,-1,-1.0
28425,28515,5997.635287150282,-36356.48512091719,274.0,-1,1,-1.0
28426,28516,-30223.372170489907,-36523.90507926232,256.0,-1,-1,-1.0
28427,28517,-15954.042380800527,-18829.765996693288,55.0,-1,-1,-1.0
28428,28518,2957.4524010496607,27088.562138553723,345.0,-1,48,56.0
28429,28519,7734.72659302003,-23605.905185751908,408.0,-1,31,-1.0
28430,28520,-806.0222686770285,-11634.111950652306,108.0,-1,31,-1.0
28431,28521,9678.119289105634,21655.75196701222,112.0,-1,-1,-1.0
28432,28522,14998.825070328428,23789.33579237601,433.0,-1,-1,-1.0
28433,28523,15314.872498020764,8675.760901554895,78.0,-1,2,-1.0
28434,28524,24723.76395592816,-6350.963396000283,185.0,-1,-1,-1.0
28435,28525,-27181.31981542944,-7420.252687304892,336.0,-1,-1,-1.0
28436,28526,23263.668084936995,-1603.506945094305,242.0,-1,44,-1.0
28437,28527,-39515.17897297911,-9714.198132528829,429.0,-1,-1,-1.0
28438,28528,18227.82053634604,-4430.161127726373,34.0,-1,-1,-1.0
28439,28529,21386.80651373603,19953.823485799847,71.0,-1,-1,-1.0
28440,28530,-21931.5554246642,5007.857701698398,189.0,-1,-1,-1.0
28441,28531,-14267.996857939186,-38376.76887582238,420.0,-1,-1,-1.0
28442,28532,16755.096382029617,-17383.806312898934,235.0,-1,45,-1.0
28443,28533,38963.88064563375,-32007.39879567092,448.0,-1,-1,-1.0
28444,28534,-24270.69924290145,12142.890969303524,103.0,-1,-1,-1.0
28445,28535,-20600.7082832721,21594.816520823057,85.0,-1,-1,-1.0
28446,28536,-13805.265158839533,22756.263848126742,323.0,-1,-1,-1.0
28447,28537,-11557.009137109952,35615.126492554395,325.0,-1,48,-1.0
28448,28538,-12231.013793823244,17762.376914598797,239.0,-1,-1,-1.0
28449,28539,-4806.172178929788,29989.3267470678,14.0,-1,-1,-1.0
28450,28540,-15807.426235494298,34831.760760997946,115.0,-1,-1,-1.0
28451,28541,-16553.79310266907,24020.277471483096,274.0,-1,-1,-1.0
28452,28542,-30168.584407615304,37221.27571101743,22.0,-1,-1,-1.0
28453,28543,-12539.563137677633,-36808.815743469575,228.0,-1,36,-1.0
28454,28544,-26307.638696656293,-20522.13842815028,119.0,-1,-1,-1.0
28455,28545,24715.559715429605,-3629.466877931591,67.0,-1,-1,-1.0
28456,28546,33267.61225426746,-35665.93845342614,392.0,-1,-1,-1.0
28457,28547,38178.39209999985,37859.39474120279,158.0,-1,-1,-1.0
28458,28548,-29553.003749535485,-24117.124339960043,229.0,-1,39,-1.0
28459,28549,-11818.57159204199,2325.8902707559173,399.0,-1,-1,-1.0
28460,28550,16834.406344211377,10724.955158618206,121.0,-1,-1,-1.0
28461,28551,-1201.9419636867751,1062.379235823253,166.0,-1,22,-1.0
28462,28552,-34057.419120753155,29959.2501132092,342.0,-1,-1,-1.0
28463,28553,-1394.5455220617805,2237.21228469714,213.0,-1,-1,-1.0
28464,28554,-14859.197549057895,-18107.436955103138,163.0,-1,-1,-1.0
28465,28555,-23234.79979222517,2322.6624530951885,173.0,-1,-1,-1.0
28466,28556,19537.7267296816,22998.75191433884,387.0,-1,-1,-1.0
28467,28557,-4718.21981338341,26461.129984588988,352.0,-1,48,-1.0
28468,28558,-8631.705131919487,-11641.662790597236,300.0,-1,31,-1.0
28469,28559,1352.022213508244,-8065.830925285038,67.0,-1,31,-1.0
28470,28560,-17384.26302307307,-11660.942087161406,405.0,-1,-1,-1.0
28471,28561,-12934.181414128823,-35269.172602326515,244.0,-1,36,-1.0
28472,28562,-30458.47319196374,-32858.36465498665,218.0,-1,34,-1.0
28473,28563,29577.240401699262,24902.81912962992,295.0,-1,-1,-1.0
28474,28564,-16643.425121088836,18674.09565820236,103.0,-1,-1,-1.0
28475,28565,-2494.4484566564497,20461.02646968075,61.0,-1,-1,-1.0
28476,28566,-18682.70124282333,-21050.58728850788,179.0,-1,36,-1.0
28477,28567,12563.378485125031,25832.01284747457,476.0,-1,-1,-1.0
28478,28568,-27216.34294623616,-16414.90990601069,210.0,-1,-1,-1.0
28479,28569,35732.127251434285,4001.8430225389457,398.0,-1,28,32.0
28480,28570,5613.246354868657,-9443.684383117965,479.0,-1,31,-1.0
28481,28571,9497.28977271176,-28532.162631269315,237.0,-1,-1,-1.0
28482,28572,-32053.770110738347,-9.458963127348396,478.0,-1,-1,-1.0
28483,28573,-25988.185892994064,-36487.01378122332,320.0,-1,-1,-1.0
28484,28574,10449.576554116778,28088.267967323423,300.0,-1,-1,-1.0
28485,28575,-9104.548699576177,-52.68524660089315,113.0,-1,-1,-1.0
28486,28576,-2435.5488104955366,-2443.8699052285883,161.0,-1,22,-1.0
28487,28577,26881.69293437562,468.76665447605046,342.0,-1,-1,-1.0
28488,28578,-17373.366763516875,-18818.32026891609,261.0,-1,-1,-1.0
28489,28579,-20179.543562311643,-25980.66131987695,295.0,-1,-1,-1.0
28490,28580,-29533.778288819787,33022.5273880843,89.0,-1,6,-1.0
28491,28581,-21323.80284936533,-1355.6015627210727,258.0,-1,43,-1.0
28492,28582,-14625.115585167496,2686.1203925354566,231.0,-1,-1,-1.0
28493,28583,33904.67071495885,-5640.684783362471,309.0,-1,-1,-1.0
28494,28584,18863.13380288085,-18391.50864074784,441.0,-1,-1,-1.0
28495,28585,34922.22485650108,-37200.78903562509,276.0,-1,-1,-1.0
28496,28586,17004.896948562528,-11625.620464552863,268.0,-1,-1,-1.0
28497,28587,17917.127641122766,-35744.25129603946,124.0,-1,-1,-1.0
28498,28588,37418.1904545412,13296.745973435893,179.0,-1,28,-1.0
28499,28589,33069.74475096316,-15036.26018405302,437.0,-1,-1,-1.0
28500,28590,-189.73049457041637,-19750.889862756987,406.0,-1,31,-1.0
28501,28591,-10260.173531711249,-8708.868934838694,303.0,-1,31,-1.0
28502,28592,37631.036594445206,17623.274809820265,257.0,-1,-1,-1.0
28503,28593,-30169.12896510962,8610.604540609682,365.0,-1,-1,-1.0
28504,28594,-39327.96962177204,-24566.162035962843,370.0,-1,-1,-1.0
28505,28595,8739.684755626251,11111.835115509202,478.0,-1,8,-1.0
28506,28596,1399.256762382196,-28352.48238907445,307.0,-1,25,-1.0
28507,28597,-3365.61475432256,9516.904877207511,321.0,-1,27,-1.0
28508,28598,-6446.540928399263,-20839.130619633157,330.0,-1,-1,-1.0
28509,28599,-29270.341845485596,-18611.14439323384,318.0,-1,-1,-1.0
28510,28600,28864.180457558658,-23627.741246251426,291.0,-1,-1,-1.0
28511,28601,-18497.34128795518,24178.579341339333,446.0,-1,-1,-1.0
28512,28602,9622.832157368168,2712.6361715579187,334.0,-1,-1,-1.0
28513,28603,8742.669021949332,-35551.95106440867,389.0,-1,-1,-1.0
28514,28604,-14317.705444395702,28143.829804975263,386.0,-1,48,61.0
28515,28605,-19110.529469432902,5398.846735508319,75.0,-1,-1,-1.0
28516,28606,-1991.222080361862,-31496.990848684723,382.0,-1,-1,-1.0
28517,28607,-7794.898112466642,-35945.69955271344,478.0,-1,-1,-1.0
28518,28608,27757.12658855312,35482.32549554712,222.0,-1,-1,-1.0
28519,28609,-35081.92731454199,-13208.59416937159,50.0,-1,32,38.0
28520,28610,34429.78881562705,-21027.8502922434,282.0,-1,-1,-1.0
28521,28611,-30890.7771517978,3348.850183111776,330.0,-1,29,-1.0
28522,28612,20182.34806244905,19790.081074875125,26.0,-1,18,-1.0
28523,28613,-36751.48182607108,26009.793072178712,382.0,-1,23,-1.0
28524,28614,-23167.81530442766,-3310.0803300743646,332.0,-1,-1,-1.0
28525,28615,18682.352794615,30985.871675295988,454.0,-1,30,-1.0
28526,28616,34098.60397171756,18232.061836834,265.0,-1,-1,-1.0
28527,28617,-39082.078169960936,10149.607149017254,358.0,-1,-1,-1.0
28528,28618,-20471.040194426965,37549.31995532784,252.0,-1,-1,-1.0
28529,28619,10009.298240342214,-2480.4977857729536,99.0,-1,-1,-1.0
28530,28620,-22613.42852727192,33662.014644231574,50.0,-1,-1,-1.0
28531,28621,21285.18064177918,-860.6002560797133,220.0,-1,-1,-1.0
28532,28622,-24553.277880756603,11021.66702576194,78.0,-1,-1,-1.0
28533,28623,-24446.399766643983,-29988.47658373824,434.0,-1,-1,-1.0
28534,28624,21808.01180562898,30744.57925158688,357.0,-1,30,-1.0
28535,28625,24061.503497999474,-31549.68898126011,123.0,-1,-1,-1.0
28536,28626,-38298.11878790489,-31108.70596712205,297.0,-1,20,-1.0
28537,28627,12631.766213979034,-17065.26745355072,325.0,-1,-1,-1.0
28538,28628,31994.27646616056,-22686.61594900518,112.0,-1,45,-1.0
28539,28629,14154.669916599943,-16856.55628908748,409.0,-1,-1,-1.0
28540,28630,8302.090767785878,34703.212402998965,391.0,-1,-1,-1.0
28541,28631,-25416.86283307559,26046.44198119124,196.0,-1,48,-1.0
28542,28632,-25925.63599513649,20933.207509074666,140.0,-1,-1,-1.0
28543,28633,26644.28652395036,26842.991392802756,204.0,-1,-1,-1.0
28544,28634,-20884.351548816478,-32617.018948896,307.0,-1,-1,-1.0
28545,28635,-18778.505518829195,14552.398337733612,433.0,-1,-1,-1.0
28546,28636,18907.512343708117,36652.05167810539,372.0,-1,-1,-1.0
28547,28637,-37587.69012007668,-33611.40817489555,210.0,-1,20,-1.0
28548,28638,-12474.956652448618,20014.48347739061,259.0,-1,-1,-1.0
28549,28639,-9923.358767726597,7785.331849720489,155.0,-1,27,-1.0
28550,28640,-7181.696761007028,4613.5839212723295,113.0,-1,-1,-1.0
28551,28641,-9126.234472738844,-32605.622571071188,447.0,-1,-1,-1.0
28552,28642,663.1823919961389,-34110.21622254704,303.0,-1,-1,-1.0
28553,28643,-33776.25636835279,-35080.70178123027,240.0,-1,-1,-1.0
28554,28644,36557.58882714735,39510.65475395517,91.0,-1,-1,-1.0
28555,28645,24786.97956525832,-15597.112139998906,252.0,-1,-1,-1.0
28556,28646,14241.263380301323,37979.39010012032,272.0,-1,-1,-1.0
28557,28647,8458.408306097968,37292.91911625762,408.0,-1,-1,-1.0
28558,28648,6409.835538599727,16239.356904579588,453.0,-1,-1,-1.0
28559,28649,29056.786539287976,-29666.773654786604,346.0,-1,-1,-1.0
28560,28650,-4000.553996277813,17654.45551970447,443.0,-1,-1,-1.0
28561,28651,10450.468987312008,-3774.181687975579,153.0,-1,-1,-1.0
28562,28652,-7537.058848553694,10099.214554750382,57.0,-1,-1,-1.0
28563,28653,12706.9180140514,-22207.46532145557,127.0,-1,-1,-1.0
28564,28654,-22180.234815279357,7406.599077257124,388.0,-1,-1,-1.0
28565,28655,-29357.541733373924,-11403.709509361504,6.0,-1,-1,-1.0
28566,28656,-8266.804117510826,-18697.57292395712,175.0,-1,-1,-1.0
28567,28657,-4892.738000282036,-31007.63867798554,482.0,-1,-1,-1.0
28568,28658,16687.66252444972,26129.646416410906,484.0,-1,9,-1.0
28569,28659,10085.7008765489,-26600.806339277056,149.0,-1,-1,-1.0
28570,28660,15203.1461299332,-31577.103578896586,449.0,-1,3,-1.0
28571,28661,-17128.477680752196,-34633.671639839704,418.0,-1,-1,-1.0
28572,28662,35796.39525972074,24393.53723533468,431.0,-1,-1,-1.0
28573,28663,-22445.46594428041,6920.517342037252,264.0,-1,-1,-1.0
28574,28664,-277.6826721206162,800.0375290876691,147.0,-1,22,-1.0
28575,28665,-22548.0393917811,-3412.985762411721,100.0,-1,-1,-1.0
28576,28666,36421.80637639601,21743.690353157304,409.0,-1,28,-1.0
28577,28667,-21574.079485833416,-10052.35637041209,456.0,-1,-1,-1.0
28578,28668,-180.9080348838252,30662.43883709784,14.0,-1,48,-1.0
28579,28669,-23896.457983836728,-1922.8990168763776,343.0,-1,41,-1.0
28580,28670,13875.636299988924,2856.414200794352,38.0,-1,-1,-1.0
28581,28671,-459.45962946079817,-33750.65410154464,155.0,-1,-1,-1.0
28582,28672,-15966.785594794954,25863.450202054853,344.0,-1,-1,-1.0
28583,28673,-12196.5507783616,-4586.735622993154,168.0,-1,-1,-1.0
28584,28674,-3378.1390625060303,-30839.75471525827,299.0,-1,-1,-1.0
28585,28675,-2270.4521606123453,-433.0812448771321,74.0,-1,22,-1.0
28586,28676,-20563.335717416056,-28238.148736652227,349.0,-1,-1,-1.0
28587,28677,31821.776400850955,1151.6393438455416,227.0,-1,-1,-1.0
28588,28678,-24736.35048279792,-24285.936879779016,200.0,-1,-1,-1.0
28589,28679,21833.674326293003,37511.83206446935,331.0,-1,30,-1.0
28590,28680,-3666.2885302088102,-33163.01174376534,58.0,-1,35,-1.0
28591,28681,-16091.12631876558,-6884.251972652346,28.0,-1,43,-1.0
28592,28682,-25820.624176089943,-9151.481382806409,443.0,-1,-1,-1.0
28593,28683,34283.61541891089,-1046.6220977134071,454.0,-1,-1,-1.0
28594,28684,32478.25730517488,25312.86865389244,9.0,-1,-1,-1.0
28595,28685,15370.89600934711,-19650.24030483949,29.0,-1,-1,-1.0
28596,28686,30918.01378743183,-2973.058681823073,83.0,-1,-1,-1.0
28597,28687,-27669.983475378813,-38063.27275306111,184.0,-1,-1,-1.0
28598,28688,-23964.311284189636,8540.969906939987,48.0,-1,-1,-1.0
28599,28689,8442.028320645368,-30343.61774140417,170.0,-1,-1,-1.0
28600,28690,15016.105861739745,23709.65414108452,271.0,-1,-1,-1.0
28601,28691,2330.896034303987,-24796.31877082689,24.0,-1,-1,-1.0
28602,28692,24873.62423134887,13135.525662226595,330.0,-1,-1,-1.0
28603,28693,24225.163843990937,14760.199913701836,12.0,-1,-1,-1.0
28604,28694,27817.704665797413,-4510.473155656706,260.0,-1,33,-1.0
28605,28695,-33840.668101580966,508.9891521543177,97.0,-1,29,-1.0
28606,28696,12047.847492291496,-36563.9000841982,264.0,-1,-1,-1.0
28607,28697,-29807.98126340715,-37436.8618442849,144.0,-1,-1,-1.0
28608,28698,7322.083577248959,-14406.43082944658,456.0,-1,31,-1.0
28609,28699,15479.8245653458,-8266.707004105545,355.0,-1,-1,-1.0
28610,28700,-33972.16970520657,-3269.837080940088,342.0,-1,-1,-1.0
28611,28701,10585.883013177445,29729.335691381333,339.0,-1,-1,-1.0
28612,28702,-22237.833512105517,10329.99070640665,193.0,-1,40,-1.0
28613,28703,-2326.1296306026125,10411.218727111816,443.0,-1,-1,-1.0
28614,28704,33298.51903978715,-19833.967840056142,412.0,-1,-1,-1.0
28615,28705,-37792.11062539989,-16783.147996431635,382.0,-1,-1,-1.0
28616,28706,-10179.24233923959,-10433.963208395877,311.0,-1,-1,-1.0
28617,28707,-21513.61811235854,1487.559031629491,115.0,-1,-1,-1.0
28618,28708,-1075.0692984908455,31790.379204737477,458.0,-1,48,-1.0
28619,28709,-1405.992003970845,2668.726180319056,498.0,-1,22,-1.0
28620,28710,19726.892173511253,2194.359596011549,227.0,-1,-1,-1.0
28621,28711,16364.21075228876,-19502.84384332297,427.0,-1,-1,-1.0
28622,28712,-26570.911583668647,-13043.99219006731,178.0,-1,-1,-1.0
28623,28713,11994.030582964837,-10649.983189141149,220.0,-1,13,-1.0
28624,28714,-24941.556308986044,6553.318009062001,67.0,-1,-1,-1.0
28625,28715,-6417.201073163611,-21442.105395072667,41.0,-1,-1,-1.0
28626,28716,-28357.91173574388,15832.67589612709,208.0,-1,40,-1.0
28627,28717,36922.46847967195,13812.00691907342,403.0,-1,28,-1.0
28628,28718,2904.263553942881,-30525.37531284587,300.0,-1,-1,-1.0
28629,28719,33092.499691150864,15744.553567299714,442.0,-1,-1,-1.0
28630,28720,-18982.746111935365,-20003.694593232605,161.0,-1,-1,-1.0
28631,28721,-22791.019771248102,3756.1192077107553,150.0,-1,-1,-1.0
28632,28722,-33871.857984061535,14598.777761512203,433.0,-1,24,-1.0
28633,28723,17420.482016681824,34753.63047659588,485.0,-1,-1,-1.0
28634,28724,-5846.92666481364,-30058.646959186124,375.0,-1,-1,-1.0
28635,28725,37380.48878654178,-12365.187238530045,182.0,-1,-1,-1.0
28636,28726,-27899.60725205113,-13464.019370172393,292.0,-1,-1,-1.0
28637,28727,27430.92313898704,23124.564182825477,397.0,-1,-1,-1.0
28638,28728,-34813.64390203404,-10598.02182216047,430.0,-1,-1,-1.0
28639,28729,-6229.755227367357,-39578.231430824686,96.0,-1,-1,-1.0
28640,28730,-21053.61546053943,-19070.602547070222,169.0,-1,-1,-1.0
28641,28731,23782.4780748723,27159.06670541005,18.0,-1,-1,-1.0
28642,28732,-20998.440048340424,-38250.064440757975,103.0,-1,12,-1.0
28643,28733,-2977.5630723501745,-10132.947003374076,35.0,-1,31,-1.0
28644,28734,39949.011178097935,-8841.745734911718,442.0,-1,-1,-1.0
28645,28735,27722.53932863384,-20999.54889079525,212.0,-1,45,-1.0
28646,28736,4918.940059760404,-1406.0147941009343,237.0,-1,-1,-1.0
28647,28737,-34447.68480237229,31436.42096871414,388.0,-1,6,-1.0
28648,28738,-10521.72928844154,-36740.204790914446,146.0,-1,36,-1.0
28649,28739,29961.780450581675,1028.574271548452,269.0,-1,-1,-1.0
28650,28740,-12808.666725918938,-15955.410689816708,83.0,-1,-1,-1.0
28651,28741,37703.6604988226,33180.34194580409,273.0,-1,10,-1.0
28652,28742,-10577.541686683504,4221.087463394033,35.0,-1,-1,-1.0
28653,28743,-3136.1722861337985,-15962.8004705932,102.0,-1,31,-1.0
28654,28744,-17402.375566280934,-15903.096267900735,268.0,-1,-1,-1.0
28655,28745,30313.19160866541,2490.768170513482,123.0,-1,-1,-1.0
28656,28746,-7612.981640723585,18485.3321052396,356.0,-1,-1,-1.0
28657,28747,-12483.609121863468,8548.430627416958,231.0,-1,-1,-1.0
28658,28748,10066.646422345948,3402.602068594344,371.0,-1,-1,-1.0
28659,28749,3153.037592254273,20228.754431399662,151.0,-1,46,-1.0
28660,28750,-11041.004966868975,24252.24422005446,291.0,-1,-1,-1.0
28661,28751,-20367.929240212397,39260.618304552016,3.0,-1,-1,-1.0
28662,28752,24445.015972659254,8737.10841868879,303.0,-1,15,-1.0
28663,28753,836.0979471307073,-30531.08156313888,220.0,-1,-1,-1.0
28664,28754,-20795.44488988823,-6441.124259374214,127.0,-1,-1,-1.0
28665,28755,15897.235797397943,-14691.769275624589,87.0,-1,-1,-1.0
28666,28756,-15226.7612011389,18166.370055084008,318.0,-1,-1,-1.0
28667,28757,-18679.60821413261,6082.006156354859,65.0,-1,-1,-1.0
28668,28758,-2565.268458219441,37225.98048322869,201.0,-1,48,-1.0
28669,28759,26152.443756564884,-202.3521591249373,181.0,-1,-1,-1.0
28670,28760,-9690.49932636854,-10105.447962190254,446.0,-1,31,-1.0
28671,28761,-34915.065652651785,24890.10682328528,149.0,-1,-1,-1.0
28672,28762,21665.673990501225,6314.589406031279,418.0,-1,-1,-1.0
28673,28763,37285.441832719545,-22567.38811423471,5.0,-1,-1,-1.0
28674,28764,39293.40198598876,20367.79073457762,211.0,-1,28,-1.0
28675,28765,-3936.492617517564,-22880.6698139081,143.0,-1,-1,-1.0
28676,28766,914.8720182173128,-38218.61725466087,422.0,-1,-1,-1.0
28677,28767,10681.60111174616,-9415.063545965631,235.0,-1,13,-1.0
28678,28768,3411.4366844504766,-10630.563692075237,58.0,-1,-1,-1.0
28679,28769,-15474.413874667778,-29704.03067650758,159.0,-1,-1,-1.0
28680,28770,-13210.68133008394,-4121.843552625134,347.0,-1,-1,-1.0
28681,28771,29468.439831077863,-21105.915832244387,247.0,-1,45,-1.0
28682,28772,23148.217928501224,2834.1674740605085,27.0,-1,-1,-1.0
28683,28773,6301.604263726615,-5629.71110775433,12.0,-1,-1,-1.0
28684,28774,-31890.00877920785,31809.16443496487,21.0,-1,6,-1.0
28685,28775,6435.0947420584125,-14007.459082995829,397.0,-1,31,-1.0
28686,28776,5147.886354508017,39784.8891046795,21.0,-1,-1,-1.0
28687,28777,30170.468418088,-35084.0998270816,399.0,-1,-1,-1.0
28688,28778,-1791.4278511084776,28426.54882385269,298.0,-1,-1,-1.0
28689,28779,28208.256060365544,-29432.999451174583,156.0,-1,-1,-1.0
28690,28780,4095.468058672559,7414.031338284258,337.0,-1,-1,-1.0
28691,28781,16296.887475136356,27379.60704897201,362.0,-1,9,-1.0
28692,28782,7513.060048995612,29450.522852309048,181.0,-1,48,-1.0
28693,28783,20970.38733609071,33234.06460769955,173.0,-1,-1,-1.0
28694,28784,-27546.876192263284,-24717.19009574476,397.0,-1,-1,-1.0
28695,28785,-18513.882000347738,15480.123011718606,176.0,-1,-1,-1.0
28696,28786,3144.1268628741964,-35522.65664245322,165.0,-1,-1,-1.0
28697,28787,-6715.917733393086,-22914.30325323236,345.0,-1,-1,-1.0
28698,28788,27981.69673396033,23468.556011160785,372.0,-1,-1,-1.0
28699,28789,24305.09529281961,-25830.371009737875,462.0,-1,-1,-1.0
28700,28790,-25339.771522644907,14597.830062919238,155.0,-1,-1,-1.0
28701,28791,23886.88134432266,-5564.798820924989,354.0,-1,-1,-1.0
28702,28792,3492.100673107663,6091.51114043087,371.0,-1,-1,-1.0
28703,28793,-17754.00356931872,26232.50999312836,233.0,-1,-1,-1.0
28704,28794,14225.833219901004,-39233.61051647886,347.0,-1,-1,-1.0
28705,28795,-20792.50173718802,-9550.1805719344,494.0,-1,-1,-1.0
28706,28796,3786.160589718471,9127.158494361967,484.0,-1,27,-1.0
28707,28797,-9062.037473930352,-14631.790732830908,397.0,-1,-1,-1.0
28708,28798,18640.839492202453,-2434.945348932364,274.0,-1,-1,-1.0
28709,28799,31708.83468304838,-26489.566392969577,122.0,-1,-1,-1.0
28710,28800,229.8840002543002,-12047.884552592475,434.0,-1,31,-1.0
28711,28801,-22961.649865224328,-24386.708486543663,145.0,-1,-1,-1.0
28712,28802,-23032.11057290696,-13328.142010787768,165.0,-1,-1,-1.0
28713,28803,3653.495415736659,7305.999688468102,66.0,-1,-1,-1.0
28714,28804,20336.64133956216,1424.409245053037,212.0,-1,-1,-1.0
28715,28805,3253.6686273387386,-1656.7874457770522,297.0,-1,-1,-1.0
28716,28806,13266.464049574926,24993.779027171517,477.0,-1,-1,-1.0
28717,28807,1287.8138937560216,10586.860729987093,144.0,-1,-1,-1.0
28718,28808,31251.816288733597,10261.20019042022,50.0,-1,-1,-1.0
28719,28809,37065.79110500951,-9746.900577443692,498.0,-1,-1,-1.0
28720,28810,-2003.765317871468,14390.327594326664,427.0,-1,-1,-1.0
28721,28811,13808.750076981443,-8002.776113375596,333.0,-1,-1,-1.0
28722,28812,-18692.881245258894,-20614.126964411924,176.0,-1,-1,-1.0
28723,28813,-886.7064534420933,-39789.62482964805,48.0,-1,-1,-1.0
28724,28814,-28775.06345442673,-27382.24914335088,315.0,-1,-1,-1.0
28725,28815,19856.144688544497,20098.2294705642,154.0,-1,18,-1.0
28726,28816,-11071.184841661976,-6609.591822213406,492.0,-1,-1,-1.0
28727,28817,-36608.53204194548,-2388.376287745581,0.0,-1,-1,-1.0
28728,28818,35756.006667114474,-17178.20488767183,192.0,-1,-1,-1.0
28729,28819,31510.08206393832,-14800.758565843353,295.0,-1,-1,-1.0
28730,28820,17225.568141318283,-30421.490442890397,45.0,-1,-1,-1.0
28731,28821,-36614.17546443634,35351.14888119337,394.0,-1,5,-1.0
28732,28822,-7822.42196274142,6496.374209985996,154.0,-1,27,-1.0
28733,28823,-23369.44138824641,-26540.81508941556,143.0,-1,-1,-1.0
28734,28824,15919.397358229922,37923.86772366509,154.0,-1,-1,-1.0
28735,28825,25501.31751187466,-13722.709495197169,175.0,-1,45,52.0
28736,28826,7501.627339576204,-3184.527678813509,271.0,-1,-1,-1.0
28737,28827,-8225.104662821777,-10732.20726965646,154.0,-1,31,-1.0
28738,28828,-38424.48249422371,8144.557143938298,389.0,-1,-1,-1.0
28739,28829,-16695.550491617385,-14728.672114008852,344.0,-1,-1,-1.0
28740,28830,31195.418395188608,38062.19869343628,395.0,-1,11,-1.0
28741,28831,-33536.93699472863,25604.1247582534,53.0,-1,-1,-1.0
28742,28832,25991.00979420796,-16776.518701193534,249.0,-1,45,-1.0
28743,28833,11249.271047262722,34238.73234947643,139.0,-1,-1,-1.0
28744,28834,1749.1310791024298,-3172.3876811475566,25.0,-1,-1,-1.0
28745,28835,-23188.90054455704,33344.20183573493,491.0,-1,-1,-1.0
28746,28836,29370.83895873415,2482.6609273946306,376.0,-1,-1,-1.0
28747,28837,-36662.22311943791,33595.89039814494,452.0,-1,5,-1.0
28748,28838,17193.176281358086,-38623.74643691003,456.0,-1,-1,-1.0
28749,28839,30025.9109438304,25046.417788332,103.0,-1,-1,-1.0
28750,28840,-38100.85518360077,24457.899483796064,87.0,-1,23,-1.0
28751,28841,36539.36086058957,1142.7189363017824,374.0,-1,28,-1.0
28752,28842,-30450.39919214564,-38166.97030980399,360.0,-1,-1,-1.0
28753,28843,-30344.96238562016,-39199.508456519005,6.0,-1,-1,-1.0
28754,28844,32973.81709873432,-583.9850481147296,178.0,-1,33,-1.0
28755,28845,18831.606463328982,-4587.213683656344,113.0,-1,-1,-1.0
28756,28846,27564.03293796845,-22104.81445450682,337.0,-1,45,-1.0
28757,28847,-8999.015335062584,38914.23080038373,209.0,-1,-1,-1.0
28758,28848,-37611.23834532349,-17779.49578391061,493.0,-1,0,-1.0
28759,28849,11125.309661287489,-8595.716602080756,118.0,-1,-1,-1.0
28760,28850,-33632.92802748158,-27411.247603829885,353.0,-1,-1,-1.0
28761,28851,-10238.512281114414,-7320.015490901133,397.0,-1,31,-1.0
28762,28852,9561.871641012214,26960.353055529995,426.0,-1,-1,-1.0
28763,28853,28455.891769781083,15389.30365580666,299.0,-1,-1,-1.0
28764,28854,15542.456140637749,22052.652271796847,370.0,-1,-1,-1.0
28765,28855,11620.036572636856,34340.19481703013,267.0,-1,-1,-1.0
28766,28856,-29711.9829510957,21474.22058742462,64.0,-1,-1,-1.0
28767,28857,-6104.9140267283365,-10777.9085453736,421.0,-1,-1,-1.0
28768,28858,3696.6269163156094,29302.723236827325,71.0,-1,-1,-1.0
28769,28859,-451.5437131701401,21864.1418252288,235.0,-1,-1,-1.0
28770,28860,-35130.08395314485,-19186.03656991853,176.0,-1,-1,-1.0
28771,28861,4595.221784081026,-31217.76368803194,46.0,-1,-1,-1.0
28772,28862,6625.125802738054,-39081.22735389856,320.0,-1,-1,-1.0
28773,28863,-33208.91338809428,-31347.3613375168,188.0,-1,-1,-1.0
28774,28864,-224.374705769711,-38837.804592012966,328.0,-1,-1,-1.0
28775,28865,-12857.837632498991,32325.159135055463,56.0,-1,48,-1.0
28776,28866,36896.82802407179,27550.049431353604,421.0,-1,10,-1.0
28777,28867,18958.335958344866,37384.67621250205,199.0,-1,-1,-1.0
28778,28868,35256.32380321639,35774.13778188084,355.0,-1,11,-1.0
28779,28869,38559.06327104261,19571.6820746245,114.0,-1,28,-1.0
28780,28870,28668.837964783976,-26436.32969417121,244.0,-1,-1,-1.0
28781,28871,31223.790982553328,6071.442822374076,434.0,-1,-1,-1.0
28782,28872,-34626.96233908067,-38558.20780002217,273.0,-1,19,-1.0
28783,28873,-30665.484458864885,-27814.48124796345,401.0,-1,-1,-1.0
28784,28874,19162.66580607261,11601.811464432603,266.0,-1,-1,-1.0
28785,28875,32643.000717247603,-31216.05735183484,433.0,-1,-1,-1.0
28786,28876,39860.9389654968,-26152.13243736288,400.0,-1,-1,-1.0
28787,28877,1102.6595503913486,-18049.618255346188,132.0,-1,31,-1.0
28788,28878,-10438.44201016726,-8783.35954926558,130.0,-1,-1,-1.0
28789,28879,-18370.787028444545,-30199.726947663105,272.0,-1,36,-1.0
28790,28880,30682.972079589526,-32277.727184890617,24.0,-1,-1,-1.0
28791,28881,-19875.86759438077,-2858.3143633496657,28.0,-1,43,-1.0
28792,28882,3232.482447473056,19307.923142380947,371.0,-1,-1,-1.0
28793,28883,-2932.5474108326744,-23292.01237993223,304.0,-1,-1,-1.0
28794,28884,2433.41913312352,-1956.017841301349,432.0,-1,-1,-1.0
28795,28885,-20569.4599370171,-9904.71901198955,246.0,-1,-1,-1.0
28796,28886,-15943.42608948782,9072.716214673528,490.0,-1,-1,-1.0
28797,28887,-33040.23086246873,24064.547766787226,165.0,-1,-1,-1.0
28798,28888,-24883.262461253555,38533.88398810511,425.0,-1,-1,-1.0
28799,28889,-9588.63509806138,26765.34269358645,346.0,-1,48,-1.0
28800,28890,12507.453016264786,-28901.849287230245,346.0,-1,-1,-1.0
28801,28891,-12251.951442003134,39083.07109552251,428.0,-1,-1,-1.0
28802,28892,18482.31674053638,32665.560146727585,208.0,-1,-1,-1.0
28803,28893,-13226.654354990089,-20525.440241440105,99.0,-1,-1,-1.0
28804,28894,2729.444094154249,462.3359501387895,229.0,-1,-1,-1.0
28805,28895,22460.639154769728,13522.249623491902,278.0,-1,-1,-1.0
28806,28896,-19708.46046731028,35550.96544716864,105.0,-1,-1,-1.0
28807,28897,38461.02944984756,31107.03117348324,259.0,-1,-1,-1.0
28808,28898,30677.3597101496,16966.92246950585,375.0,-1,-1,-1.0
28809,28899,-12904.236338164486,-30680.265144593344,170.0,-1,-1,-1.0
28810,28900,-19236.9258471722,30983.83702285492,218.0,-1,-1,-1.0
28811,28901,32638.6662412155,-38015.54381177458,155.0,-1,-1,-1.0
28812,28902,-24897.34693559328,21410.870376448263,415.0,-1,-1,-1.0
28813,28903,22159.881638619,-8288.762341781472,235.0,-1,-1,-1.0
28814,28904,9180.371816470191,11823.194654120802,275.0,-1,-1,-1.0
28815,28905,32181.91729592005,-9085.445118659212,98.0,-1,33,-1.0
28816,28906,-25008.064153997908,-4681.514845331309,452.0,-1,-1,-1.0
28817,28907,-5760.473408817699,6270.540034064608,142.0,-1,-1,-1.0
28818,28908,26839.5521649608,26703.464691042653,479.0,-1,-1,-1.0
28819,28909,32754.242360241304,18349.769675007825,41.0,-1,-1,-1.0
28820,28910,7379.452760655746,1133.6671857404726,177.0,-1,-1,-1.0
28821,28911,-33007.87747570493,1687.6163692118423,155.0,-1,-1,-1.0
28822,28912,-6846.810806517773,-24835.08335507473,364.0,-1,-1,-1.0
28823,28913,-15734.181786771109,38546.746828213,110.0,-1,-1,-1.0
28824,28914,16771.02717292648,-1555.138526152623,492.0,-1,-1,-1.0
28825,28915,-16786.12076562011,31757.452998716137,55.0,-1,-1,-1.0
28826,28916,-601.2890067442277,-13034.033024737742,347.0,-1,31,-1.0
28827,28917,-12715.075718148477,-16792.814689586405,486.0,-1,-1,-1.0
28828,28918,-14508.79958028384,32814.93033357742,50.0,-1,-1,-1.0
28829,28919,20106.20431837293,-23388.12107371536,321.0,-1,-1,-1.0
28830,28920,18235.41728482207,-9153.088636013872,187.0,-1,-1,-1.0
28831,28921,33884.9130071806,29583.389300829163,273.0,-1,10,-1.0
28832,28922,-19590.91928414436,23662.958452033767,334.0,-1,-1,-1.0
28833,28923,-22886.45257579905,18314.17379544401,409.0,-1,37,-1.0
28834,28924,-33961.387911093705,-37299.28450679573,241.0,-1,-1,-1.0
28835,28925,-37320.89391726951,24524.57047019364,96.0,-1,23,-1.0
28836,28926,15870.732793231728,29055.219522393905,249.0,-1,9,-1.0
28837,28927,-37590.68144835809,-1284.6590699654407,79.0,-1,-1,-1.0
28838,28928,-6411.119615205571,-38133.28568070645,98.0,-1,-1,-1.0
28839,28929,-9490.392402016674,31519.90644467277,109.0,-1,-1,-1.0
28840,28930,-129.985919138162,-13856.831698714948,183.0,-1,31,-1.0
28841,28931,35529.957059256034,19501.316524804563,450.0,-1,28,-1.0
28842,28932,21739.05311222896,7146.316165494536,225.0,-1,-1,-1.0
28843,28933,7180.371958702373,-15892.93835086684,235.0,-1,-1,-1.0
28844,28934,-19044.72991107019,-20754.56146975516,428.0,-1,-1,-1.0
28845,28935,-6357.40445236754,11248.435836272634,302.0,-1,-1,-1.0
28846,28936,18123.22484052398,34600.964752862215,17.0,-1,-1,-1.0
28847,28937,-34393.70196826293,-36194.25058614172,205.0,-1,19,-1.0
28848,28938,15353.654527270068,16613.99788745775,225.0,-1,-1,-1.0
28849,28939,29797.25074252248,37179.72039865068,412.0,-1,11,-1.0
28850,28940,-34954.366191805144,-25002.44755772555,365.0,-1,-1,-1.0
28851,28941,-27444.839018216717,-10184.680619189192,135.0,-1,-1,-1.0
28852,28942,24452.07631322182,26546.05795103706,107.0,-1,-1,-1.0
28853,28943,25637.77883117755,12278.187752627193,470.0,-1,-1,-1.0
28854,28944,-12728.69964685211,17828.17753427328,67.0,-1,-1,-1.0
28855,28945,-16002.91527846289,33262.38669376388,255.0,-1,-1,-1.0
28856,28946,-14256.060260907456,11546.887045744814,349.0,-1,-1,-1.0
28857,28947,-38676.99122525619,-26716.980404518217,301.0,-1,-1,-1.0
28858,28948,-11861.421311797712,-26315.629005548,434.0,-1,17,-1.0
28859,28949,27359.60621083583,8070.37884733895,473.0,-1,15,-1.0
28860,28950,-38383.9913977146,27333.42708343865,288.0,-1,-1,-1.0
28861,28951,34367.34750613695,18811.10840189285,181.0,-1,-1,-1.0
28862,28952,-1475.0947155270987,34312.52921785283,97.0,-1,-1,-1.0
28863,28953,39811.93906660222,12062.614871531316,186.0,-1,-1,-1.0
28864,28954,-11437.692128798257,2505.1235629245566,434.0,-1,-1,-1.0
28865,28955,18352.907739039016,-25656.13882173599,429.0,-1,-1,-1.0
28866,28956,38212.74501901247,16808.017543833375,57.0,-1,-1,-1.0
28867,28957,-13603.975875259202,-12182.329831763906,435.0,-1,-1,-1.0
28868,28958,10125.193035469269,418.475714977656,482.0,-1,-1,-1.0
28869,28959,-5739.393767516347,19626.87315508692,307.0,-1,-1,-1.0
28870,28960,-6990.792527399404,-32801.77051997145,458.0,-1,35,-1.0
28871,28961,6190.846542577456,-21493.54059101668,428.0,-1,-1,-1.0
28872,28962,6628.350692657994,32992.689927481086,480.0,-1,47,-1.0
28873,28963,-31495.49169955671,317.20648595251987,172.0,-1,29,-1.0
28874,28964,12340.171043087605,39363.08038929959,319.0,-1,-1,-1.0
28875,28965,-719.8408983673216,-5903.281265084319,265.0,-1,-1,-1.0
28876,28966,27111.810653465905,-12915.792379715647,80.0,-1,45,51.0
28877,28967,-22765.550283368564,5098.977968686515,114.0,-1,-1,-1.0
28878,28968,6372.702513281656,27887.351184087383,460.0,-1,-1,-1.0
28879,28969,-19424.795367720115,-13979.742887694694,44.0,-1,42,-1.0
28880,28970,-30833.261329755635,-13286.472186956253,313.0,-1,-1,-1.0
28881,28971,10852.562425977483,14913.462114914017,180.0,-1,-1,-1.0
28882,28972,34220.54440241125,-34217.26013506269,139.0,-1,21,-1.0
28883,28973,12739.215817715223,26701.597195356637,32.0,-1,-1,-1.0
28884,28974,-34280.57012454634,-10059.986743642756,116.0,-1,-1,-1.0
28885,28975,34942.29203855808,-15047.378227981071,374.0,-1,-1,-1.0
28886,28976,-28368.900857603643,11049.71607371149,486.0,-1,-1,-1.0
28887,28977,-23796.01826332684,-754.0900004950599,218.0,-1,-1,-1.0
28888,28978,12537.760440619357,22860.04638415714,227.0,-1,-1,-1.0
28889,28979,762.3038627616479,-26818.94715250444,255.0,-1,25,-1.0
28890,28980,-33409.3412489722,-9158.411092138853,146.0,-1,-1,-1.0
28891,28981,-7996.013033711195,-4024.1003210542767,364.0,-1,-1,-1.0
28892,28982,19037.866607284384,-2391.6491857704023,403.0,-1,-1,-1.0
28893,28983,-16719.07067156324,-17783.640735361176,478.0,-1,31,-1.0
28894,28984,-8091.211106498769,23862.96021359613,198.0,-1,-1,-1.0
28895,28985,31241.893861918943,-3404.071867675033,191.0,-1,-1,-1.0
28896,28986,37848.14212850266,-37468.08062231686,19.0,-1,21,-1.0
28897,28987,-2596.361535349235,12729.081016750766,287.0,-1,-1,-1.0
28898,28988,-37553.58474619894,-22751.82106263565,194.0,-1,0,-1.0
28899,28989,-25796.05905977994,-34382.781484107785,339.0,-1,12,-1.0
28900,28990,10034.499055459528,-16954.350670514763,226.0,-1,-1,-1.0
28901,28991,5576.177757377802,19142.84127108224,321.0,-1,-1,-1.0
28902,28992,22542.133905154944,16086.072399049655,39.0,-1,-1,-1.0
28903,28993,22298.73884786539,-16301.536655400996,6.0,-1,45,-1.0
28904,28994,-39562.5570750316,3933.936358455096,345.0,-1,-1,-1.0
28905,28995,-9300.167208372168,28636.784649119727,99.0,-1,-1,-1.0
28906,28996,-8587.855055779502,9697.10119643571,464.0,-1,-1,-1.0
28907,28997,-21618.79231160333,15588.533603951417,177.0,-1,-1,-1.0
28908,28998,-32917.59956177829,-9923.42578811659,72.0,-1,-1,-1.0
28909,28999,38167.58902879575,-28179.67975180519,265.0,-1,-1,-1.0
28910,29000,19339.02579747164,13975.638221311749,129.0,-1,18,-1.0
28911,29001,34933.727460272275,10319.08877027056,127.0,-1,28,-1.0
28912,29002,-3672.736775770624,-38711.48019898168,446.0,-1,-1,-1.0
28913,29003,-16260.240367473209,30651.39249155892,332.0,-1,-1,-1.0
28914,29004,11216.453261047092,-13051.610696127003,268.0,-1,-1,-1.0
28915,29005,-12352.646683601208,-39795.14865234054,369.0,-1,-1,-1.0
28916,29006,36765.6269705172,33423.825961282564,280.0,-1,10,-1.0
28917,29007,-2867.3223817197577,18668.90081044516,136.0,-1,46,-1.0
28918,29008,17836.819816222203,7161.897282710852,256.0,-1,-1,-1.0
28919,29009,-31592.288031845743,-1591.9155454080246,153.0,-1,-1,-1.0
28920,29010,-25975.09873756181,-920.1999926333592,332.0,-1,41,-1.0
28921,29011,-15077.766904748469,-19436.709222866124,428.0,-1,-1,-1.0
28922,29012,-12423.884213119578,-18120.590521478527,314.0,-1,31,-1.0
28923,29013,-32021.11100512771,13173.502303972156,17.0,-1,-1,-1.0
28924,29014,-12063.01443704244,37961.36217410902,423.0,-1,48,60.0
28925,29015,-33738.60888062662,16061.63818100607,62.0,-1,24,-1.0
28926,29016,8404.338394803111,29670.63214183944,71.0,-1,48,58.0
28927,29017,30294.95264916023,-13650.13631414259,329.0,-1,-1,-1.0
28928,29018,15833.719258690777,19563.745219041182,248.0,-1,-1,-1.0
28929,29019,-25012.33007225075,-391.921904853516,313.0,-1,-1,-1.0
28930,29020,37815.29561891286,-18949.589062142117,5.0,-1,-1,-1.0
28931,29021,38950.23199283888,-12425.442612027728,53.0,-1,-1,-1.0
28932,29022,15056.99781915261,-23766.60801670284,335.0,-1,-1,-1.0
28933,29023,-1496.7621863543245,38842.33293546666,307.0,-1,48,57.0
28934,29024,-9045.013632216873,19348.458642698875,448.0,-1,-1,-1.0
28935,29025,14406.331787542214,7783.236912034175,318.0,-1,-1,-1.0
28936,29026,-34834.0775713813,28334.67874568516,94.0,-1,-1,-1.0
28937,29027,-7791.321540389465,-5587.980496272976,350.0,-1,-1,-1.0
28938,29028,13170.6479424419,-8533.615495363538,362.0,-1,-1,-1.0
28939,29029,16512.830640292595,31145.55858542261,414.0,-1,-1,-1.0
28940,29030,-5491.542273827152,5332.413468110644,329.0,-1,27,-1.0
28941,29031,162.83653326075728,8377.071109011937,49.0,-1,-1,-1.0
28942,29032,-36036.68662258563,36953.73091356629,6.0,-1,5,6.0
28943,29033,-11036.398528943322,-16511.986305982013,80.0,-1,-1,-1.0
28944,29034,4719.021118443379,15489.010230465814,219.0,-1,-1,-1.0
28945,29035,-34662.50722407023,14857.151905809864,457.0,-1,24,-1.0
28946,29036,-21330.967890560285,-11416.54122873507,131.0,-1,-1,-1.0
28947,29037,-37848.56524410172,-252.64080766461848,229.0,-1,-1,-1.0
28948,29038,23192.71842930133,3535.13755163872,191.0,-1,-1,-1.0
28949,29039,23388.824609807423,27991.88477076532,311.0,-1,-1,-1.0
28950,29040,-31791.23511844578,21477.153337210788,81.0,-1,40,-1.0
28951,29041,13484.474318485363,-195.39203236163303,323.0,-1,-1,-1.0
28952,29042,-14955.2087675886,26128.018374952007,202.0,-1,48,-1.0
28953,29043,20976.8537149587,37994.27553100935,103.0,-1,-1,-1.0
28954,29044,-2951.840617510061,19499.03863872773,19.0,-1,46,-1.0
28955,29045,-6090.784249534852,39281.8335580944,29.0,-1,-1,-1.0
28956,29046,4651.631194880996,26790.600421620125,15.0,-1,-1,-1.0
28957,29047,15961.848794970356,23788.989025984047,364.0,-1,-1,-1.0
28958,29048,-35284.08869245236,2185.3997460579703,461.0,-1,-1,-1.0
28959,29049,13101.803749605322,-33702.96873134036,377.0,-1,4,-1.0
28960,29050,15187.235359314436,-27047.84633093758,183.0,-1,3,-1.0
28961,29051,-30620.54301108968,2306.5585112962945,52.0,-1,29,-1.0
28962,29052,11058.020702407704,38875.07501185642,403.0,-1,-1,-1.0
28963,29053,37040.60555613357,5585.748659483259,180.0,-1,28,-1.0
28964,29054,-37459.982428131625,-27991.665960075487,492.0,-1,20,-1.0
28965,29055,21471.27467126341,-11564.617580053688,250.0,-1,-1,-1.0
28966,29056,5807.783012181826,11457.553142512215,395.0,-1,-1,-1.0
28967,29057,-9223.334628155328,28226.541210878,302.0,-1,-1,-1.0
28968,29058,33291.60768723054,-17987.6676536479,226.0,-1,-1,-1.0
28969,29059,-23233.567583501743,3048.187421429029,231.0,-1,-1,-1.0
28970,29060,36131.281696151054,-15341.929458633182,376.0,-1,-1,-1.0
28971,29061,-32852.82599547372,-8041.6084474107665,339.0,-1,-1,-1.0
28972,29062,-1660.3244112075115,7324.216579636857,136.0,-1,27,-1.0
28973,29063,37689.37967680127,29955.74486240729,297.0,-1,10,-1.0
28974,29064,29739.20605645793,8345.340305994672,51.0,-1,-1,-1.0
28975,29065,-33144.857043648626,16128.3671968837,105.0,-1,24,-1.0
28976,29066,18928.675843745565,-18243.671974076995,265.0,-1,-1,-1.0
28977,29067,-24137.501749776824,-21184.13140950446,143.0,-1,-1,-1.0
28978,29068,34238.41905919406,8269.532407819614,446.0,-1,-1,-1.0
28979,29069,13776.431785035404,-7390.19631471832,147.0,-1,13,-1.0
28980,29070,-19726.868538588977,18242.312397304173,116.0,-1,-1,-1.0
28981,29071,-12657.3354883619,39110.181135449486,481.0,-1,-1,-1.0
28982,29072,5342.904807762207,-25857.307453483158,239.0,-1,31,-1.0
28983,29073,4584.709641027868,-13015.943010709438,472.0,-1,31,-1.0
28984,29074,-27973.681252336348,22953.55517754388,285.0,-1,-1,-1.0
28985,29075,7599.331320075675,18575.399497669958,204.0,-1,-1,-1.0
28986,29076,18815.877633424963,3022.771603164605,408.0,-1,-1,-1.0
28987,29077,-8415.276348238905,2318.460118070194,48.0,-1,-1,-1.0
28988,29078,13397.707863656826,-34158.570946597814,399.0,-1,4,-1.0
28989,29079,15121.09498645668,-37517.23870387593,157.0,-1,-1,-1.0
28990,29080,26916.118023029965,-34517.11067183548,16.0,-1,-1,-1.0
28991,29081,16395.247538078882,15674.871560250504,277.0,-1,-1,-1.0
28992,29082,-25046.547336817363,24249.342882633908,365.0,-1,-1,-1.0
28993,29083,-4413.509657673974,-32265.409008988063,48.0,-1,-1,-1.0
28994,29084,-36094.58247847957,-8735.504792345746,360.0,-1,32,38.0
28995,29085,-13557.876502622436,-11148.211952697073,146.0,-1,-1,-1.0
28996,29086,18394.903913542286,-33167.87897978678,119.0,-1,-1,-1.0
28997,29087,-8509.907457236539,-29762.67079504533,277.0,-1,-1,-1.0
28998,29088,-23501.67608748804,16119.69555454213,498.0,-1,-1,-1.0
28999,29089,-38774.941987021215,35947.87474216086,453.0,-1,-1,-1.0
29000,29090,-34428.105131287695,19722.397311361987,118.0,-1,-1,-1.0
29001,29091,37307.46034006793,25041.73731364187,126.0,-1,-1,-1.0
29002,29092,3115.784700407268,-16537.923425424833,413.0,-1,31,-1.0
29003,29093,35657.02976384525,25655.77249950233,144.0,-1,10,-1.0
29004,29094,16200.757516398262,18753.24416028698,479.0,-1,-1,-1.0
29005,29095,-26586.04491652049,-4201.903911940412,339.0,-1,-1,-1.0
29006,29096,7381.167739365934,-23005.83977582065,431.0,-1,-1,-1.0
29007,29097,-420.6403564671855,13394.563428275316,106.0,-1,-1,-1.0
29008,29098,-10226.693045740536,2206.1786550719626,82.0,-1,27,-1.0
29009,29099,18632.772989531342,-6997.737437971897,467.0,-1,-1,-1.0
29010,29100,7021.731039498161,-15306.331821949583,299.0,-1,31,-1.0
29011,29101,-260.6783432630109,34311.40409436467,216.0,-1,-1,-1.0
29012,29102,-36822.179413687125,13728.095199966345,170.0,-1,-1,-1.0
29013,29103,-9592.441523698286,17098.983541717666,34.0,-1,-1,-1.0
29014,29104,-5694.334573001346,577.6550678072381,136.0,-1,-1,-1.0
29015,29105,14080.538000740557,29890.96571902471,29.0,-1,-1,-1.0
29016,29106,28412.322239639456,-35318.76146087106,44.0,-1,-1,-1.0
29017,29107,18968.424364281032,-1910.8062881614603,129.0,-1,-1,-1.0
29018,29108,-35145.165296869345,-1217.8970406166843,305.0,-1,29,-1.0
29019,29109,-27611.77703380873,-39516.11463347539,191.0,-1,-1,-1.0
29020,29110,-14346.64193369457,-9578.94138481228,47.0,-1,-1,-1.0
29021,29111,10610.225376802082,35251.36103525298,322.0,-1,-1,-1.0
29022,29112,32838.86739845085,15761.318547410025,410.0,-1,-1,-1.0
29023,29113,11309.587488641975,-21219.91782937933,19.0,-1,-1,-1.0
29024,29114,-15359.679361251709,-35224.11335833679,91.0,-1,-1,-1.0
29025,29115,-32428.37569693208,-6198.979931235299,373.0,-1,-1,-1.0
29026,29116,35441.763628143846,14441.498416852475,287.0,-1,28,-1.0
29027,29117,32968.31967078122,-9923.509290540704,312.0,-1,-1,-1.0
29028,29118,21141.11940512481,-32727.89812874277,481.0,-1,-1,-1.0
29029,29119,-15623.938188375849,-19468.77780991873,32.0,-1,-1,-1.0
29030,29120,9084.433241624713,22464.25618272231,472.0,-1,48,56.0
29031,29121,24189.90310749736,16868.63932103713,438.0,-1,-1,-1.0
29032,29122,-15684.71234983888,-22187.33542780348,7.0,-1,-1,-1.0
29033,29123,172.8405540765889,12490.826571258103,320.0,-1,-1,-1.0
29034,29124,37910.32709868079,20324.12860291013,358.0,-1,28,32.0
29035,29125,-132.3742370594846,25135.29368136255,185.0,-1,-1,-1.0
29036,29126,7543.174365948929,-1339.327579787554,131.0,-1,-1,-1.0
29037,29127,-37185.67968254836,-19961.193695865608,369.0,-1,-1,-1.0
29038,29128,-13367.497357270084,23852.26318288384,108.0,-1,-1,-1.0
29039,29129,14457.77699788342,24828.89227288557,186.0,-1,-1,-1.0
29040,29130,27340.068702015604,-32214.152542547145,338.0,-1,-1,-1.0
29041,29131,20604.057773704026,38699.9217660724,132.0,-1,-1,-1.0
29042,29132,-34276.1410627655,8739.098369474894,464.0,-1,-1,-1.0
29043,29133,-29882.870383567097,35514.50317218108,126.0,-1,-1,-1.0
29044,29134,-10605.758288308769,-33121.305377996534,424.0,-1,-1,-1.0
29045,29135,34035.48607087525,27671.16002948236,496.0,-1,10,-1.0
29046,29136,-24456.802982230744,31055.326628407143,401.0,-1,-1,-1.0
29047,29137,-9239.526305788271,-4651.416123736875,391.0,-1,-1,-1.0
29048,29138,-2505.2052635341315,23187.59130529339,209.0,-1,-1,-1.0
29049,29139,27472.75191793515,-14643.564883713108,346.0,-1,45,-1.0
29050,29140,-31935.61404950235,-7795.862084314598,54.0,-1,41,-1.0
29051,29141,18464.333770518868,-32487.01990045201,400.0,-1,-1,-1.0
29052,29142,7141.680241563241,18696.561606420943,245.0,-1,-1,-1.0
29053,29143,-11350.99589237104,23929.6466798206,292.0,-1,-1,-1.0
29054,29144,10555.998495561616,-38056.221585191386,186.0,-1,-1,-1.0
29055,29145,-19995.22738599971,-29894.28967297736,457.0,-1,-1,-1.0
29056,29146,-31498.03822354516,-6369.629119826277,33.0,-1,-1,-1.0
29057,29147,-22842.15687060632,21255.103372065183,231.0,-1,37,-1.0
29058,29148,-28901.734185525107,-4126.459501774589,478.0,-1,41,47.0
29059,29149,22570.59913047964,22446.81216735457,431.0,-1,-1,-1.0
29060,29150,-37723.7756752633,7060.414813548821,18.0,-1,-1,-1.0
29061,29151,33590.00615838687,30714.39530919841,435.0,-1,10,-1.0
29062,29152,17968.485745874183,-37943.19988147805,168.0,-1,-1,-1.0
29063,29153,-17751.33619438142,28387.21304537672,479.0,-1,48,-1.0
29064,29154,-31635.08586195009,28828.55438175048,97.0,-1,-1,-1.0
29065,29155,25381.228328509947,-10216.506844678886,452.0,-1,-1,-1.0
29066,29156,9503.00800017266,39024.34623651336,3.0,-1,-1,-1.0
29067,29157,9823.803988229818,13403.464711724468,498.0,-1,-1,-1.0
29068,29158,-3652.768860331431,4063.097314676168,64.0,-1,27,-1.0
29069,29159,2781.134948282881,-14416.715860058335,247.0,-1,31,-1.0
29070,29160,35494.583220952554,23709.20426230489,481.0,-1,-1,-1.0
29071,29161,34570.21723617324,10657.053225066797,396.0,-1,28,-1.0
29072,29162,21190.533165654306,34896.21331836554,82.0,-1,30,-1.0
29073,29163,-22468.13849410609,-38523.92036313804,42.0,-1,-1,-1.0
29074,29164,-33759.60959728832,28487.98951173936,257.0,-1,-1,-1.0
29075,29165,9563.682795234214,-6005.056608199746,493.0,-1,-1,-1.0
29076,29166,17087.551194724052,-39195.474439138816,335.0,-1,-1,-1.0
29077,29167,8920.829676856898,26712.67156731563,324.0,-1,-1,-1.0
29078,29168,-1006.9806902751808,35834.00694455592,268.0,-1,48,57.0
29079,29169,-28726.875393318813,3218.400684936212,313.0,-1,-1,-1.0
29080,29170,-11436.17635917238,35107.15629618184,294.0,-1,48,-1.0
29081,29171,15453.80839006487,-29249.912480989737,359.0,-1,3,-1.0
29082,29172,24809.87768365673,-23346.877816250188,294.0,-1,-1,-1.0
29083,29173,33954.3493165173,-39837.36301137888,318.0,-1,-1,-1.0
29084,29174,-32152.912529172678,20466.027245901816,103.0,-1,40,-1.0
29085,29175,36795.85205199124,-6309.176422426812,408.0,-1,-1,-1.0
29086,29176,-4081.761005498469,368.9329284477281,442.0,-1,27,-1.0
29087,29177,-10391.18466244542,34745.3051908339,367.0,-1,48,60.0
29088,29178,26671.400647293965,10201.017496209308,166.0,-1,15,-1.0
29089,29179,-38037.9404698988,-181.18586434653844,329.0,-1,-1,-1.0
29090,29180,3900.4900971582474,4181.662050553205,83.0,-1,14,-1.0
29091,29181,-24438.70764799372,28680.709790846115,218.0,-1,-1,-1.0
29092,29182,-34241.04819356845,-19005.25297321769,12.0,-1,-1,-1.0
29093,29183,-25217.31976406941,-15045.976689201349,20.0,-1,-1,-1.0
29094,29184,-16046.410669553525,-2138.18713841329,398.0,-1,-1,-1.0
29095,29185,-39552.98868780646,23019.479767573408,62.0,-1,-1,-1.0
29096,29186,15415.413364143707,-347.0481047869107,476.0,-1,-1,-1.0
29097,29187,21086.673612892584,-29979.996791188423,368.0,-1,-1,-1.0
29098,29188,-11083.832432130976,-3343.4616486696177,475.0,-1,-1,-1.0
29099,29189,-24621.145896591177,-30536.549096854626,421.0,-1,-1,-1.0
29100,29190,23803.97501583366,31297.19271539376,453.0,-1,-1,-1.0
29101,29191,31569.277401026266,-31777.12149857906,439.0,-1,-1,-1.0
29102,29192,-32553.81389018201,-33085.56587497776,28.0,-1,-1,-1.0
29103,29193,28819.248397009127,-30075.55612162241,229.0,-1,-1,-1.0
29104,29194,-84.3338989100157,7725.97745033582,150.0,-1,27,-1.0
29105,29195,-28658.71505823836,-28371.60757052108,487.0,-1,-1,-1.0
29106,29196,29681.105736343583,7757.277500634824,85.0,-1,-1,-1.0
29107,29197,5496.30744284307,-32214.911227340977,248.0,-1,-1,-1.0
29108,29198,-8391.856823956543,16245.672241026092,39.0,-1,-1,-1.0
29109,29199,19445.298790202432,17337.831306885033,272.0,-1,-1,-1.0
29110,29200,22218.87083439005,-16349.750159394169,192.0,-1,45,-1.0
29111,29201,-5274.199365412089,-30496.751146398277,292.0,-1,-1,-1.0
29112,29202,32623.6025959016,-8715.494136082107,97.0,-1,33,-1.0
29113,29203,-35278.50892754755,26801.128679505116,13.0,-1,-1,-1.0
29114,29204,-32081.724072602923,-11013.632452658105,153.0,-1,-1,-1.0
29115,29205,-7393.718873018926,-21230.951081067666,407.0,-1,-1,-1.0
29116,29206,18743.97162217857,-3966.130294456154,75.0,-1,-1,-1.0
29117,29207,14372.277337889827,-28922.98473614942,168.0,-1,3,-1.0
29118,29208,25806.94802576376,-8488.50107862032,433.0,-1,-1,-1.0
29119,29209,-25448.107093296,-24255.64608590173,453.0,-1,-1,-1.0
29120,29210,498.3491577681925,-27257.840892126704,449.0,-1,25,-1.0
29121,29211,-23465.837387856707,4064.829760401466,48.0,-1,-1,-1.0
29122,29212,-36175.80004830391,8258.126423652,54.0,-1,24,-1.0
29123,29213,4417.482089954399,30564.90850472469,50.0,-1,48,-1.0
29124,29214,-23489.431541008344,23868.7137414092,401.0,-1,-1,-1.0
29125,29215,-15252.358306161032,-17038.429212169507,114.0,-1,31,-1.0
29126,29216,-5821.1494945455925,26209.041645477977,208.0,-1,48,61.0
29127,29217,-13407.75867020011,15851.846604991631,32.0,-1,-1,-1.0
29128,29218,-1237.3978928245706,26268.227035699747,139.0,-1,48,56.0
29129,29219,-1246.9494989842497,-7678.908269491098,328.0,-1,31,-1.0
29130,29220,17314.81727226446,32006.47025931347,342.0,-1,30,-1.0
29131,29221,-23048.125249349017,13724.73044565197,187.0,-1,-1,-1.0
29132,29222,17715.22408361234,-8176.874483360807,15.0,-1,-1,-1.0
29133,29223,35867.394366758424,3771.093209962528,147.0,-1,28,-1.0
29134,29224,14216.84745521893,29524.52732639076,115.0,-1,-1,-1.0
29135,29225,25200.825535913085,-18011.25387725687,27.0,-1,-1,-1.0
29136,29226,37298.33631314123,-18101.40264556288,226.0,-1,-1,-1.0
29137,29227,25936.489580831432,-18543.4346774856,376.0,-1,45,-1.0
29138,29228,37260.22683038197,7999.02434181772,385.0,-1,28,-1.0
29139,29229,-3552.003386521108,-893.2860384469968,447.0,-1,-1,-1.0
29140,29230,-19426.51315202745,-4820.37500117637,373.0,-1,-1,-1.0
29141,29231,14947.180783391224,32844.49613774504,325.0,-1,47,-1.0
29142,29232,-26956.0904262993,37197.653613201415,162.0,-1,-1,-1.0
29143,29233,-32326.97154691269,15698.835266959291,32.0,-1,-1,-1.0
29144,29234,11472.702794434488,24719.86843516383,211.0,-1,-1,-1.0
29145,29235,3501.839467804115,37557.19856611363,266.0,-1,-1,-1.0
29146,29236,-11778.19200386394,-36115.26322296352,407.0,-1,36,-1.0
29147,29237,-32769.74975720032,31646.83875328215,94.0,-1,6,-1.0
29148,29238,-4396.121269929157,-10193.750981684814,86.0,-1,-1,-1.0
29149,29239,-12023.992690134328,-11522.224247802867,461.0,-1,-1,-1.0
29150,29240,723.8925085696101,-26295.180536869004,16.0,-1,25,-1.0
29151,29241,10874.08919130465,25856.270251212467,75.0,-1,-1,-1.0
29152,29242,26623.621824057627,30218.656157742294,129.0,-1,-1,-1.0
29153,29243,-1807.0220116213527,-25336.12194954916,125.0,-1,-1,-1.0
29154,29244,34612.733159428084,-8811.424614026011,115.0,-1,-1,-1.0
29155,29245,2060.892727172548,-37014.71739068052,465.0,-1,-1,-1.0
29156,29246,35619.99542771137,-38407.70925688582,32.0,-1,-1,-1.0
29157,29247,-12131.414058065904,4163.716498804548,300.0,-1,26,-1.0
29158,29248,-36666.357844113954,11848.930625463863,28.0,-1,-1,-1.0
29159,29249,16812.05136522455,17896.418165976924,469.0,-1,-1,-1.0
29160,29250,2221.824970560381,1949.352699803123,180.0,-1,-1,-1.0
29161,29251,21864.12238679672,39250.59510843259,182.0,-1,-1,-1.0
29162,29252,31122.587806722426,-10546.354909008074,172.0,-1,-1,-1.0
29163,29253,-38190.42566476721,-12322.656933885766,478.0,-1,32,38.0
29164,29254,23979.879061292777,6805.668725719377,165.0,-1,-1,-1.0
29165,29255,-10554.950020374275,19469.903579631515,17.0,-1,-1,-1.0
29166,29256,-6465.60847335845,38692.70515615822,399.0,-1,-1,-1.0
29167,29257,-1525.8905325601008,13948.778416696989,474.0,-1,-1,-1.0
29168,29258,7311.717459780717,-5392.423344978364,165.0,-1,-1,-1.0
29169,29259,23306.2997003962,-25997.282907110373,333.0,-1,-1,-1.0
29170,29260,2868.121347092114,-25974.29851086246,376.0,-1,-1,-1.0
29171,29261,-13082.564215197908,311.52732378597284,210.0,-1,-1,-1.0
29172,29262,-14083.826774151468,30299.17053191108,44.0,-1,-1,-1.0
29173,29263,-11709.19832085347,6658.5785979991415,60.0,-1,-1,-1.0
29174,29264,29237.52534544011,-18905.321533104478,152.0,-1,-1,-1.0
29175,29265,-5118.986923626799,1083.115364590325,396.0,-1,27,-1.0
29176,29266,-22233.46919093973,-12282.470998425595,24.0,-1,-1,-1.0
29177,29267,31028.27543152617,-32232.45717988659,52.0,-1,-1,-1.0
29178,29268,-35614.50011172746,-4472.921773946684,398.0,-1,-1,-1.0
29179,29269,23094.298369873388,760.0882219762861,420.0,-1,-1,-1.0
29180,29270,37715.44407182462,-5257.192685176698,193.0,-1,-1,-1.0
29181,29271,589.2993967431903,10716.344673551044,359.0,-1,-1,-1.0
29182,29272,23089.01245513356,36740.25807201734,140.0,-1,30,-1.0
29183,29273,-19168.650801656146,18849.40674318999,268.0,-1,-1,-1.0
29184,29274,-25168.406537917785,36154.64273943771,446.0,-1,-1,-1.0
29185,29275,32013.026981938965,-36227.11307419588,240.0,-1,-1,-1.0
29186,29276,-29960.05300349441,-1834.763672127694,460.0,-1,-1,-1.0
29187,29277,-27401.2084790569,22007.837662256257,319.0,-1,-1,-1.0
29188,29278,24479.19466456209,21304.64071000061,30.0,-1,-1,-1.0
29189,29279,-35815.78294796532,-413.6618503817517,213.0,-1,29,-1.0
29190,29280,-23403.699211802315,9184.830318685548,38.0,-1,40,-1.0
29191,29281,-3866.027505290105,-35642.51956504976,386.0,-1,-1,-1.0
29192,29282,35899.78418308945,-7785.034708575207,303.0,-1,33,-1.0
29193,29283,-12469.388181420883,-8732.694788134293,138.0,-1,-1,-1.0
29194,29284,-36593.100430522456,14166.42219079347,261.0,-1,-1,-1.0
29195,29285,-4903.55448520252,-24689.01688216318,405.0,-1,25,-1.0
29196,29286,32025.836881831667,-4353.9647929887,379.0,-1,33,-1.0
29197,29287,-31417.57151152865,6936.049970897708,437.0,-1,24,-1.0
29198,29288,10914.188712973788,31171.873624283515,272.0,-1,-1,-1.0
29199,29289,-37110.03383524765,-20134.21618543343,350.0,-1,-1,-1.0
29200,29290,17030.17538545037,-34602.34681983109,174.0,-1,-1,-1.0
29201,29291,2563.45606204075,-34184.17371371605,335.0,-1,1,-1.0
29202,29292,-19230.068210089667,15012.372341389106,412.0,-1,-1,-1.0
29203,29293,17748.07170603909,38879.540901580986,288.0,-1,-1,-1.0
29204,29294,-25065.43202941371,633.6892932671981,257.0,-1,41,-1.0
29205,29295,23078.65047696198,-2989.4824118903853,22.0,-1,44,50.0
29206,29296,14355.914324590893,-22504.870628295317,153.0,-1,-1,-1.0
29207,29297,-3035.851474092473,-36744.80167326608,266.0,-1,-1,-1.0
29208,29298,19205.283045300137,17158.63132667637,255.0,-1,-1,-1.0
29209,29299,3082.6534833270634,-26063.57127217488,78.0,-1,-1,-1.0
29210,29300,-22280.94575256839,-24972.49097598245,127.0,-1,-1,-1.0
29211,29301,-24529.653311135764,-6947.502564075323,419.0,-1,-1,-1.0
29212,29302,-35994.330217937146,-9885.590660367372,108.0,-1,32,38.0
29213,29303,-13560.843689324864,6392.140952410482,129.0,-1,-1,-1.0
29214,29304,-32736.51756323212,-29462.08558953473,343.0,-1,34,-1.0
29215,29305,-29117.834173411386,31410.142023963548,142.0,-1,-1,-1.0
29216,29306,21952.813201793724,18771.277419144742,377.0,-1,-1,-1.0
29217,29307,16622.165718180935,4605.383129899288,36.0,-1,2,-1.0
29218,29308,38355.85129240087,-14213.166779882004,73.0,-1,-1,-1.0
29219,29309,3566.239416120457,-21001.7088100928,219.0,-1,-1,-1.0
29220,29310,-22446.477940814224,-31077.42748307423,123.0,-1,-1,-1.0
29221,29311,28641.851704104425,10399.843233019055,396.0,-1,15,-1.0
29222,29312,-27146.8019019956,-26334.80147207511,348.0,-1,-1,-1.0
29223,29313,-36522.31610875668,-22589.786747483293,302.0,-1,0,-1.0
29224,29314,-22840.00831452069,-22457.57739582447,209.0,-1,-1,-1.0
29225,29315,1069.366080809472,-14629.722451645594,307.0,-1,31,-1.0
29226,29316,-39413.68417095376,-27099.95655243266,358.0,-1,-1,-1.0
29227,29317,-7096.934460134129,579.2593786717698,134.0,-1,-1,-1.0
29228,29318,-9410.903106372112,9204.168013670576,332.0,-1,27,-1.0
29229,29319,-23441.883340675256,33313.17723702452,262.0,-1,-1,-1.0
29230,29320,-32196.54155967925,23922.77441475988,221.0,-1,-1,-1.0
29231,29321,9197.910202248138,35031.08859019757,41.0,-1,-1,-1.0
29232,29322,-38660.894585738606,29305.49354734848,119.0,-1,-1,-1.0
29233,29323,31746.29266229371,537.3576818518122,407.0,-1,-1,-1.0
29234,29324,25054.573758762657,29095.24410194838,5.0,-1,-1,-1.0
29235,29325,30566.22830595364,26560.70934201205,218.0,-1,-1,-1.0
29236,29326,-1440.623444230856,-25934.992874795244,284.0,-1,25,-1.0
29237,29327,-35784.82846137855,11514.153138467467,58.0,-1,-1,-1.0
29238,29328,-13916.305998169935,-32709.29999468121,473.0,-1,36,-1.0
29239,29329,17052.51096097196,-17822.916276143016,470.0,-1,-1,-1.0
29240,29330,15851.93928794835,33059.47235944703,462.0,-1,47,-1.0
29241,29331,36566.5749375906,35709.029156337856,178.0,-1,-1,-1.0
29242,29332,15049.881424426036,7148.053528667064,321.0,-1,-1,-1.0
29243,29333,-937.57660522269,36260.0715764161,210.0,-1,48,-1.0
29244,29334,7743.95466021866,-33533.728609878934,280.0,-1,1,-1.0
29245,29335,-13301.609974322862,13697.997410405784,327.0,-1,-1,-1.0
29246,29336,20734.733516894143,-907.819726307287,0.0,-1,-1,-1.0
29247,29337,32110.24168436245,-15345.56129175784,26.0,-1,-1,-1.0
29248,29338,-22722.72609734677,-37893.500718938885,248.0,-1,12,-1.0
29249,29339,-34421.79501135821,4617.767718745257,318.0,-1,-1,-1.0
29250,29340,-20996.07636982456,2508.486417639709,353.0,-1,-1,-1.0
29251,29341,31620.11968602694,37500.48757596947,257.0,-1,11,-1.0
29252,29342,-28683.312358464034,16576.585478509784,458.0,-1,-1,-1.0
29253,29343,18974.173090470307,-18089.61354287829,159.0,-1,-1,-1.0
29254,29344,37942.90443042676,-19236.516412349632,430.0,-1,-1,-1.0
29255,29345,26461.61645635184,-3166.66560293817,113.0,-1,-1,-1.0
29256,29346,-8302.111969669826,2530.3406152707103,85.0,-1,-1,-1.0
29257,29347,-25776.52325501531,-9287.155970667936,469.0,-1,-1,-1.0
29258,29348,-6032.814027147884,33373.56423695621,452.0,-1,-1,-1.0
29259,29349,-80.98440392808698,28138.25120996333,135.0,-1,-1,-1.0
29260,29350,-23893.15712914893,-37070.1242364624,411.0,-1,-1,-1.0
29261,29351,-12344.134359300571,-36682.87418126598,184.0,-1,36,-1.0
29262,29352,1366.9157712536398,11769.103545331986,35.0,-1,-1,-1.0
29263,29353,-13542.776982339636,-26457.70967513074,231.0,-1,-1,-1.0
29264,29354,-22896.01816820709,4977.787935780725,264.0,-1,-1,-1.0
29265,29355,-4646.486906816295,-250.8087206958808,490.0,-1,-1,-1.0
29266,29356,27005.813689914256,-28552.99395112131,265.0,-1,45,-1.0
29267,29357,37524.70909640133,-16222.220204795602,98.0,-1,-1,-1.0
29268,29358,39248.42901021866,33760.31892457133,433.0,-1,10,-1.0
29269,29359,-3451.0939898953293,-35809.633608073265,48.0,-1,-1,-1.0
29270,29360,-3409.874476494064,-33255.65440655206,456.0,-1,35,-1.0
29271,29361,-31740.51716537796,18853.71603318332,54.0,-1,-1,-1.0
29272,29362,763.428464835597,3409.241689850241,396.0,-1,-1,-1.0
29273,29363,31353.170257545746,-22282.764397454317,231.0,-1,45,-1.0
29274,29364,-5466.810930608073,-30632.500186902034,29.0,-1,-1,-1.0
29275,29365,-8334.31676286761,31227.659209520654,402.0,-1,-1,-1.0
29276,29366,-10389.506390435876,36541.20125495721,12.0,-1,48,-1.0
29277,29367,-32328.85083606312,-33151.370556406284,497.0,-1,-1,-1.0
29278,29368,10695.902519714044,-8846.209211871676,7.0,-1,-1,-1.0
29279,29369,-12197.223524628973,-2671.776913184498,330.0,-1,-1,-1.0
29280,29370,1951.5870526511064,10400.487260393747,185.0,-1,27,-1.0
29281,29371,-15933.555765538764,-39535.37877759158,244.0,-1,-1,-1.0
29282,29372,21536.23826382388,-5687.171446392007,161.0,-1,44,50.0
29283,29373,22401.61129160109,-39841.344396362845,148.0,-1,-1,-1.0
29284,29374,-22778.2297545952,9390.745682340472,24.0,-1,-1,-1.0
29285,29375,21333.757894358718,-20785.12452121376,440.0,-1,-1,-1.0
29286,29376,-18615.580594722764,-8175.801805184095,389.0,-1,-1,-1.0
29287,29377,958.9862208091944,7393.714968355613,243.0,-1,-1,-1.0
29288,29378,2666.6257834109347,5245.794451160684,285.0,-1,-1,-1.0
29289,29379,34204.83034673588,14161.938090799362,347.0,-1,28,-1.0
29290,29380,-26443.81853462095,-33896.31445074343,170.0,-1,-1,-1.0
29291,29381,-15664.156340315323,-16022.30853660461,413.0,-1,-1,-1.0
29292,29382,23099.130559041747,25283.83452143308,350.0,-1,-1,-1.0
29293,29383,-20164.75864724488,-34703.74823421814,11.0,-1,-1,-1.0
29294,29384,-31038.039770863,-11902.078774575974,23.0,-1,-1,-1.0
29295,29385,29674.356363088955,-28327.092131238674,306.0,-1,-1,-1.0
29296,29386,-1336.4308697690867,-34685.164362105264,158.0,-1,-1,-1.0
29297,29387,-23385.29464872184,26263.86062299104,185.0,-1,48,-1.0
29298,29388,-5383.585018505219,-27319.766601782983,355.0,-1,25,-1.0
29299,29389,31604.125350396847,-20935.02239245624,244.0,-1,-1,-1.0
29300,29390,-10819.664866120853,-10980.365611718524,57.0,-1,-1,-1.0
29301,29391,26711.625777682653,-15778.279664723912,296.0,-1,45,-1.0
29302,29392,-21411.80626446203,-24480.36301519679,225.0,-1,-1,-1.0
29303,29393,29675.16828963248,-32112.08453908802,7.0,-1,-1,-1.0
29304,29394,-5658.348679029725,-27440.632700270937,160.0,-1,25,-1.0
29305,29395,-5308.47713505209,8628.92664680384,309.0,-1,-1,-1.0
29306,29396,-3130.8162607499835,18389.90895022986,304.0,-1,46,54.0
29307,29397,35697.32232273612,-26542.696815736403,221.0,-1,45,-1.0
29308,29398,24114.88899697891,36139.02991690875,226.0,-1,-1,-1.0
29309,29399,38713.08086577407,-15857.761536043134,144.0,-1,-1,-1.0
29310,29400,36889.13180510157,-38549.808953690255,462.0,-1,-1,-1.0
29311,29401,2132.16019699155,24377.269894902405,20.0,-1,-1,-1.0
29312,29402,-38907.9834816089,-36801.33891901126,209.0,-1,-1,-1.0
29313,29403,28416.452070237632,-15162.163591158827,478.0,-1,-1,-1.0
29314,29404,6950.58121365431,-23951.446552048525,403.0,-1,-1,-1.0
29315,29405,-3406.4516697612926,-32110.6317659637,327.0,-1,-1,-1.0
29316,29406,-30437.069930588168,23703.189403912933,184.0,-1,-1,-1.0
29317,29407,20848.68222779643,-25057.01285950832,336.0,-1,-1,-1.0
29318,29408,6541.596028225104,3815.465096711872,108.0,-1,14,-1.0
29319,29409,-11112.616878430645,36539.19843691801,412.0,-1,48,60.0
29320,29410,25397.743031248945,39387.036667623455,210.0,-1,-1,-1.0
29321,29411,33331.628533396404,-36007.793784984526,183.0,-1,-1,-1.0
29322,29412,-14284.02055809385,29880.32590284171,441.0,-1,-1,-1.0
29323,29413,39241.00016962865,-27531.97795626327,471.0,-1,-1,-1.0
29324,29414,-23486.484791948704,36414.94121585855,473.0,-1,-1,-1.0
29325,29415,25022.041885439798,-7469.659812898211,124.0,-1,-1,-1.0
29326,29416,15024.130845124251,27246.931484698245,185.0,-1,-1,-1.0
29327,29417,10954.041094207889,-6576.851432923351,174.0,-1,-1,-1.0
29328,29418,-10100.682576036865,-26270.538371396564,136.0,-1,17,-1.0
29329,29419,19264.801050281523,-25094.34402330008,123.0,-1,-1,-1.0
29330,29420,-39926.3650593603,24621.282435097142,467.0,-1,-1,-1.0
29331,29421,-37364.99075306772,15731.60211101806,147.0,-1,-1,-1.0
29332,29422,-8483.92972136792,11257.846349102954,363.0,-1,-1,-1.0
29333,29423,35713.2050561864,34480.89807443762,230.0,-1,10,-1.0
29334,29424,-26298.991426932564,31928.354069464436,169.0,-1,-1,-1.0
29335,29425,-7824.496792589092,-4338.4910510497575,307.0,-1,31,-1.0
29336,29426,25243.474319418725,37286.34060817606,360.0,-1,30,-1.0
29337,29427,7456.47337234392,9726.632231948635,278.0,-1,-1,-1.0
29338,29428,-24677.544588136938,-34910.057625117006,81.0,-1,12,-1.0
29339,29429,38583.529349961,-15372.674565629375,217.0,-1,-1,-1.0
29340,29430,2638.01260015538,-25775.7934605484,280.0,-1,-1,-1.0
29341,29431,7741.503626946178,-981.0628503657064,419.0,-1,-1,-1.0
29342,29432,29260.8088298028,15086.871789006203,125.0,-1,-1,-1.0
29343,29433,-10184.85730100987,-24741.733950843627,148.0,-1,-1,-1.0
29344,29434,-19079.35319524114,-13234.757872404429,140.0,-1,42,-1.0
29345,29435,-14504.895729357497,-1966.1540350465,2.0,-1,-1,-1.0
29346,29436,-25574.306118428387,-26759.539547111635,137.0,-1,-1,-1.0
29347,29437,8652.89431167941,-13238.29798813324,263.0,-1,-1,-1.0
29348,29438,-39181.49219433091,-2672.8925520046832,202.0,-1,-1,-1.0
29349,29439,-38967.7600595672,2694.521914893434,82.0,-1,-1,-1.0
29350,29440,-28516.57858006321,-30224.05210666907,437.0,-1,-1,-1.0
29351,29441,-4128.781864495679,1555.349865880722,30.0,-1,27,-1.0
29352,29442,-15647.53200428604,-6410.123347993293,6.0,-1,43,-1.0
29353,29443,-34425.962938042416,-7590.159691977602,288.0,-1,-1,-1.0
29354,29444,-19151.929063982163,24100.90120809225,162.0,-1,-1,-1.0
29355,29445,-31965.677187683774,-12807.315161094746,474.0,-1,-1,-1.0
29356,29446,1697.993579488706,36429.0293950176,345.0,-1,48,57.0
29357,29447,16325.491518379336,-14932.499172749009,484.0,-1,-1,-1.0
29358,29448,-8011.445021937674,37937.357840673125,134.0,-1,-1,-1.0
29359,29449,5016.888030109345,-26499.87362629181,166.0,-1,31,-1.0
29360,29450,27382.777226406528,-23201.08484768416,217.0,-1,-1,-1.0
29361,29451,-24632.27154118062,-21066.77031744433,364.0,-1,-1,-1.0
29362,29452,-5980.000753108026,34901.26980450815,118.0,-1,48,-1.0
29363,29453,6019.925565266705,22687.81154145208,432.0,-1,-1,-1.0
29364,29454,3690.4926380245306,-17806.296750810987,161.0,-1,31,-1.0
29365,29455,18760.948074790067,15916.436505035075,205.0,-1,18,-1.0
29366,29456,21513.17798764148,7470.459420135747,113.0,-1,-1,-1.0
29367,29457,-31203.01107853847,32237.310968958947,114.0,-1,6,-1.0
29368,29458,-36590.113063605,-611.6117535613375,38.0,-1,-1,-1.0
29369,29459,-33224.87385710947,-27536.847832936623,366.0,-1,-1,-1.0
29370,29460,36622.31749924648,2716.7342951623577,454.0,-1,28,-1.0
29371,29461,18744.62867789621,20977.31661480695,148.0,-1,18,-1.0
29372,29462,6977.217021959834,-28563.575384949385,232.0,-1,31,-1.0
29373,29463,4305.818818952277,-14729.196200786051,331.0,-1,31,-1.0
29374,29464,-15967.962975901482,30015.99417984685,40.0,-1,-1,-1.0
29375,29465,38183.94824705858,-10300.641116679371,39.0,-1,-1,-1.0
29376,29466,-10545.110692732856,28875.58906958811,148.0,-1,-1,-1.0
29377,29467,19794.0289214527,-4269.68281318251,219.0,-1,-1,-1.0
29378,29468,-28728.27636698849,-2194.779469334652,476.0,-1,41,-1.0
29379,29469,-17016.30903277298,2730.8875663272997,488.0,-1,-1,-1.0
29380,29470,16547.680051178613,-12042.471254276432,386.0,-1,-1,-1.0
29381,29471,-25529.651051660825,28038.96866588926,227.0,-1,-1,-1.0
29382,29472,-14054.760263201686,27307.399760586704,494.0,-1,48,-1.0
29383,29473,31093.447872363235,10048.44070144694,136.0,-1,-1,-1.0
29384,29474,-8649.145817548822,-25426.55953608885,289.0,-1,-1,-1.0
29385,29475,28722.01272827256,-14332.41282976736,340.0,-1,-1,-1.0
29386,29476,-40.48831305355998,-16846.07668504002,181.0,-1,31,-1.0
29387,29477,-23932.277959061656,14344.585794752324,102.0,-1,-1,-1.0
29388,29478,-22317.873437893275,27663.59027023996,393.0,-1,-1,-1.0
29389,29479,20448.894926339475,18760.57481552918,261.0,-1,18,-1.0
29390,29480,9305.9283460902,7318.145083733063,95.0,-1,-1,-1.0
29391,29481,33583.74795611898,-38540.48394721877,283.0,-1,-1,-1.0
29392,29482,34339.06381211261,-17257.90463037372,59.0,-1,-1,-1.0
29393,29483,4148.151047174157,-13973.689188565391,334.0,-1,-1,-1.0
29394,29484,-36419.43212518236,-21900.092423481576,15.0,-1,0,-1.0
29395,29485,11227.549528374242,20321.67981782686,118.0,-1,-1,-1.0
29396,29486,-32608.682524906704,-4310.520451848504,301.0,-1,-1,-1.0
29397,29487,-6966.603656318977,-4151.8353230361245,286.0,-1,-1,-1.0
29398,29488,-23700.357796840814,-14957.38280943484,424.0,-1,-1,-1.0
29399,29489,27540.6322939048,7019.483891490461,262.0,-1,15,-1.0
29400,29490,-5447.76587981583,11943.675834305322,318.0,-1,-1,-1.0
29401,29491,22155.522622383003,7855.119173373241,309.0,-1,-1,-1.0
29402,29492,-37618.54571267431,-5164.901652077846,234.0,-1,-1,-1.0
29403,29493,25550.052306448124,35261.84947149137,49.0,-1,-1,-1.0
29404,29494,-722.8422104658821,-34442.68297377382,135.0,-1,-1,-1.0
29405,29495,-19975.05790519698,26697.62152272493,304.0,-1,48,-1.0
29406,29496,-6052.716499850045,-11749.186025203697,482.0,-1,31,35.0
29407,29497,-35963.958019796686,35989.93978513376,400.0,-1,5,-1.0
29408,29498,9393.995974957506,-32308.502817856555,198.0,-1,-1,-1.0
29409,29499,-35752.93687683186,-29448.88264175142,375.0,-1,20,-1.0
29410,29500,-29437.828420420563,-33507.19836705786,402.0,-1,-1,-1.0
29411,29501,8965.16263858544,32532.69055543776,13.0,-1,47,-1.0
29412,29502,762.2196555355331,17888.539039777126,475.0,-1,-1,-1.0
29413,29503,23908.43767866295,-17365.826634279165,240.0,-1,-1,-1.0
29414,29504,10198.23585488693,-32257.198841134305,362.0,-1,-1,-1.0
29415,29505,-2077.740819449325,-33220.58255778777,314.0,-1,-1,-1.0
29416,29506,5002.339535891486,-38427.8198123292,55.0,-1,-1,-1.0
29417,29507,-7789.612205006619,-25095.55218285,394.0,-1,-1,-1.0
29418,29508,18064.41695692666,-21557.653148708527,140.0,-1,-1,-1.0
29419,29509,18579.42911244426,23633.26055310754,263.0,-1,-1,-1.0
29420,29510,32323.553251547768,-2272.8206143185234,453.0,-1,-1,-1.0
29421,29511,11767.7882605809,14187.03853671933,3.0,-1,-1,-1.0
29422,29512,38759.26007297487,-26479.69295750776,270.0,-1,-1,-1.0
29423,29513,7844.24477059926,39914.43308750202,278.0,-1,-1,-1.0
29424,29514,-27042.362323665075,6498.9358447389095,409.0,-1,-1,-1.0
29425,29515,-19158.72486124443,22436.35931525756,364.0,-1,-1,-1.0
29426,29516,-25284.113073962384,-38011.4967649623,109.0,-1,-1,-1.0
29427,29517,-25387.81967517137,-745.6587962187405,236.0,-1,41,-1.0
29428,29518,-30481.104767927,-23788.12781381348,231.0,-1,-1,-1.0
29429,29519,-38127.039831271686,17379.70661990408,311.0,-1,-1,-1.0
29430,29520,-25991.68979582488,-37532.65197752396,207.0,-1,-1,-1.0
29431,29521,10993.23359595216,11158.51410968724,455.0,-1,-1,-1.0
29432,29522,-2886.6386515248378,6684.912828865075,102.0,-1,-1,-1.0
29433,29523,10517.968691111178,6260.788642681313,32.0,-1,2,-1.0
29434,29524,22634.07058941848,31791.351443892607,237.0,-1,-1,-1.0
29435,29525,-30894.98251328186,18749.07080990048,203.0,-1,-1,-1.0
29436,29526,2196.460301336592,-25964.016414109254,399.0,-1,-1,-1.0
29437,29527,26846.5714742796,20275.96486098309,287.0,-1,-1,-1.0
29438,29528,-1310.3748093990143,9395.731618865851,144.0,-1,-1,-1.0
29439,29529,7297.369901091792,29169.249821856123,44.0,-1,48,58.0
29440,29530,18786.67106849805,3135.455945064481,331.0,-1,-1,-1.0
29441,29531,8680.990930170003,-14744.363974123658,60.0,-1,-1,-1.0
29442,29532,11112.132551036018,-22578.384586284537,157.0,-1,-1,-1.0
29443,29533,-39042.02520244515,-30010.15849749901,222.0,-1,-1,-1.0
29444,29534,-23060.622362721624,-39801.32533491947,280.0,-1,-1,-1.0
29445,29535,-6988.6118052531965,5856.512323408759,489.0,-1,27,-1.0
29446,29536,31753.313728142428,-3113.2059733702845,51.0,-1,-1,-1.0
29447,29537,15282.741723894129,27427.298461994596,107.0,-1,9,-1.0
29448,29538,2583.6472495804046,28756.39215665069,439.0,-1,-1,-1.0
29449,29539,10356.649684085896,-34904.01965313643,494.0,-1,-1,-1.0
29450,29540,-24776.769339279374,8951.777937986917,399.0,-1,-1,-1.0
29451,29541,-13304.857329356484,6602.537561722376,434.0,-1,-1,-1.0
29452,29542,-5284.246585660767,-6274.630460387241,238.0,-1,-1,-1.0
29453,29543,13873.828094445753,31693.40217228212,493.0,-1,-1,-1.0
29454,29544,-5170.568695548769,14812.88556123722,89.0,-1,-1,-1.0
29455,29545,29053.19930976453,-30559.674576454403,336.0,-1,-1,-1.0
29456,29546,-24013.496712832915,-2060.3918849314505,77.0,-1,41,-1.0
29457,29547,-37799.3784928956,13673.1400883978,428.0,-1,-1,-1.0
29458,29548,-26940.047619437184,24545.609427339485,231.0,-1,48,-1.0
29459,29549,9963.78932866628,23180.009681462383,89.0,-1,48,-1.0
29460,29550,-7418.121485071064,33239.810641339514,435.0,-1,-1,-1.0
29461,29551,10375.279097358092,12537.306751955804,443.0,-1,-1,-1.0
29462,29552,27413.34266201212,-24160.788820982936,14.0,-1,-1,-1.0
29463,29553,32033.45675345752,32212.45760613239,365.0,-1,-1,-1.0
29464,29554,12497.433681307448,-11386.03524128312,138.0,-1,-1,-1.0
29465,29555,-23795.27838991345,-18257.921384557107,0.0,-1,-1,-1.0
29466,29556,-19695.01863911459,-18677.89921988748,343.0,-1,-1,-1.0
29467,29557,-2513.4397874762217,-1928.8882976112584,128.0,-1,-1,-1.0
29468,29558,-34577.95760809421,-19498.44831610896,162.0,-1,-1,-1.0
29469,29559,33847.633672868804,-10641.77901394542,301.0,-1,-1,-1.0
29470,29560,-4450.028194191465,30666.72143303514,92.0,-1,-1,-1.0
29471,29561,-15789.748369885148,-23431.72416070507,203.0,-1,-1,-1.0
29472,29562,-29715.91657317931,38727.73321329881,99.0,-1,-1,-1.0
29473,29563,39260.12949781919,-12906.247809091288,39.0,-1,-1,-1.0
29474,29564,-17216.10593602021,-462.6429274885231,299.0,-1,43,-1.0
29475,29565,43.55663448960695,33287.83533496602,286.0,-1,-1,-1.0
29476,29566,33369.192031174214,-30003.520315999976,351.0,-1,-1,-1.0
29477,29567,14282.57952544553,26839.66588876155,298.0,-1,-1,-1.0
29478,29568,16462.048322942377,-33502.269685391235,357.0,-1,3,-1.0
29479,29569,11636.490652864188,14380.532084167353,104.0,-1,-1,-1.0
29480,29570,-36463.33766077729,-30430.637201244237,378.0,-1,20,-1.0
29481,29571,9547.517654632626,-35516.99662698098,343.0,-1,-1,-1.0
29482,29572,-12919.888163618954,17978.425947382435,53.0,-1,-1,-1.0
29483,29573,-11922.52236973073,5283.6852111335975,364.0,-1,26,-1.0
29484,29574,-9083.093434736324,-23168.341571726447,68.0,-1,-1,-1.0
29485,29575,-18925.045971383144,-38153.03808567459,231.0,-1,-1,-1.0
29486,29576,-17419.663773075787,-26301.77988612589,329.0,-1,36,-1.0
29487,29577,-39448.25045424803,15468.56471062245,361.0,-1,-1,-1.0
29488,29578,-10341.653956308,23711.671956829225,274.0,-1,-1,-1.0
29489,29579,-11646.582084451518,5766.591156824703,253.0,-1,-1,-1.0
29490,29580,-9987.214975777111,-27530.684049905183,283.0,-1,-1,-1.0
29491,29581,-5123.363256039353,12338.47872807106,462.0,-1,-1,-1.0
29492,29582,-5923.324771876403,-36981.4233726303,409.0,-1,-1,-1.0
29493,29583,-5035.252345029061,-26932.28473838945,437.0,-1,-1,-1.0
29494,29584,-6258.55860462517,26672.21813305205,297.0,-1,48,-1.0
29495,29585,11098.219887655658,-7760.692769196416,286.0,-1,-1,-1.0
29496,29586,9969.21611285131,7336.366929221796,153.0,-1,2,-1.0
29497,29587,-10245.17546142577,18385.050984717436,333.0,-1,-1,-1.0
29498,29588,29369.33500734702,23328.213280382923,93.0,-1,-1,-1.0
29499,29589,-6426.740604714636,2595.6104412978166,140.0,-1,-1,-1.0
29500,29590,-33146.48270248985,-20681.194478781897,178.0,-1,-1,-1.0
29501,29591,-25338.836706264115,-21186.78212572865,15.0,-1,-1,-1.0
29502,29592,19433.263198538876,-22876.68900883227,140.0,-1,-1,-1.0
29503,29593,39274.09759785551,10800.668148877696,486.0,-1,-1,-1.0
29504,29594,11798.230872563045,36939.4162137604,271.0,-1,-1,-1.0
29505,29595,17924.82024507279,29778.855799025,187.0,-1,-1,-1.0
29506,29596,13339.361020266011,-20452.99130334745,454.0,-1,-1,-1.0
29507,29597,-13064.4239778357,28655.375955893032,407.0,-1,48,-1.0
29508,29598,-635.5776778073705,-26433.321039706083,378.0,-1,25,-1.0
29509,29599,-29422.45735549445,-22429.53227048508,340.0,-1,39,-1.0
29510,29600,-36010.293495290825,-30615.26637823054,205.0,-1,20,-1.0
29511,29601,8771.511962471086,25768.208550430518,97.0,-1,-1,-1.0
29512,29602,33621.83630510159,304.3462516865984,468.0,-1,-1,-1.0
29513,29603,-7882.292388446047,-18543.547056600983,367.0,-1,-1,-1.0
29514,29604,-27192.59992341361,-37492.59132393111,171.0,-1,-1,-1.0
29515,29605,8302.154165946944,-39298.0673937902,492.0,-1,-1,-1.0
29516,29606,-38664.807884297086,14360.462672252012,80.0,-1,-1,-1.0
29517,29607,31179.090228605084,8731.636430512852,211.0,-1,-1,-1.0
29518,29608,7747.303901097119,27515.497540534387,31.0,-1,-1,-1.0
29519,29609,-20665.96546083882,34334.11091291343,85.0,-1,-1,-1.0
29520,29610,35300.22108315925,-28276.21499211259,237.0,-1,-1,-1.0
29521,29611,11700.590848597618,14914.36161150838,322.0,-1,-1,-1.0
29522,29612,-8412.262901777634,13371.56284977511,394.0,-1,-1,-1.0
29523,29613,-37667.98508521058,-33043.07619669661,420.0,-1,20,-1.0
29524,29614,20408.314263100878,-30410.397437680484,186.0,-1,-1,-1.0
29525,29615,12979.86110671248,-36673.18504443891,481.0,-1,4,-1.0
29526,29616,-1093.8354701457863,5347.60108914422,334.0,-1,27,-1.0
29527,29617,4459.123695340983,-5825.746328647641,193.0,-1,-1,-1.0
29528,29618,31341.545294997937,-36203.36010561661,331.0,-1,-1,-1.0
29529,29619,32548.071037655376,-9206.520556704909,157.0,-1,-1,-1.0
29530,29620,31709.31998968443,23949.18168841961,391.0,-1,-1,-1.0
29531,29621,-11394.244148008407,-34851.604037089535,452.0,-1,-1,-1.0
29532,29622,-36731.935631372726,-4699.837974111455,33.0,-1,-1,-1.0
29533,29623,10511.38248345068,29576.298333350263,491.0,-1,-1,-1.0
29534,29624,8659.757234229073,11308.623035088409,461.0,-1,-1,-1.0
29535,29625,-14215.576039751526,23320.27319195173,122.0,-1,48,60.0
29536,29626,34616.99243481117,-18825.5232116856,251.0,-1,-1,-1.0
29537,29627,32907.95324164994,17836.03128462752,306.0,-1,-1,-1.0
29538,29628,-13723.584845449695,-3257.972006987293,232.0,-1,-1,-1.0
29539,29629,-34240.385033454215,-6159.483200725139,196.0,-1,-1,-1.0
29540,29630,5915.678269520067,3181.429763929191,305.0,-1,14,-1.0
29541,29631,-26758.169816293725,-38531.910126110764,230.0,-1,-1,-1.0
29542,29632,11626.817332280569,4336.769976577918,89.0,-1,2,-1.0
29543,29633,-15151.19397396486,31543.426785517742,334.0,-1,-1,-1.0
29544,29634,-29664.51895056328,-25045.6850645675,64.0,-1,-1,-1.0
29545,29635,-6967.399400053633,32122.608676424657,454.0,-1,-1,-1.0
29546,29636,-5157.401726970544,-39854.56275504455,221.0,-1,-1,-1.0
29547,29637,6226.18900155853,15625.179346738994,438.0,-1,8,-1.0
29548,29638,-5892.458956509647,14166.142847173584,145.0,-1,-1,-1.0
29549,29639,34249.37654335593,9283.670575619108,38.0,-1,28,-1.0
29550,29640,-4845.954038415432,-23418.70775190092,193.0,-1,-1,-1.0
29551,29641,-3866.320978507021,2666.544415491211,128.0,-1,27,-1.0
29552,29642,-26179.76251769348,36009.88118777562,274.0,-1,-1,-1.0
29553,29643,-26460.27899085905,33219.205861411145,488.0,-1,-1,-1.0
29554,29644,21438.92246289849,7613.292442009166,76.0,-1,-1,-1.0
29555,29645,-7116.226834780777,39749.25994346778,421.0,-1,-1,-1.0
29556,29646,-17562.087459061982,-39623.10350116308,253.0,-1,-1,-1.0
29557,29647,30171.77870545624,-6580.934697027806,427.0,-1,-1,-1.0
29558,29648,446.5980697416308,-27938.938080426906,150.0,-1,25,-1.0
29559,29649,11791.264229742425,-16962.103493878465,417.0,-1,-1,-1.0
29560,29650,-29570.62742807234,-4142.844006034909,486.0,-1,41,47.0
29561,29651,-28769.22299201083,17492.23067332543,415.0,-1,40,-1.0
29562,29652,-19369.873969647244,-37880.06218782692,264.0,-1,-1,-1.0
29563,29653,38720.958597527104,3440.1614071767544,259.0,-1,28,-1.0
29564,29654,-37133.53873771497,31940.3922742212,366.0,-1,-1,-1.0
29565,29655,-5940.805623004162,4313.781764243911,25.0,-1,-1,-1.0
29566,29656,14324.708052970847,-39744.29059569427,78.0,-1,-1,-1.0
29567,29657,-21774.821043924603,34595.52530580528,462.0,-1,-1,-1.0
29568,29658,-4532.601028289231,39225.85236667818,473.0,-1,-1,-1.0
29569,29659,28662.49182384353,-26061.49417004038,57.0,-1,-1,-1.0
29570,29660,17139.502774445245,28507.65894378649,427.0,-1,9,-1.0
29571,29661,-27867.266908517933,-21055.39071108498,294.0,-1,39,45.0
29572,29662,-34392.073898936644,4404.686265563098,205.0,-1,-1,-1.0
29573,29663,23247.74317271564,9528.997200274309,425.0,-1,-1,-1.0
29574,29664,-32740.12757884962,2376.9395622707307,203.0,-1,-1,-1.0
29575,29665,17021.79423733741,-33612.56449104672,54.0,-1,-1,-1.0
29576,29666,-26385.74149464405,9460.444493280098,298.0,-1,-1,-1.0
29577,29667,10327.342511221825,29240.315311537168,180.0,-1,-1,-1.0
29578,29668,36358.43885528391,-36332.13227548998,289.0,-1,21,-1.0
29579,29669,-2251.600445028351,27115.221761621084,358.0,-1,48,-1.0
29580,29670,-7537.93967040483,29577.00103387269,338.0,-1,-1,-1.0
29581,29671,227.7175369626057,-32801.51054552101,68.0,-1,-1,-1.0
29582,29672,36553.26796244863,-17572.207588148885,378.0,-1,-1,-1.0
29583,29673,-29699.618485194595,-29512.496436581,9.0,-1,-1,-1.0
29584,29674,4225.445262137793,-24433.13598085157,380.0,-1,31,-1.0
29585,29675,14672.627037661705,563.7535433478042,36.0,-1,2,-1.0
29586,29676,-34588.58038261832,-11686.857913918231,390.0,-1,-1,-1.0
29587,29677,-21560.80099648201,-14152.896756372103,337.0,-1,-1,-1.0
29588,29678,33505.92708045704,19842.68235526189,471.0,-1,-1,-1.0
29589,29679,-29316.698637178757,12928.560188757918,6.0,-1,-1,-1.0
29590,29680,-10307.721905606772,-33504.08961351057,489.0,-1,-1,-1.0
29591,29681,26096.551164366683,-22441.185480247223,4.0,-1,45,-1.0
29592,29682,17231.408345113065,-28778.56675337366,225.0,-1,3,-1.0
29593,29683,20327.406443751708,24686.48827300503,256.0,-1,18,-1.0
29594,29684,19845.47667945047,34743.06365586587,457.0,-1,-1,-1.0
29595,29685,-33625.38229270555,-1899.010584800992,400.0,-1,-1,-1.0
29596,29686,-31830.26825412204,-7226.957401991909,288.0,-1,41,-1.0
29597,29687,39339.065369476535,23933.05739477873,38.0,-1,-1,-1.0
29598,29688,9991.746502400973,7486.584540327567,364.0,-1,2,-1.0
29599,29689,-33653.1858840812,4467.658282392033,387.0,-1,-1,-1.0
29600,29690,-5942.037793747775,9788.00995712309,357.0,-1,-1,-1.0
29601,29691,-19008.083137058948,25898.491067147523,66.0,-1,-1,-1.0
29602,29692,-28090.684457770814,-2315.587625426597,348.0,-1,41,47.0
29603,29693,12021.424987842844,-17114.416298257052,477.0,-1,-1,-1.0
29604,29694,29089.800756587967,-37385.48338647128,493.0,-1,-1,-1.0
29605,29695,-14155.895173412744,8833.053684670966,461.0,-1,-1,-1.0
29606,29696,975.6080417747798,18926.657511942685,257.0,-1,-1,-1.0
29607,29697,-28927.46344483742,19671.09563314537,359.0,-1,-1,-1.0
29608,29698,-25973.136998504637,-2489.8060212535056,324.0,-1,-1,-1.0
29609,29699,38753.086675082566,-5006.888507872842,363.0,-1,-1,-1.0
29610,29700,-31370.37911239717,34595.57294586519,68.0,-1,-1,-1.0
29611,29701,4408.73337463972,34900.18293648465,238.0,-1,-1,-1.0
29612,29702,-15169.137273915672,-36932.91826551807,346.0,-1,-1,-1.0
29613,29703,-12793.713826076091,-28699.21586764815,86.0,-1,-1,-1.0
29614,29704,-8803.584243391302,-16569.182175520742,322.0,-1,-1,-1.0
29615,29705,28337.898290295125,-34579.4724349156,361.0,-1,-1,-1.0
29616,29706,-650.5874213398929,-33919.28004189953,455.0,-1,-1,-1.0
29617,29707,-13524.415535158065,3837.458068657383,474.0,-1,-1,-1.0
29618,29708,-22845.221587503656,-21570.253211172847,265.0,-1,-1,-1.0
29619,29709,30789.260216857,-4394.228260971911,2.0,-1,-1,-1.0
29620,29710,-37963.66905075176,-8492.418896481537,128.0,-1,32,38.0
29621,29711,39508.16613809751,30121.246105573024,136.0,-1,-1,-1.0
29622,29712,-22720.51540851728,33026.27485592928,78.0,-1,-1,-1.0
29623,29713,-29060.16874504748,35860.433660650844,127.0,-1,6,-1.0
29624,29714,-30818.23130067813,34580.95098919119,468.0,-1,-1,-1.0
29625,29715,-1225.333110958185,15744.670479774162,62.0,-1,-1,-1.0
29626,29716,-39957.63794615724,-804.2622163005726,115.0,-1,-1,-1.0
29627,29717,-33601.000429944455,-37114.17377350302,147.0,-1,-1,-1.0
29628,29718,2557.8724572360225,-8469.998613886273,321.0,-1,-1,-1.0
29629,29719,23987.62550171208,-28333.39472346013,423.0,-1,-1,-1.0
29630,29720,-13792.856727090097,11294.190382855571,159.0,-1,-1,-1.0
29631,29721,4455.467064140241,31144.395920792507,292.0,-1,48,-1.0
29632,29722,-19327.02505219412,-39078.63599383058,96.0,-1,-1,-1.0
29633,29723,10932.810095044828,32665.061983182968,54.0,-1,47,-1.0
29634,29724,27467.039651676605,38913.57805843867,120.0,-1,-1,-1.0
29635,29725,29466.377044140667,29275.74599720283,163.0,-1,10,-1.0
29636,29726,29227.23902040468,-5301.639940304187,101.0,-1,-1,-1.0
29637,29727,-20780.80807740255,-29917.43370299126,379.0,-1,-1,-1.0
29638,29728,-336.4810600127312,-10481.18814031456,216.0,-1,31,-1.0
29639,29729,-37782.87278391135,-31648.247483658684,60.0,-1,20,23.0
29640,29730,28894.21653960111,-35758.966568470314,141.0,-1,-1,-1.0
29641,29731,899.8991387301721,23263.01667268327,216.0,-1,-1,-1.0
29642,29732,-24774.20633369996,-39892.66834837928,163.0,-1,-1,-1.0
29643,29733,-8589.743464716576,21991.73660828844,126.0,-1,-1,-1.0
29644,29734,-12321.65545405855,-295.7151444876945,59.0,-1,-1,-1.0
29645,29735,6229.481850617383,-995.4539977933382,207.0,-1,-1,-1.0
29646,29736,-15272.177307276048,-26618.8847234004,203.0,-1,17,-1.0
29647,29737,15410.146123789178,-13350.071710631211,50.0,-1,-1,-1.0
29648,29738,-2118.9091607671,-33196.3685781582,411.0,-1,-1,-1.0
29649,29739,-33511.347344695736,22272.918003792947,114.0,-1,-1,-1.0
29650,29740,8412.976137723395,-20463.346839738355,148.0,-1,-1,-1.0
29651,29741,-13301.55381080023,-21696.76000014535,157.0,-1,-1,-1.0
29652,29742,5576.069925002914,34981.44505423977,440.0,-1,-1,-1.0
29653,29743,14091.00640083495,-28360.56027486612,482.0,-1,3,-1.0
29654,29744,20421.0859563088,14577.317074750965,224.0,-1,18,-1.0
29655,29745,16604.664179241445,4498.248269553864,484.0,-1,2,-1.0
29656,29746,-24378.44690281034,-18977.609900632626,355.0,-1,-1,-1.0
29657,29747,-19586.04132439889,35248.13877040027,275.0,-1,-1,-1.0
29658,29748,36043.410135570375,28256.772963043823,23.0,-1,10,-1.0
29659,29749,-15212.56836749701,-2579.947267012896,212.0,-1,-1,-1.0
29660,29750,-38355.80954491273,3117.294354082165,340.0,-1,-1,-1.0
29661,29751,21091.637799856748,11910.212656917582,235.0,-1,16,-1.0
29662,29752,5525.212789339086,-23384.165023004,242.0,-1,31,-1.0
29663,29753,6181.602470601734,334.70262076266226,249.0,-1,14,-1.0
29664,29754,13783.957654484198,38246.121585554574,471.0,-1,-1,-1.0
29665,29755,17141.4969960316,-5754.674965456114,8.0,-1,-1,-1.0
29666,29756,29364.2703747074,31506.302116213337,101.0,-1,-1,-1.0
29667,29757,2685.2310050031665,21354.774458907334,398.0,-1,46,-1.0
29668,29758,23548.071226537177,-20302.8301894246,439.0,-1,-1,-1.0
29669,29759,-21278.374834744394,-20435.49274760304,331.0,-1,-1,-1.0
29670,29760,30785.862039964864,-31507.124010250387,436.0,-1,-1,-1.0
29671,29761,-27844.08966486404,-17885.92893596877,422.0,-1,-1,-1.0
29672,29762,6637.529419720639,-35574.36045734894,161.0,-1,1,-1.0
29673,29763,-30501.12279993955,-16197.669402091537,497.0,-1,-1,-1.0
29674,29764,-5531.538477088208,8270.900291375328,196.0,-1,-1,-1.0
29675,29765,-7592.540749925592,-15603.90159183526,395.0,-1,-1,-1.0
29676,29766,15628.320181692572,-4367.743130420626,175.0,-1,13,-1.0
29677,29767,-14687.41497389221,18519.965720445165,482.0,-1,-1,-1.0
29678,29768,-872.7797490043959,25971.343758958246,8.0,-1,-1,-1.0
29679,29769,-20168.019184392448,2471.962347025852,485.0,-1,-1,-1.0
29680,29770,39249.928125614926,-39881.461690873504,108.0,-1,-1,-1.0
29681,29771,-10027.169135620585,-358.00323371383274,41.0,-1,-1,-1.0
29682,29772,21416.966938879334,3615.291357444949,19.0,-1,-1,-1.0
29683,29773,9839.166305602244,-32052.58213547905,257.0,-1,-1,-1.0
29684,29774,22096.10584740692,23301.78729606018,13.0,-1,-1,-1.0
29685,29775,33592.42807377603,6586.525254704284,1.0,-1,-1,-1.0
29686,29776,-2023.3989953854907,9414.231841497938,249.0,-1,-1,-1.0
29687,29777,-27106.056374065964,-31502.385864346223,178.0,-1,-1,-1.0
29688,29778,-22416.36348824873,-5012.76601446345,228.0,-1,-1,-1.0
29689,29779,36.85023759469914,-8877.244208865748,101.0,-1,31,36.0
29690,29780,-6419.246603958454,-27641.899619767704,9.0,-1,25,-1.0
29691,29781,-19870.11076876387,-10711.351798800744,207.0,-1,-1,-1.0
29692,29782,-22861.033952611557,-31123.139274180576,116.0,-1,-1,-1.0
29693,29783,-23030.629993660456,-930.231351892573,321.0,-1,-1,-1.0
29694,29784,-5627.438403965076,-20115.61757112652,482.0,-1,7,-1.0
29695,29785,1205.5317429741551,-1067.2504385425782,486.0,-1,-1,-1.0
29696,29786,32245.98922960824,10313.89289079341,453.0,-1,-1,-1.0
29697,29787,-3498.76607636932,-38031.17991786357,79.0,-1,-1,-1.0
29698,29788,-2728.283262211815,-3048.559675040909,356.0,-1,22,-1.0
29699,29789,6787.117079215837,-34654.25143865772,32.0,-1,1,-1.0
29700,29790,-32743.3306104334,-34220.42763968193,279.0,-1,-1,-1.0
29701,29791,14283.022357565636,7912.846744804621,83.0,-1,2,-1.0
29702,29792,15735.202253770396,-20059.553940057667,165.0,-1,-1,-1.0
29703,29793,454.79153254981065,27584.31623436784,164.0,-1,48,-1.0
29704,29794,-2782.258303748713,6699.533258104006,428.0,-1,27,-1.0
29705,29795,-35757.05424588805,-23062.270462645403,30.0,-1,-1,-1.0
29706,29796,36501.251065713615,35147.11899295688,26.0,-1,-1,-1.0
29707,29797,12602.57848464937,-30748.448746262555,51.0,-1,-1,-1.0
29708,29798,6424.0556067147045,33842.46086865083,71.0,-1,47,-1.0
29709,29799,35585.8085937923,-25105.57355736149,140.0,-1,-1,-1.0
29710,29800,-22347.18899360333,30336.822094618983,153.0,-1,-1,-1.0
29711,29801,-35666.94334574814,9052.085050613554,211.0,-1,24,-1.0
29712,29802,-24495.215538077577,-13092.758300243866,179.0,-1,-1,-1.0
29713,29803,24962.425427819115,11613.17233931915,381.0,-1,-1,-1.0
29714,29804,-17502.997192495524,-39576.43909077722,168.0,-1,-1,-1.0
29715,29805,-7179.64007643918,-30218.41798035951,224.0,-1,-1,-1.0
29716,29806,-37942.52503523958,-38292.82194739201,338.0,-1,19,-1.0
29717,29807,21531.00186296377,-29899.592112399,296.0,-1,-1,-1.0
29718,29808,-5873.21600290465,-32181.74012238884,71.0,-1,35,-1.0
29719,29809,16728.396428915563,-26378.242149117985,82.0,-1,3,-1.0
29720,29810,20293.803093517105,15183.678478820118,315.0,-1,18,-1.0
29721,29811,-28735.13258406848,132.3790703292252,197.0,-1,-1,-1.0
29722,29812,-39181.08280479963,19825.502462849683,35.0,-1,-1,-1.0
29723,29813,23963.765599347047,-31532.9771992731,365.0,-1,-1,-1.0
29724,29814,-7207.28618711212,35984.54982899802,323.0,-1,48,-1.0
29725,29815,-15243.686328957305,26625.63984424561,70.0,-1,48,-1.0
29726,29816,-20464.163763584285,32143.307086054498,41.0,-1,-1,-1.0
29727,29817,-26089.68686061382,30436.815751773946,105.0,-1,-1,-1.0
29728,29818,14207.357980793871,-1825.9862646367765,189.0,-1,-1,-1.0
29729,29819,16751.790938188577,26720.263522890386,331.0,-1,9,-1.0
29730,29820,-15176.585891550085,-10641.523203639204,222.0,-1,-1,-1.0
29731,29821,2556.2311904940943,15939.736456005245,72.0,-1,-1,-1.0
29732,29822,-3596.1592788486814,-14362.323360083949,437.0,-1,31,35.0
29733,29823,-31209.30846112798,-32332.23358455076,435.0,-1,34,-1.0
29734,29824,-15912.422759259827,25591.59151442689,244.0,-1,-1,-1.0
29735,29825,28254.85954905653,31643.00980881505,496.0,-1,-1,-1.0
29736,29826,-17054.55547281808,-39679.68847466034,235.0,-1,-1,-1.0
29737,29827,31154.186725106163,32512.108998082185,79.0,-1,-1,-1.0
29738,29828,29622.20122704141,-3196.9955187086016,353.0,-1,-1,-1.0
29739,29829,-5463.019410777248,16099.757270545444,100.0,-1,-1,-1.0
29740,29830,17892.810421894872,-6390.82912420277,257.0,-1,-1,-1.0
29741,29831,-2848.113695251217,-18.477995229470253,168.0,-1,-1,-1.0
29742,29832,21553.22879572292,31378.490863525814,267.0,-1,30,-1.0
29743,29833,18944.65693081906,-11366.379130640522,461.0,-1,44,-1.0
29744,29834,32457.899134010702,-5130.059269819867,37.0,-1,33,-1.0
29745,29835,-14816.53050208774,-32938.75471085503,456.0,-1,36,-1.0
29746,29836,-28069.05536217436,29467.640132078697,351.0,-1,-1,-1.0
29747,29837,-32271.105603800646,16344.23334361546,256.0,-1,-1,-1.0
29748,29838,19732.492839222912,-35781.98082857425,168.0,-1,-1,-1.0
29749,29839,-9630.86792385715,12891.165797885798,433.0,-1,27,-1.0
29750,29840,-34472.09135431642,-1314.7440449655403,466.0,-1,-1,-1.0
29751,29841,-28800.9038662322,25609.76913687821,204.0,-1,-1,-1.0
29752,29842,39559.74525529593,-22425.44612873388,419.0,-1,-1,-1.0
29753,29843,8444.952685077158,-18927.609956704702,224.0,-1,-1,-1.0
29754,29844,-14879.177396496025,30036.7825680417,212.0,-1,-1,-1.0
29755,29845,-31750.08702029074,11653.99966753259,305.0,-1,-1,-1.0
29756,29846,16226.858198083011,6487.043758725638,76.0,-1,2,-1.0
29757,29847,-124.54626326640572,-33092.52852798551,483.0,-1,-1,-1.0
29758,29848,34823.10268769176,-37331.74069069227,152.0,-1,-1,-1.0
29759,29849,13612.912202837484,-27175.682908501563,462.0,-1,3,-1.0
29760,29850,19123.810955661364,-27063.262650161632,164.0,-1,-1,-1.0
29761,29851,13675.090427255367,-27446.56406643869,409.0,-1,3,-1.0
29762,29852,17783.085162738607,9926.943014652104,403.0,-1,-1,-1.0
29763,29853,-2050.831914317976,-15766.999258751825,28.0,-1,31,-1.0
29764,29854,-9982.379349125991,-18324.91409389882,355.0,-1,-1,-1.0
29765,29855,-37807.88867304024,-39557.74084478821,126.0,-1,-1,-1.0
29766,29856,-37642.3497881781,-13240.416687322282,41.0,-1,32,38.0
29767,29857,18769.34387747669,-4234.069782103106,17.0,-1,-1,-1.0
29768,29858,-38669.67023564117,-10165.56862114993,39.0,-1,-1,-1.0
29769,29859,-26014.92694678713,6045.774289109606,475.0,-1,-1,-1.0
29770,29860,32060.045441679948,26807.44096804854,166.0,-1,-1,-1.0
29771,29861,22319.43694810226,-28892.466683013317,486.0,-1,-1,-1.0
29772,29862,31178.384906961088,17166.39464125916,453.0,-1,-1,-1.0
29773,29863,18848.154955357782,-38545.83201270985,320.0,-1,-1,-1.0
29774,29864,-33013.85058553124,-26452.31008339601,262.0,-1,-1,-1.0
29775,29865,-25568.365907116066,-31781.19326596694,94.0,-1,-1,-1.0
29776,29866,-27171.52829832667,-38830.408462061394,442.0,-1,-1,-1.0
29777,29867,11725.425465307795,-6981.475992070409,472.0,-1,13,-1.0
29778,29868,-13272.721275233269,18410.64453987273,1.0,-1,-1,-1.0
29779,29869,28287.783362595525,7579.736426050833,172.0,-1,15,-1.0
29780,29870,13039.42677638997,14690.04982417373,207.0,-1,-1,-1.0
29781,29871,-19927.877635232464,-8677.021605911195,95.0,-1,-1,-1.0
29782,29872,21717.657966541454,-21855.71152846701,18.0,-1,-1,-1.0
29783,29873,-27599.315953824946,17818.659834535523,153.0,-1,-1,-1.0
29784,29874,-22962.192502536604,2901.43929916012,270.0,-1,-1,-1.0
29785,29875,34781.99587407203,5254.955551895248,349.0,-1,-1,-1.0
29786,29876,-12489.621541385672,-25364.996131338256,424.0,-1,17,-1.0
29787,29877,10029.740066243308,1746.8419874977844,243.0,-1,-1,-1.0
29788,29878,19072.827555932585,6763.979538300882,454.0,-1,-1,-1.0
29789,29879,-21508.242306794946,-23721.36933520801,386.0,-1,-1,-1.0
29790,29880,1876.5729743052725,28027.49227451622,115.0,-1,-1,-1.0
29791,29881,-2822.5412875335387,-16575.77738276452,460.0,-1,31,-1.0
29792,29882,21290.041114872416,11097.76794521857,307.0,-1,16,-1.0
29793,29883,-22690.400194520687,-11798.26744224182,114.0,-1,-1,-1.0
29794,29884,-34014.02439637073,-5285.585765597789,352.0,-1,-1,-1.0
29795,29885,35540.926399661694,24367.5036009044,259.0,-1,-1,-1.0
29796,29886,-13421.312142641693,13419.984338488764,52.0,-1,-1,-1.0
29797,29887,-33610.48821814177,-4722.096889516455,335.0,-1,-1,-1.0
29798,29888,6729.414387808698,-22196.067376499523,59.0,-1,-1,-1.0
29799,29889,-9257.056093834766,28474.196187703117,455.0,-1,-1,-1.0
29800,29890,-18697.34330851272,-39828.95761214134,15.0,-1,-1,-1.0
29801,29891,-38559.026534002674,-19629.55257725375,54.0,-1,0,-1.0
29802,29892,38956.8020141356,11405.762695553683,149.0,-1,-1,-1.0
29803,29893,-8141.16413717586,-6800.413971297778,338.0,-1,31,-1.0
29804,29894,2477.8269147271567,21714.22213602341,244.0,-1,46,-1.0
29805,29895,1905.201497476104,-15973.094602793666,153.0,-1,31,-1.0
29806,29896,-22021.90021274113,15958.383713916955,30.0,-1,-1,-1.0
29807,29897,-7092.595451751331,5782.55908330407,418.0,-1,27,-1.0
29808,29898,-35244.58421739528,36307.19542545114,494.0,-1,5,-1.0
29809,29899,-32473.480654540293,-30421.47615785273,408.0,-1,34,-1.0
29810,29900,-24515.74243085199,-24709.619237556977,175.0,-1,-1,-1.0
29811,29901,19307.48389647805,37057.34496803966,188.0,-1,-1,-1.0
29812,29902,27966.577636629638,1746.310124473588,281.0,-1,-1,-1.0
29813,29903,22609.889558560564,15905.496993452478,339.0,-1,-1,-1.0
29814,29904,-1799.826014020844,26153.848604910207,401.0,-1,-1,-1.0
29815,29905,9226.797297891426,38246.14318981985,317.0,-1,-1,-1.0
29816,29906,24803.63569249696,-13715.04877101165,64.0,-1,45,-1.0
29817,29907,-3492.4309684804466,21404.56929172863,71.0,-1,-1,-1.0
29818,29908,-22030.35361194449,30844.014626700024,229.0,-1,-1,-1.0
29819,29909,-39963.80139838364,-22.799464663235995,271.0,-1,-1,-1.0
29820,29910,-4085.829524247667,9607.09152602045,475.0,-1,27,-1.0
29821,29911,17803.14741365066,-18669.60265145588,206.0,-1,-1,-1.0
29822,29912,37240.77925588051,6537.695226100092,98.0,-1,28,-1.0
29823,29913,26213.14161867532,26066.570919071677,458.0,-1,-1,-1.0
29824,29914,6756.869614274867,29047.74062424028,154.0,-1,48,58.0
29825,29915,29212.681016272603,17049.039385611504,494.0,-1,-1,-1.0
29826,29916,37695.91069191111,9951.359152842437,465.0,-1,28,-1.0
29827,29917,-9666.11393921098,-6110.905296763311,68.0,-1,-1,-1.0
29828,29918,22847.549555971724,39504.41528942449,77.0,-1,-1,-1.0
29829,29919,14284.01200345694,-29538.83085550968,42.0,-1,3,-1.0
29830,29920,25665.830590775106,-32693.92579104972,301.0,-1,-1,-1.0
29831,29921,20304.20687253045,32290.5237150529,436.0,-1,-1,-1.0
29832,29922,-30616.507761290155,35792.74033744182,97.0,-1,-1,-1.0
29833,29923,14837.511614835355,-6050.764141083411,223.0,-1,13,-1.0
29834,29924,-26895.02579280616,39300.71234600895,73.0,-1,-1,-1.0
29835,29925,31128.752451729248,-3585.320281264416,46.0,-1,-1,-1.0
29836,29926,-12595.76207811338,30550.794654020065,335.0,-1,48,-1.0
29837,29927,-27238.500727831142,6153.305642343767,6.0,-1,-1,-1.0
29838,29928,-12215.390797322469,-35994.77669066837,287.0,-1,36,-1.0
29839,29929,20831.477862668296,-36674.11501338284,320.0,-1,-1,-1.0
29840,29930,-16275.021328296476,-14989.03473787224,372.0,-1,-1,-1.0
29841,29931,12879.890025559434,-11657.123664192932,180.0,-1,-1,-1.0
29842,29932,-16270.027266215664,34019.578147872235,318.0,-1,-1,-1.0
29843,29933,38080.48838006605,20421.648169527565,269.0,-1,28,-1.0
29844,29934,12452.277787130412,-27277.84235317503,481.0,-1,3,-1.0
29845,29935,-26236.30123175433,-20819.3070131873,281.0,-1,-1,-1.0
29846,29936,-26180.086082681955,-12731.084525719563,492.0,-1,-1,-1.0
29847,29937,30537.7306323526,5835.673072995647,480.0,-1,-1,-1.0
29848,29938,-20611.307195679045,-11924.217822030929,469.0,-1,-1,-1.0
29849,29939,38506.33411765739,-23235.989571059825,28.0,-1,-1,-1.0
29850,29940,21239.427854330563,16970.15541668766,251.0,-1,18,-1.0
29851,29941,-327.4459648567717,-16708.60641476964,363.0,-1,31,-1.0
29852,29942,-6898.929588159968,24972.318264871035,414.0,-1,-1,-1.0
29853,29943,15083.171244206904,-16431.861974475658,110.0,-1,45,-1.0
29854,29944,12024.93394732778,-14929.487800423856,403.0,-1,-1,-1.0
29855,29945,-14032.030491819638,26459.44999244329,456.0,-1,48,-1.0
29856,29946,-21029.73811186932,-4154.8366685939545,119.0,-1,-1,-1.0
29857,29947,-9664.470125976924,-21105.69030458583,411.0,-1,-1,-1.0
29858,29948,-26954.093457629388,-22811.690323215564,396.0,-1,-1,-1.0
29859,29949,-11986.409507865636,28431.290511773725,371.0,-1,48,-1.0
29860,29950,10809.549284280678,29319.087445954938,192.0,-1,-1,-1.0
29861,29951,-9474.302304509649,37225.30469821171,307.0,-1,48,-1.0
29862,29952,-3549.6409405781305,5923.135804873142,288.0,-1,-1,-1.0
29863,29953,23899.91110573324,26448.113365121724,193.0,-1,-1,-1.0
29864,29954,-31107.983666262982,-2862.4340439288426,432.0,-1,-1,-1.0
29865,29955,-6492.153647603576,-12401.169461919855,349.0,-1,31,-1.0
29866,29956,-170.9144584177484,7333.248677321251,179.0,-1,27,-1.0
29867,29957,-9361.93375103774,-11852.576974027785,61.0,-1,31,-1.0
29868,29958,35205.886976136026,-36248.78781148369,275.0,-1,21,-1.0
29869,29959,-19584.316013768923,-26066.975481812937,393.0,-1,-1,-1.0
29870,29960,13283.492163239112,23056.16776029871,281.0,-1,-1,-1.0
29871,29961,32029.534978412423,-34226.496826486604,124.0,-1,-1,-1.0
29872,29962,-27994.2290684482,36346.7537166253,168.0,-1,-1,-1.0
29873,29963,32571.63532093099,-20246.995747834128,459.0,-1,-1,-1.0
29874,29964,1710.7403691092768,-33494.50054788751,306.0,-1,1,-1.0
29875,29965,-27866.41342398764,28634.358590769523,112.0,-1,-1,-1.0
29876,29966,-30260.06522304643,-26970.967439744687,424.0,-1,-1,-1.0
29877,29967,-9721.427298962892,2706.724087806666,256.0,-1,-1,-1.0
29878,29968,24530.891187673515,-11052.356545633178,227.0,-1,-1,-1.0
29879,29969,-7284.351932074973,-12637.609223545256,66.0,-1,31,-1.0
29880,29970,2446.7778646323204,-32835.390535637154,393.0,-1,1,-1.0
29881,29971,19126.038081494487,-15861.860919880352,322.0,-1,45,52.0
29882,29972,-6316.803238819892,24227.3288305507,407.0,-1,-1,-1.0
29883,29973,27238.37635476085,-21964.58619643919,438.0,-1,45,-1.0
29884,29974,9296.898966638577,-15361.647005460429,238.0,-1,-1,-1.0
29885,29975,-12703.715229061698,-33397.13676470365,227.0,-1,-1,-1.0
29886,29976,27349.000287886596,-4943.871221809095,431.0,-1,-1,-1.0
29887,29977,9535.460078436628,-39130.623213898776,382.0,-1,1,-1.0
29888,29978,-28186.867625858387,14875.790052096658,70.0,-1,-1,-1.0
29889,29979,32998.48120336396,-3750.393608815488,253.0,-1,33,-1.0
29890,29980,35773.52699628769,-26154.86145810916,322.0,-1,45,-1.0
29891,29981,3455.309877110907,-5089.09649045729,141.0,-1,-1,-1.0
29892,29982,38358.63615162776,31424.389627105837,285.0,-1,-1,-1.0
29893,29983,37408.84062174807,-26550.436958623224,117.0,-1,-1,-1.0
29894,29984,-19757.65194589128,34251.023111379385,218.0,-1,-1,-1.0
29895,29985,-29993.715885222984,-21873.458685023896,395.0,-1,39,-1.0
29896,29986,-33045.424631772294,-16357.273273399838,490.0,-1,-1,-1.0
29897,29987,-17179.148502120726,-26117.00180236968,377.0,-1,36,-1.0
29898,29988,39978.45961868549,17025.60290372448,119.0,-1,-1,-1.0
29899,29989,28446.0486464796,38198.78152983682,408.0,-1,-1,-1.0
29900,29990,28366.48039319222,-17658.644053563454,365.0,-1,-1,-1.0
29901,29991,39099.58478065992,-36910.1359892321,303.0,-1,21,-1.0
29902,29992,9230.487626684737,-37813.90045235276,413.0,-1,-1,-1.0
29903,29993,-37267.25565901834,17406.412594391484,257.0,-1,23,-1.0
29904,29994,22422.354592617183,-20059.97803863185,51.0,-1,-1,-1.0
29905,29995,12559.064808591544,-29331.308342163407,207.0,-1,-1,-1.0
29906,29996,37884.14495420944,-31889.00962365362,128.0,-1,-1,-1.0
29907,29997,11128.235676050535,-3386.865624327525,218.0,-1,-1,-1.0
29908,29998,-16040.622011481282,16469.9711741106,129.0,-1,-1,-1.0
29909,29999,-34788.92182683775,38100.5672711193,191.0,-1,5,6.0
29910,30000,-8070.403289648842,11585.089727136852,225.0,-1,-1,-1.0
29911,30001,36235.56716243972,30049.187366953352,155.0,-1,-1,-1.0
29912,30002,-6944.933761843036,29279.064025100684,463.0,-1,-1,-1.0
29913,30003,30982.50378052982,38531.69380942328,489.0,-1,11,-1.0
29914,30004,11590.19942772219,-9881.205198585343,435.0,-1,13,-1.0
29915,30005,-34376.36401521169,-36919.65469564644,46.0,-1,19,-1.0
29916,30006,18302.24585283798,37179.70272059519,282.0,-1,30,-1.0
29917,30007,-26108.23282937432,27110.91653766841,432.0,-1,-1,-1.0
29918,30008,23003.68800398831,23532.079739682194,168.0,-1,-1,-1.0
29919,30009,-15632.138850947016,-16555.11057610635,132.0,-1,31,-1.0
29920,30010,-19850.81007422924,34857.61788871224,7.0,-1,-1,-1.0
29921,30011,1037.668085591351,13192.58400221238,99.0,-1,-1,-1.0
29922,30012,-38383.22913779639,-1787.1582234697562,463.0,-1,-1,-1.0
29923,30013,-8229.763238652882,22603.469858912365,235.0,-1,-1,-1.0
29924,30014,27577.119930338537,7686.31323796411,441.0,-1,15,-1.0
29925,30015,-13806.827631644695,28036.89497953412,135.0,-1,48,-1.0
29926,30016,-12591.767552358871,-8917.398841380385,231.0,-1,-1,-1.0
29927,30017,-26453.837740190203,-4718.89544876141,168.0,-1,-1,-1.0
29928,30018,-26120.45746764372,20282.91844982875,99.0,-1,-1,-1.0
29929,30019,-31328.5052726626,5672.095268134406,171.0,-1,-1,-1.0
29930,30020,27611.43051430762,-27305.62516780133,81.0,-1,-1,-1.0
29931,30021,-34078.99621742483,5758.076927071779,1.0,-1,-1,-1.0
29932,30022,-12249.192332542329,-32018.279659674703,103.0,-1,-1,-1.0
29933,30023,-2492.6734156550447,25537.356541745,431.0,-1,-1,-1.0
29934,30024,-21617.37379197377,-18818.122811702124,390.0,-1,-1,-1.0
29935,30025,27645.786391566508,-39081.703299517125,141.0,-1,-1,-1.0
29936,30026,38715.22598606999,3759.3937998308393,412.0,-1,28,32.0
29937,30027,-10604.713036962929,-21110.29719899019,24.0,-1,-1,-1.0
29938,30028,-37098.46036908908,-17165.33732254159,245.0,-1,0,-1.0
29939,30029,-4849.317958923108,-26241.002421965262,211.0,-1,-1,-1.0
29940,30030,7579.558332109118,-15584.72909128615,475.0,-1,-1,-1.0
29941,30031,-21674.62647426937,36561.16390228881,77.0,-1,-1,-1.0
29942,30032,-10615.774376117162,3579.1032164610515,317.0,-1,-1,-1.0
29943,30033,-22491.145974803127,-12924.30371209206,233.0,-1,-1,-1.0
29944,30034,-33832.38456858714,13143.290376949,353.0,-1,24,-1.0
29945,30035,3554.2364413008618,17825.26672115423,298.0,-1,-1,-1.0
29946,30036,32507.859108294462,-6861.186603793067,421.0,-1,-1,-1.0
29947,30037,-10633.347895105326,28436.5662126245,104.0,-1,-1,-1.0
29948,30038,19722.936699819504,18405.275389781724,369.0,-1,18,-1.0
29949,30039,-25359.307074004693,-8828.033234456765,33.0,-1,-1,-1.0
29950,30040,13302.575246542045,3767.762203930746,144.0,-1,-1,-1.0
29951,30041,32898.57836737068,-31277.8625881291,241.0,-1,-1,-1.0
29952,30042,-26160.6035164791,-25682.735807193123,483.0,-1,38,-1.0
29953,30043,28997.105517800213,25308.417692719304,420.0,-1,-1,-1.0
29954,30044,-27623.08235880475,14941.231043807558,239.0,-1,-1,-1.0
29955,30045,11949.51122416494,26994.16579412637,261.0,-1,-1,-1.0
29956,30046,35165.128352443164,-15645.87267849922,122.0,-1,-1,-1.0
29957,30047,18340.168478879576,739.394706502273,165.0,-1,-1,-1.0
29958,30048,15871.31755053303,-23282.124431245687,420.0,-1,-1,-1.0
29959,30049,-17776.69041738325,-17030.27635893493,120.0,-1,-1,-1.0
29960,30050,-18098.31365085568,36702.3200642899,270.0,-1,-1,-1.0
29961,30051,7594.830979441744,5987.35359597802,351.0,-1,-1,-1.0
29962,30052,10474.61838574981,37923.64868617694,430.0,-1,-1,-1.0
29963,30053,5267.102974480316,-23320.45709753581,333.0,-1,31,-1.0
29964,30054,31829.099876096472,-8116.085736454072,30.0,-1,-1,-1.0
29965,30055,-32631.26836940636,25256.606763794694,293.0,-1,-1,-1.0
29966,30056,-6793.982699173495,-23377.73733225405,77.0,-1,-1,-1.0
29967,30057,1153.6660996009305,-38714.98335214666,220.0,-1,-1,-1.0
29968,30058,7037.688923746275,15107.017402443387,44.0,-1,-1,-1.0
29969,30059,-36932.51344281731,-9822.366143030824,217.0,-1,32,38.0
29970,30060,16771.21779630542,16006.00244090268,460.0,-1,-1,-1.0
29971,30061,-5507.438470826783,-12250.78399054267,478.0,-1,31,35.0
29972,30062,30609.150210985343,19041.649230174567,364.0,-1,-1,-1.0
29973,30063,2816.1046533231493,-29778.417208598366,136.0,-1,-1,-1.0
29974,30064,690.9288102525315,26182.154403276538,383.0,-1,48,-1.0
29975,30065,7820.38878892277,-19002.933679238333,48.0,-1,-1,-1.0
29976,30066,-19673.872384778937,-8515.504739431057,200.0,-1,-1,-1.0
29977,30067,267.9054194580458,-13595.30921550446,448.0,-1,31,-1.0
29978,30068,-9894.416134519714,27013.98310186672,448.0,-1,48,-1.0
29979,30069,1181.0265970658584,-28055.21820025825,37.0,-1,25,-1.0
29980,30070,32805.14555263455,2608.3305905586167,411.0,-1,-1,-1.0
29981,30071,29543.79027623869,21563.88964435969,436.0,-1,28,-1.0
29982,30072,-23955.71764363262,20689.93724072747,232.0,-1,37,-1.0
29983,30073,5085.379315185426,-19348.27349124183,382.0,-1,-1,-1.0
29984,30074,14118.450851679523,1541.398415395728,360.0,-1,2,-1.0
29985,30075,37193.12950742348,-13929.704873463616,305.0,-1,-1,-1.0
29986,30076,-2458.641202090497,-34429.80190168509,292.0,-1,-1,-1.0
29987,30077,35167.529872186395,-15886.701433946992,87.0,-1,-1,-1.0
29988,30078,28971.025349350544,32999.04154807066,468.0,-1,-1,-1.0
29989,30079,-15887.771049619383,-32208.061031403795,353.0,-1,36,-1.0
29990,30080,-3565.9930276758605,-39203.4242558899,262.0,-1,-1,-1.0
29991,30081,30761.21449282067,-34869.570222063914,20.0,-1,-1,-1.0
29992,30082,-35316.661358709425,-32022.40940014412,154.0,-1,-1,-1.0
29993,30083,-1440.7454930893,-6344.589011163225,119.0,-1,-1,-1.0
29994,30084,34089.64049371703,-613.692955853352,85.0,-1,-1,-1.0
29995,30085,12048.352849633098,30577.414494951707,132.0,-1,-1,-1.0
29996,30086,8642.550929700643,24384.589151085995,466.0,-1,48,56.0
29997,30087,-37024.3306286934,32630.172511611134,39.0,-1,-1,-1.0
29998,30088,-12555.59046702558,-36304.93398371383,434.0,-1,36,-1.0
29999,30089,-252.20399797637947,23630.15454469348,469.0,-1,-1,-1.0
30000,30090,12590.276212470562,17178.62210326628,373.0,-1,-1,-1.0
30001,30091,-19406.53874051459,-29938.907017766345,232.0,-1,-1,-1.0
30002,30092,21988.036063910447,-37737.70454485702,97.0,-1,-1,-1.0
30003,30093,10324.11811408167,17698.286098133387,137.0,-1,-1,-1.0
30004,30094,-18438.267423403173,-1276.380906169739,82.0,-1,43,-1.0
30005,30095,38072.049710663545,14234.103390831311,368.0,-1,-1,-1.0
30006,30096,-21933.564389915016,-27387.362815350585,67.0,-1,-1,-1.0
30007,30097,22736.54976454939,-31296.28615674087,180.0,-1,-1,-1.0
30008,30098,-13412.972425858225,21038.56989695657,326.0,-1,-1,-1.0
30009,30099,29524.210650845736,23126.949622790613,422.0,-1,-1,-1.0
30010,30100,-18753.002831437592,-18110.67801466626,235.0,-1,-1,-1.0
30011,30101,-18836.257153791288,18377.19592760416,379.0,-1,-1,-1.0
30012,30102,-32335.237254684384,-17927.151429951246,490.0,-1,-1,-1.0
30013,30103,-29378.23773046438,-39559.40107391878,149.0,-1,-1,-1.0
30014,30104,5632.48528630715,37785.286274426224,199.0,-1,-1,-1.0
30015,30105,7613.04962043681,-33420.47875310471,138.0,-1,1,-1.0
30016,30106,19544.700559353856,-27748.96999342842,177.0,-1,-1,-1.0
30017,30107,-1802.2045688417347,26246.47006066769,105.0,-1,-1,-1.0
30018,30108,20832.057097717552,38394.19899481098,450.0,-1,-1,-1.0
30019,30109,239.1173786551517,10574.91656366393,478.0,-1,-1,-1.0
30020,30110,39576.78142681769,19149.22501846835,105.0,-1,-1,-1.0
30021,30111,-2635.774660966599,-29946.63837090112,353.0,-1,-1,-1.0
30022,30112,25801.29913366493,20319.29398756149,482.0,-1,-1,-1.0
30023,30113,-23963.47438279598,-22298.26871685432,252.0,-1,-1,-1.0
30024,30114,4071.6943084666273,28423.04316674167,409.0,-1,48,-1.0
30025,30115,19558.21495958596,12224.338347244884,424.0,-1,-1,-1.0
30026,30116,9758.079683360404,-16871.857691865007,460.0,-1,-1,-1.0
30027,30117,-1757.360077818557,-25017.432279035587,228.0,-1,25,-1.0
30028,30118,-21504.55194096816,-22601.22448050548,269.0,-1,-1,-1.0
30029,30119,-30790.533276952112,-38802.90000128695,335.0,-1,-1,-1.0
30030,30120,-9771.905651730864,39498.39812208977,327.0,-1,-1,-1.0
30031,30121,4481.401226147289,10647.174401943194,290.0,-1,-1,-1.0
30032,30122,-30269.400298482997,-8660.888488242032,100.0,-1,41,47.0
30033,30123,-1333.5132151242724,-29460.67366450883,220.0,-1,-1,-1.0
30034,30124,38527.01845401024,19115.83581476249,10.0,-1,28,-1.0
30035,30125,-985.8020375432316,15424.543649124404,153.0,-1,-1,-1.0
30036,30126,27304.93664181256,-24498.53026775795,86.0,-1,-1,-1.0
30037,30127,-28023.72953305988,24792.46144529558,256.0,-1,48,-1.0
30038,30128,-31887.03093191429,15932.054542007989,298.0,-1,-1,-1.0
30039,30129,29988.436168788336,-1858.2029029782932,424.0,-1,-1,-1.0
30040,30130,-9233.873814130478,-33963.21647515845,314.0,-1,-1,-1.0
30041,30131,-19884.30240547566,28234.339760287752,295.0,-1,-1,-1.0
30042,30132,-17966.400827192574,37371.72419362678,92.0,-1,-1,-1.0
30043,30133,-22460.320307865764,-13186.672181091835,311.0,-1,-1,-1.0
30044,30134,12157.566306595916,16562.52750063662,499.0,-1,-1,-1.0
30045,30135,21411.60738702701,-11255.01417925328,183.0,-1,-1,-1.0
30046,30136,-14811.848233360151,15289.316902965336,387.0,-1,-1,-1.0
30047,30137,11560.8245509743,-38656.639356432126,440.0,-1,-1,-1.0
30048,30138,37344.4401040831,27994.084181911225,320.0,-1,-1,-1.0
30049,30139,-12500.590398702068,-9203.530168350022,414.0,-1,-1,-1.0
30050,30140,-21987.12180217495,36874.956148701545,403.0,-1,-1,-1.0
30051,30141,19739.83340964799,-16832.949861073896,423.0,-1,45,-1.0
30052,30142,-2964.933178007268,-10654.30145917424,279.0,-1,31,-1.0
30053,30143,36657.423920335,31691.283500433437,497.0,-1,-1,-1.0
30054,30144,36762.704120500246,-10038.80917597553,49.0,-1,-1,-1.0
30055,30145,12665.98488961698,-19394.043649681986,88.0,-1,-1,-1.0
30056,30146,-32735.19527677842,15726.65430984951,305.0,-1,-1,-1.0
30057,30147,-34679.59534275164,13413.128276376192,8.0,-1,24,-1.0
30058,30148,3607.267684424587,-14487.492183975965,83.0,-1,-1,-1.0
30059,30149,-32738.75153185867,19377.01755104446,130.0,-1,-1,-1.0
30060,30150,27765.89457890416,-28690.850485468636,478.0,-1,-1,-1.0
30061,30151,32576.001191808376,-7064.907591956187,198.0,-1,-1,-1.0
30062,30152,-29650.768961949798,3897.456321006517,208.0,-1,-1,-1.0
30063,30153,-23153.59370650156,-12570.237687183122,356.0,-1,-1,-1.0
30064,30154,-7729.93053643977,-15265.863679146056,29.0,-1,-1,-1.0
30065,30155,-38850.13848416328,27775.109932754145,288.0,-1,-1,-1.0
30066,30156,38379.89584095619,-31079.477253810343,4.0,-1,-1,-1.0
30067,30157,-31485.63705626373,-29756.66529963036,193.0,-1,-1,-1.0
30068,30158,-24615.19637306553,12996.086978490865,128.0,-1,-1,-1.0
30069,30159,38826.45316351844,-36909.771384789405,264.0,-1,21,-1.0
30070,30160,25889.13238384793,39578.40244335338,128.0,-1,-1,-1.0
30071,30161,-17540.11867688747,-984.317283259501,161.0,-1,43,-1.0
30072,30162,4165.430324982372,7456.196556332092,208.0,-1,-1,-1.0
30073,30163,33563.044097568534,-3041.7388455601613,361.0,-1,-1,-1.0
30074,30164,-15771.34344371345,3082.8746983820383,45.0,-1,-1,-1.0
30075,30165,-15330.32394977969,-35309.4007357935,462.0,-1,-1,-1.0
30076,30166,-39738.98224646178,-23322.40921686988,288.0,-1,-1,-1.0
30077,30167,-38268.13527749265,25652.288750362684,455.0,-1,23,-1.0
30078,30168,-18542.684554594667,-11590.68461247454,483.0,-1,-1,-1.0
30079,30169,29948.800338561792,-14597.614758884774,415.0,-1,-1,-1.0
30080,30170,38460.438156561606,9630.351577779593,419.0,-1,-1,-1.0
30081,30171,-33027.93399209726,-14571.8968667658,262.0,-1,-1,-1.0
30082,30172,6834.231569336727,-3196.242936536102,245.0,-1,-1,-1.0
30083,30173,21869.32591069465,34098.70061830338,161.0,-1,30,-1.0
30084,30174,-32847.23386943453,8916.890741715055,72.0,-1,-1,-1.0
30085,30175,20365.355321831677,-12544.60344005394,93.0,-1,-1,-1.0
30086,30176,36570.660284342885,20229.484786161505,201.0,-1,28,-1.0
30087,30177,20051.11094451336,14747.948702942207,448.0,-1,-1,-1.0
30088,30178,5335.652940376713,38144.17638527352,80.0,-1,-1,-1.0
30089,30179,-1733.966895161313,-38766.11796300687,252.0,-1,-1,-1.0
30090,30180,-33022.44625581886,26937.78816775742,385.0,-1,-1,-1.0
30091,30181,-3151.340131218916,-23138.880792142187,134.0,-1,-1,-1.0
30092,30182,25649.922043880917,16849.487250953316,460.0,-1,-1,-1.0
30093,30183,20035.67509790753,28540.281688954667,206.0,-1,30,-1.0
30094,30184,-34174.28241015852,31041.401121545307,432.0,-1,6,-1.0
30095,30185,-30697.64692996659,3849.431887035811,196.0,-1,29,-1.0
30096,30186,-26110.958142048134,25016.250171025284,92.0,-1,48,-1.0
30097,30187,-22019.30250408094,-27398.458293930875,247.0,-1,-1,-1.0
30098,30188,33008.68311076256,561.0197058698031,373.0,-1,-1,-1.0
30099,30189,-528.6417248765283,6183.211853164277,158.0,-1,27,-1.0
30100,30190,-1514.2451311835248,10173.093320166745,380.0,-1,-1,-1.0
30101,30191,-19685.37929354712,-39807.18397345892,107.0,-1,-1,-1.0
30102,30192,-11775.315119230903,827.2850282462241,228.0,-1,-1,-1.0
30103,30193,-10802.613465039598,6959.3356725825,52.0,-1,-1,-1.0
30104,30194,24088.206690468352,-10071.41635039966,157.0,-1,-1,-1.0
30105,30195,-31112.92699436218,-22116.928621694187,345.0,-1,39,45.0
30106,30196,22277.021264719544,-29441.69576486809,350.0,-1,-1,-1.0
30107,30197,-9999.853900680184,32170.759423376046,477.0,-1,-1,-1.0
30108,30198,21296.880231286494,-39256.36033424006,389.0,-1,-1,-1.0
30109,30199,-31981.56204402809,-13898.838589511475,315.0,-1,-1,-1.0
30110,30200,18472.064830219075,21672.45218114622,51.0,-1,18,-1.0
30111,30201,-17304.193687993513,-7837.484456214635,125.0,-1,43,-1.0
30112,30202,-24348.42229441755,-39990.62853453023,372.0,-1,-1,-1.0
30113,30203,9543.899501162938,-7633.516557803989,3.0,-1,-1,-1.0
30114,30204,-6109.642152596971,-577.6941731608022,489.0,-1,-1,-1.0
30115,30205,15769.717867509797,-39060.71710556896,444.0,-1,-1,-1.0
30116,30206,38755.2408140608,34827.94407800719,252.0,-1,-1,-1.0
30117,30207,-38464.37291188241,23571.02884136353,55.0,-1,-1,-1.0
30118,30208,38669.94591000091,18009.197671272705,133.0,-1,-1,-1.0
30119,30209,-32887.06163017645,-20042.07808391351,60.0,-1,-1,-1.0
30120,30210,-13838.2518341996,21770.469450474506,364.0,-1,-1,-1.0
30121,30211,-19829.630530718507,-15246.228422395758,371.0,-1,42,-1.0
30122,30212,-14112.03540028441,-30932.51792934745,268.0,-1,36,-1.0
30123,30213,-3028.627179343596,-14758.403534061825,387.0,-1,31,35.0
30124,30214,-16463.560740511624,-9322.670731487018,195.0,-1,43,-1.0
30125,30215,-14915.705873142297,-15720.87646248109,18.0,-1,-1,-1.0
30126,30216,-3743.05129122024,-73.2624804107545,22.0,-1,-1,-1.0
30127,30217,-8267.530239267078,18426.34633809044,151.0,-1,-1,-1.0
30128,30218,-2864.0459863477954,15687.52378222344,303.0,-1,-1,-1.0
30129,30219,-22559.3847867819,-32434.81517199707,484.0,-1,-1,-1.0
30130,30220,16416.553947699947,-12334.654793210742,106.0,-1,-1,-1.0
30131,30221,24969.10018150948,24323.806377772715,446.0,-1,18,-1.0
30132,30222,6277.448694535313,-31668.77177966266,47.0,-1,-1,-1.0
30133,30223,-37205.12662980151,30977.0162492416,22.0,-1,-1,-1.0
30134,30224,36899.88929133647,34295.43435184007,23.0,-1,10,-1.0
30135,30225,4324.803517723674,-4425.88246796836,434.0,-1,-1,-1.0
30136,30226,-26125.12481816788,-37367.14866866959,81.0,-1,-1,-1.0
30137,30227,21243.160395668805,18723.46455671493,230.0,-1,18,-1.0
30138,30228,-15892.327066267448,-15682.149059517698,138.0,-1,-1,-1.0
30139,30229,-10113.806722062862,13022.313620540355,440.0,-1,27,-1.0
30140,30230,3283.0137834704656,36934.03822868527,366.0,-1,-1,-1.0
30141,30231,-1706.65535929241,12079.470908010757,288.0,-1,-1,-1.0
30142,30232,-10755.96380409646,-31585.63315709741,361.0,-1,-1,-1.0
30143,30233,-18440.06352525056,27922.09593448997,171.0,-1,48,59.0
30144,30234,12014.876703320042,31010.06933019453,38.0,-1,-1,-1.0
30145,30235,-9807.331486014678,-37681.99485838397,412.0,-1,-1,-1.0
30146,30236,34161.37873859101,-23023.883334346992,113.0,-1,-1,-1.0
30147,30237,10115.490739222136,18686.736327399354,427.0,-1,-1,-1.0
30148,30238,-30713.81733656045,-22678.9811505836,128.0,-1,39,-1.0
30149,30239,-26748.85467596587,-31907.84705826333,418.0,-1,-1,-1.0
30150,30240,27804.546584976702,29197.055283398804,256.0,-1,-1,-1.0
30151,30241,24024.06298951755,-20402.98747657528,38.0,-1,-1,-1.0
30152,30242,-30834.7026617949,-25110.9066015462,162.0,-1,39,-1.0
30153,30243,5322.87385832431,29893.663595761434,5.0,-1,48,-1.0
30154,30244,-24129.04221207437,18082.002425625564,44.0,-1,-1,-1.0
30155,30245,-8445.926850839696,-1582.5423578524424,76.0,-1,-1,-1.0
30156,30246,31704.64700673851,12794.446780894184,389.0,-1,28,-1.0
30157,30247,34368.64287989642,32545.889769680216,31.0,-1,-1,-1.0
30158,30248,-3914.768855592818,-12531.282226728006,483.0,-1,31,-1.0
30159,30249,14015.827760470136,-18245.57082171733,23.0,-1,-1,-1.0
30160,30250,-32876.88365571868,15170.839853653895,191.0,-1,24,-1.0
30161,30251,-23538.970110913797,11515.86262756562,119.0,-1,-1,-1.0
30162,30252,-23379.4905752407,7320.110310449425,303.0,-1,-1,-1.0
30163,30253,33924.28756665815,-28918.12715676596,319.0,-1,-1,-1.0
30164,30254,-2701.1446480171508,-32356.23852055253,7.0,-1,-1,-1.0
30165,30255,8853.446669358658,-29646.83038693421,183.0,-1,-1,-1.0
30166,30256,-36364.577172882,-8472.805020335476,33.0,-1,32,38.0
30167,30257,-35681.831629550186,-19008.784643041006,173.0,-1,-1,-1.0
30168,30258,-2532.3827283848004,37088.10007233583,387.0,-1,48,-1.0
30169,30259,6177.63915762402,-21686.771590048174,270.0,-1,-1,-1.0
30170,30260,2970.742905767911,-24573.49370309359,115.0,-1,-1,-1.0
30171,30261,-6421.869153252796,10279.869766850592,212.0,-1,-1,-1.0
30172,30262,29662.16267028289,-24930.62366652589,139.0,-1,45,-1.0
30173,30263,-9168.583144005184,17565.193686287203,153.0,-1,-1,-1.0
30174,30264,15543.485459262782,-21381.8307751659,216.0,-1,-1,-1.0
30175,30265,4422.814145850491,29238.91434953462,279.0,-1,48,-1.0
30176,30266,31046.42538711746,-18948.27262841273,442.0,-1,-1,-1.0
30177,30267,-14475.734400629142,1445.2252969784604,360.0,-1,-1,-1.0
30178,30268,-9406.43961845594,-5870.909404371378,429.0,-1,-1,-1.0
30179,30269,33950.63670889757,13816.132907263302,400.0,-1,28,-1.0
30180,30270,-37242.27400697421,3422.9848742466493,379.0,-1,-1,-1.0
30181,30271,-1404.287317435199,-17461.872538565323,307.0,-1,31,35.0
30182,30272,28121.67834400214,36109.16396669166,403.0,-1,-1,-1.0
30183,30273,28651.092202966625,-29124.818304059,119.0,-1,-1,-1.0
30184,30274,-12853.124791454647,-24551.428072693707,429.0,-1,-1,-1.0
30185,30275,-28624.946421156856,14697.34667544726,108.0,-1,-1,-1.0
30186,30276,35126.190495710296,29064.628844868275,257.0,-1,-1,-1.0
30187,30277,-38299.74148701537,39558.27074826446,85.0,-1,-1,-1.0
30188,30278,30511.64849113184,-16413.527401532378,426.0,-1,-1,-1.0
30189,30279,-21672.64184255384,18119.58148436844,351.0,-1,-1,-1.0
30190,30280,4329.327596014875,2885.9451260071364,181.0,-1,14,-1.0
30191,30281,-13737.93055762172,30842.40633664622,443.0,-1,-1,-1.0
30192,30282,31621.124455475077,25327.06718496936,210.0,-1,-1,-1.0
30193,30283,4873.139188408488,10761.815619920131,274.0,-1,-1,-1.0
30194,30284,-9514.90359867135,-11800.277052962258,50.0,-1,-1,-1.0
30195,30285,-28823.563179671582,14940.35729414085,496.0,-1,-1,-1.0
30196,30286,-275.8349592407685,-7220.018310751817,330.0,-1,31,-1.0
30197,30287,2650.654597769819,39301.81450194273,53.0,-1,-1,-1.0
30198,30288,-22399.57970919588,-34071.82659621171,378.0,-1,-1,-1.0
30199,30289,-25749.170256331054,35492.68423831572,85.0,-1,-1,-1.0
30200,30290,34053.57539474883,34223.71579358801,197.0,-1,-1,-1.0
30201,30291,28234.1087782893,-27884.86139350046,483.0,-1,-1,-1.0
30202,30292,26767.46787781308,22180.58238707673,439.0,-1,-1,-1.0
30203,30293,20957.31395509406,7462.728539907024,161.0,-1,16,-1.0
30204,30294,18294.161180567884,8716.888068864391,447.0,-1,-1,-1.0
30205,30295,-26614.52165672843,18644.962154624503,482.0,-1,-1,-1.0
30206,30296,-30737.77085307644,2847.1141319364324,240.0,-1,29,-1.0
30207,30297,-5209.8909376533775,215.39197588548268,498.0,-1,27,-1.0
30208,30298,15133.31818847658,-15561.31823402924,59.0,-1,-1,-1.0
30209,30299,-36280.3573614253,-25455.29870610327,230.0,-1,-1,-1.0
30210,30300,34257.9782918041,-37776.9684991074,227.0,-1,-1,-1.0
30211,30301,-10625.13105626464,30930.15503370903,495.0,-1,-1,-1.0
30212,30302,14471.906056870088,-33139.93637995119,232.0,-1,-1,-1.0
30213,30303,31083.95210757175,-23105.34395417779,384.0,-1,45,-1.0
30214,30304,-4295.852071525791,8340.414125465635,97.0,-1,-1,-1.0
30215,30305,-10891.393319515482,35571.23134412168,118.0,-1,48,-1.0
30216,30306,-32380.474969107683,5106.6202837612655,20.0,-1,-1,-1.0
30217,30307,33927.63518253468,-22172.322245553656,57.0,-1,-1,-1.0
30218,30308,-10054.032184186275,10457.650461164842,244.0,-1,-1,-1.0
30219,30309,22085.99340313988,-38943.786346894914,235.0,-1,-1,-1.0
30220,30310,-1812.3045581767076,6931.8238911041335,204.0,-1,27,-1.0
30221,30311,824.4855406893912,13677.913187108308,33.0,-1,-1,-1.0
30222,30312,34595.03276011757,11359.450025608488,263.0,-1,28,-1.0
30223,30313,26578.61522624125,-18477.574623182794,430.0,-1,45,-1.0
30224,30314,20502.28655223243,10657.591562655136,265.0,-1,16,-1.0
30225,30315,-28587.70106563471,-2265.3664243581807,14.0,-1,41,-1.0
30226,30316,-16198.394489499507,-20678.32126830289,358.0,-1,-1,-1.0
30227,30317,7671.975043003316,-16208.636189309873,340.0,-1,-1,-1.0
30228,30318,24100.364564628777,-8961.416919454743,31.0,-1,-1,-1.0
30229,30319,-24468.104699660104,-27568.775690681883,329.0,-1,38,-1.0
30230,30320,22695.89381500385,37964.54461106827,285.0,-1,-1,-1.0
30231,30321,-5824.391353253355,18066.41975379418,364.0,-1,-1,-1.0
30232,30322,-17367.77606086262,28581.58115122399,398.0,-1,48,61.0
30233,30323,-34011.42102149151,39156.8498952981,224.0,-1,5,-1.0
30234,30324,8292.138964640646,1827.01958738744,467.0,-1,-1,-1.0
30235,30325,-10455.017011687352,-4193.690725226348,135.0,-1,-1,-1.0
30236,30326,-5120.495395873048,19132.291546296878,194.0,-1,-1,-1.0
30237,30327,19918.79170283232,20078.981931382037,397.0,-1,18,-1.0
30238,30328,27108.05398652476,-20181.95319058668,200.0,-1,45,-1.0
30239,30329,12998.680642762112,15363.73996782286,162.0,-1,-1,-1.0
30240,30330,29272.80363118196,29629.702998913825,239.0,-1,-1,-1.0
30241,30331,-21158.05624690957,25393.75008255623,131.0,-1,-1,-1.0
30242,30332,-6626.772690082173,-33168.429978069114,101.0,-1,35,-1.0
30243,30333,15530.81710742705,-22033.912185806395,305.0,-1,-1,-1.0
30244,30334,-999.2103320233072,-26061.77722419853,409.0,-1,25,-1.0
30245,30335,-4036.2581411331694,32902.910228762266,487.0,-1,-1,-1.0
30246,30336,9227.02367121626,-10785.221063848978,414.0,-1,-1,-1.0
30247,30337,34454.245198029006,24758.258781769266,286.0,-1,-1,-1.0
30248,30338,-3271.05752819965,-38322.238459125845,206.0,-1,-1,-1.0
30249,30339,-21834.12816606719,31480.11411659709,29.0,-1,-1,-1.0
30250,30340,-30965.201264863965,-31482.11746169416,289.0,-1,-1,-1.0
30251,30341,27668.76905666752,20848.292007692187,232.0,-1,-1,-1.0
30252,30342,-13036.78127810018,23706.901642849043,243.0,-1,-1,-1.0
30253,30343,-13120.381555099688,-18046.773370610797,474.0,-1,-1,-1.0
30254,30344,-14062.913467801043,-26.370418313134,375.0,-1,-1,-1.0
30255,30345,-37287.9538773952,-13469.373114367429,84.0,-1,-1,-1.0
30256,30346,-39147.98192554066,35991.94643163671,310.0,-1,-1,-1.0
30257,30347,20810.04886470824,16024.815112971068,451.0,-1,18,-1.0
30258,30348,12885.456045456362,6164.910235653188,269.0,-1,-1,-1.0
30259,30349,2207.1454214738114,-34895.677777267105,402.0,-1,1,-1.0
30260,30350,10740.31940099958,-20247.302860302632,263.0,-1,-1,-1.0
30261,30351,17358.710646546053,33260.03118317391,81.0,-1,-1,-1.0
30262,30352,17160.449447714025,-33882.30470154972,468.0,-1,-1,-1.0
30263,30353,-29526.242130324896,18718.459744156145,457.0,-1,40,-1.0
30264,30354,28561.500458050054,47.53172715131223,428.0,-1,-1,-1.0
30265,30355,17059.250608720708,-7627.203396368226,359.0,-1,-1,-1.0
30266,30356,-38064.89930202101,-29267.89210763093,248.0,-1,20,-1.0
30267,30357,20371.86229690316,8269.102315873148,302.0,-1,-1,-1.0
30268,30358,20112.88759719851,20386.959051999293,393.0,-1,18,-1.0
30269,30359,-33077.7649208952,-36842.04417240776,368.0,-1,-1,-1.0
30270,30360,35286.2844595842,-10989.363393126405,489.0,-1,-1,-1.0
30271,30361,25689.9165265928,20354.8885379271,131.0,-1,18,-1.0
30272,30362,-7439.940961008757,-11368.916082744934,335.0,-1,31,-1.0
30273,30363,-11315.23074211213,-27745.482576811955,123.0,-1,17,-1.0
30274,30364,-24663.58764309217,35647.051374871706,389.0,-1,-1,-1.0
30275,30365,-35484.21944990726,37503.00128971333,283.0,-1,5,6.0
30276,30366,-33224.64623319095,-17262.700986451182,0.0,-1,-1,-1.0
30277,30367,4066.7286473925415,-26451.536522229624,343.0,-1,-1,-1.0
30278,30368,25752.81285420114,2421.419776463088,339.0,-1,-1,-1.0
30279,30369,-15348.270603417954,16349.038606843998,93.0,-1,-1,-1.0
30280,30370,-18397.97891218189,-38210.63807416074,141.0,-1,-1,-1.0
30281,30371,-12714.465859378664,-6282.322247095501,159.0,-1,-1,-1.0
30282,30372,-15957.107332489028,-21380.477392238976,29.0,-1,-1,-1.0
30283,30373,-12492.412435342234,-8676.934903969188,12.0,-1,-1,-1.0
30284,30374,-4291.502123979022,-19605.64458334425,267.0,-1,7,-1.0
30285,30375,-23261.182923863347,3869.134161574082,413.0,-1,-1,-1.0
30286,30376,-35427.84019258971,-31014.65856013086,249.0,-1,-1,-1.0
30287,30377,31868.45699688827,34396.205914463746,252.0,-1,-1,-1.0
30288,30378,31978.171039674824,36656.37050467203,251.0,-1,-1,-1.0
30289,30379,-456.1373252163103,5225.456385152531,173.0,-1,27,-1.0
30290,30380,-37471.65236689811,-20325.199722000776,23.0,-1,-1,-1.0
30291,30381,708.579775213846,35207.19241196125,272.0,-1,-1,-1.0
30292,30382,20924.54765800917,-25013.562463097616,108.0,-1,-1,-1.0
30293,30383,1436.631670192517,8909.390140327632,469.0,-1,27,-1.0
30294,30384,7669.707774229661,-23966.1513405576,16.0,-1,-1,-1.0
30295,30385,16520.39569317292,13229.541435506357,51.0,-1,-1,-1.0
30296,30386,-29358.427986606388,-4149.820770487771,0.0,-1,41,-1.0
30297,30387,-25793.16287879853,-3046.9787026897247,150.0,-1,-1,-1.0
30298,30388,28903.31168775749,-10976.904338711664,137.0,-1,-1,-1.0
30299,30389,-19142.706546802463,24410.032291806187,368.0,-1,-1,-1.0
30300,30390,18880.021661071725,26075.606745177167,398.0,-1,-1,-1.0
30301,30391,23066.675407002494,11450.01909028359,448.0,-1,16,-1.0
30302,30392,-14465.476736368742,-5228.874934358217,425.0,-1,-1,-1.0
30303,30393,9786.173392669169,5999.9586768184745,438.0,-1,2,-1.0
30304,30394,29288.27921757687,33460.87407084339,79.0,-1,-1,-1.0
30305,30395,-18899.549533761205,-13484.047112456296,476.0,-1,42,-1.0
30306,30396,18939.956096695336,15475.077885715407,83.0,-1,18,-1.0
30307,30397,35175.23085547892,-33585.84824455302,421.0,-1,-1,-1.0
30308,30398,-23061.97747065156,14031.537729581103,432.0,-1,-1,-1.0
30309,30399,9875.0185203082,25759.060197130908,97.0,-1,-1,-1.0
30310,30400,4550.960632462513,35668.91398499308,137.0,-1,-1,-1.0
30311,30401,-38104.581910206965,37651.10423111505,295.0,-1,-1,-1.0
30312,30402,-10785.847814894949,-35784.24358150658,314.0,-1,-1,-1.0
30313,30403,-15804.670270110098,-11619.394547848617,2.0,-1,-1,-1.0
30314,30404,-31809.72933085593,-23969.777758676588,95.0,-1,-1,-1.0
30315,30405,31060.96338727622,39159.00506332815,327.0,-1,-1,-1.0
30316,30406,26873.052343573305,10994.941217906584,113.0,-1,15,-1.0
30317,30407,-3666.93959478983,-38155.16099347771,475.0,-1,-1,-1.0
30318,30408,3785.0253121021087,-16182.455336171832,250.0,-1,31,-1.0
30319,30409,9369.507521128682,-22419.76364040652,440.0,-1,-1,-1.0
30320,30410,-32125.9945073861,3148.8854596566744,319.0,-1,-1,-1.0
30321,30411,2788.870283566932,-39277.90796431663,335.0,-1,-1,-1.0
30322,30412,-22053.92975266755,-2164.570742835167,391.0,-1,43,-1.0
30323,30413,-30123.781018084355,-31027.10490219377,68.0,-1,-1,-1.0
30324,30414,15759.60421919798,-28391.785660227222,441.0,-1,-1,-1.0
30325,30415,-27078.208212525264,-2264.5050921333896,293.0,-1,41,-1.0
30326,30416,26979.969263689894,27166.479395246817,340.0,-1,-1,-1.0
30327,30417,22850.48808980531,22165.027809183037,104.0,-1,-1,-1.0
30328,30418,-33342.56071158902,-17915.357243200488,288.0,-1,-1,-1.0
30329,30419,-33183.19171752848,-35532.61712669391,245.0,-1,19,-1.0
30330,30420,31932.44904156392,14687.447428896048,360.0,-1,-1,-1.0
30331,30421,37807.26633227688,15908.09495570026,90.0,-1,-1,-1.0
30332,30422,-19079.995359538407,7104.826890059296,388.0,-1,-1,-1.0
30333,30423,25332.44042190452,37898.04135018747,401.0,-1,30,-1.0
30334,30424,-9985.711244040212,-2750.585157595371,78.0,-1,-1,-1.0
30335,30425,21081.573982972383,-26450.30316190466,96.0,-1,-1,-1.0
30336,30426,-26482.276221273474,-26045.632898811305,235.0,-1,-1,-1.0
30337,30427,34372.82660275244,-13597.26700887964,337.0,-1,-1,-1.0
30338,30428,7075.856374557377,4724.707123564112,27.0,-1,-1,-1.0
30339,30429,-19766.10003871433,9712.122431657845,48.0,-1,-1,-1.0
30340,30430,29196.779037456363,-16301.82582117981,37.0,-1,-1,-1.0
30341,30431,-31324.73561546866,13204.411701392077,47.0,-1,-1,-1.0
30342,30432,-18346.48410650691,-31392.14883411623,359.0,-1,-1,-1.0
30343,30433,35307.89807723033,-6269.579225184563,66.0,-1,-1,-1.0
30344,30434,9425.98698570262,30150.08051822412,28.0,-1,-1,-1.0
30345,30435,10251.243435655952,-13203.03501427478,138.0,-1,-1,-1.0
30346,30436,-32033.71134353138,-831.523807021309,199.0,-1,-1,-1.0
30347,30437,15744.24350057912,24819.31997642926,442.0,-1,9,-1.0
30348,30438,-17770.012141991087,12730.44670091816,135.0,-1,-1,-1.0
30349,30439,-39252.30165512124,-14097.927250388464,286.0,-1,-1,-1.0
30350,30440,8800.495811104287,29077.95091552235,437.0,-1,48,-1.0
30351,30441,-18870.594147911343,2408.748731595675,479.0,-1,-1,-1.0
30352,30442,5107.59682850635,-32692.914404176478,257.0,-1,1,-1.0
30353,30443,32163.72789065582,26311.062340814737,280.0,-1,-1,-1.0
30354,30444,-4670.554079591355,-20496.503368527305,90.0,-1,7,-1.0
30355,30445,10785.800666469062,34390.155866697445,4.0,-1,-1,-1.0
30356,30446,-19320.951741445977,-19439.404479862824,266.0,-1,-1,-1.0
30357,30447,-14445.268920858369,10736.989433474722,245.0,-1,-1,-1.0
30358,30448,1707.6937717749606,-39002.98318776356,325.0,-1,1,-1.0
30359,30449,-18481.580763028003,10349.773764382204,99.0,-1,-1,-1.0
30360,30450,8515.772712250298,8056.245417676822,167.0,-1,-1,-1.0
30361,30451,22745.18200258589,32943.83037195045,442.0,-1,-1,-1.0
30362,30452,-23961.18244351609,34277.797702685915,498.0,-1,-1,-1.0
30363,30453,11457.041161714207,-1147.5586686741226,445.0,-1,-1,-1.0
30364,30454,28156.205770209504,29638.301803794864,223.0,-1,-1,-1.0
30365,30455,6666.815600862807,2829.294280060516,57.0,-1,14,-1.0
30366,30456,247.73113046403887,23440.01556976796,481.0,-1,-1,-1.0
30367,30457,-24060.98915034673,5328.723229459931,382.0,-1,-1,-1.0
30368,30458,30936.94737882467,-12042.109860811615,81.0,-1,-1,-1.0
30369,30459,31092.079557006426,4156.515397932548,317.0,-1,-1,-1.0
30370,30460,5817.563494564092,16247.959443886444,303.0,-1,8,-1.0
30371,30461,10912.76270334582,12899.12502635271,90.0,-1,-1,-1.0
30372,30462,-6813.02784381972,-34580.70916896583,169.0,-1,35,-1.0
30373,30463,-39985.46594228029,16178.900399410471,456.0,-1,-1,-1.0
30374,30464,2878.494698298113,28086.968831794715,376.0,-1,48,56.0
30375,30465,34619.559420476755,-35411.47736453324,328.0,-1,21,-1.0
30376,30466,-5927.339922531224,-8087.2957154713185,102.0,-1,31,-1.0
30377,30467,33435.817978767795,38622.68687111318,133.0,-1,-1,-1.0
30378,30468,16870.56820624316,5818.181977972345,297.0,-1,2,-1.0
30379,30469,-2672.83677896508,-29650.939434153064,417.0,-1,-1,-1.0
30380,30470,37831.75733141418,26152.728802603426,2.0,-1,-1,-1.0
30381,30471,8713.424460050519,-32648.5044366734,8.0,-1,-1,-1.0
30382,30472,-14590.473160266556,-1255.2544451323774,60.0,-1,-1,-1.0
30383,30473,30017.316083547837,-18400.064237778704,135.0,-1,-1,-1.0
30384,30474,-12051.046272665848,-33969.30632035581,149.0,-1,-1,-1.0
30385,30475,-8626.207313374864,-19166.7946573154,180.0,-1,-1,-1.0
30386,30476,-18287.610122126967,14767.103117903986,308.0,-1,-1,-1.0
30387,30477,18686.735987104155,36215.40877609099,309.0,-1,30,-1.0
30388,30478,-23887.30415252552,-15816.379334987783,56.0,-1,-1,-1.0
30389,30479,-17467.830264354277,35953.33684622694,136.0,-1,-1,-1.0
30390,30480,26289.347062538232,25821.78525112015,165.0,-1,-1,-1.0
30391,30481,9431.956933083811,-8653.47054335718,479.0,-1,-1,-1.0
30392,30482,-14389.457772338545,31303.800037560213,185.0,-1,-1,-1.0
30393,30483,20368.81388379284,-16687.40533185762,17.0,-1,45,-1.0
30394,30484,-8978.933050650896,-10426.535327655083,57.0,-1,31,-1.0
30395,30485,26668.851289942337,15767.205587629098,78.0,-1,-1,-1.0
30396,30486,-34816.26287757077,-13240.10834661137,197.0,-1,32,38.0
30397,30487,32130.283897696518,13343.344775402358,344.0,-1,28,-1.0
30398,30488,13050.864414011434,321.6010056129089,453.0,-1,-1,-1.0
30399,30489,13900.01406709844,19931.5124918704,392.0,-1,-1,-1.0
30400,30490,26210.30272100501,18056.068593572207,310.0,-1,-1,-1.0
30401,30491,32026.996358256903,9619.66188816831,186.0,-1,-1,-1.0
30402,30492,19424.635101924752,25594.290270340323,173.0,-1,-1,-1.0
30403,30493,23039.356951166745,-22434.37029600661,222.0,-1,-1,-1.0
30404,30494,6926.62169105927,34020.794502790595,140.0,-1,-1,-1.0
30405,30495,10983.00831494204,-25144.402192591908,46.0,-1,-1,-1.0
30406,30496,-19868.131761779823,28726.17107095095,297.0,-1,48,-1.0
30407,30497,37595.27086991584,37317.44928615667,303.0,-1,-1,-1.0
30408,30498,-31372.25300884909,18976.96301634764,30.0,-1,-1,-1.0
30409,30499,-14327.683130834184,31906.24529943886,476.0,-1,-1,-1.0
30410,30500,-8775.792910613509,-34882.6026146717,391.0,-1,35,-1.0
30411,30501,16447.208971005428,-31646.815180125588,405.0,-1,-1,-1.0
30412,30502,-34379.32166236658,-25284.458035173084,340.0,-1,-1,-1.0
30413,30503,14915.010203939455,6086.626507239147,326.0,-1,-1,-1.0
30414,30504,-6487.81968729075,30709.22422215632,462.0,-1,-1,-1.0
30415,30505,-9407.990992342777,-37444.34948206961,68.0,-1,-1,-1.0
30416,30506,39128.39501210881,4043.7853830402455,0.0,-1,-1,-1.0
30417,30507,-13469.180584482983,37027.26383254632,40.0,-1,-1,-1.0
30418,30508,20267.431379474867,-12660.75597547708,117.0,-1,-1,-1.0
30419,30509,-13797.98605549979,-3635.980082030212,174.0,-1,-1,-1.0
30420,30510,7115.870984843903,-10330.775879260986,187.0,-1,-1,-1.0
30421,30511,3741.414420005276,-16715.893555692674,349.0,-1,31,-1.0
30422,30512,17584.446620185307,-25102.179162746223,230.0,-1,-1,-1.0
30423,30513,3974.559663796441,-17792.933180201224,335.0,-1,31,-1.0
30424,30514,-15587.634581459282,-26047.174489126963,330.0,-1,-1,-1.0
30425,30515,19623.35832273787,-27305.00845110605,54.0,-1,-1,-1.0
30426,30516,-33442.44692725694,-17839.389815875507,334.0,-1,-1,-1.0
30427,30517,-325.9340111765196,-21004.68415580868,140.0,-1,31,-1.0
30428,30518,17432.297631564063,31070.774258906637,30.0,-1,-1,-1.0
30429,30519,-16155.80763933287,10950.691267856928,308.0,-1,-1,-1.0
30430,30520,-36182.08100384015,20761.019880051128,216.0,-1,23,-1.0
30431,30521,31441.322528475488,3235.947435967675,67.0,-1,-1,-1.0
30432,30522,12202.977179229252,-38171.18721732382,292.0,-1,4,-1.0
30433,30523,5482.573718241212,-8104.762915200354,145.0,-1,-1,-1.0
30434,30524,-33711.587299034545,-19836.71734209879,359.0,-1,-1,-1.0
30435,30525,13926.290006278796,474.8031749805523,204.0,-1,-1,-1.0
30436,30526,-14736.41924479371,37835.22789364531,200.0,-1,-1,-1.0
30437,30527,904.601795640374,-14658.709249628926,332.0,-1,31,35.0
30438,30528,-3980.406752988085,-39749.93175053421,151.0,-1,-1,-1.0
30439,30529,31388.413088049725,9496.828979130907,58.0,-1,-1,-1.0
30440,30530,34839.41544279539,-35372.11980460389,114.0,-1,-1,-1.0
30441,30531,-10383.426175382829,-36554.52302028865,426.0,-1,36,-1.0
30442,30532,-21321.497501277085,30707.08086893716,174.0,-1,-1,-1.0
30443,30533,34952.580982156986,5817.991761651123,105.0,-1,28,-1.0
30444,30534,-35030.87878015214,35770.73580301991,367.0,-1,-1,-1.0
30445,30535,-38408.1854369234,17659.063088675946,239.0,-1,-1,-1.0
30446,30536,32720.912907672435,-31029.46061768802,496.0,-1,-1,-1.0
30447,30537,17965.63546696439,-34176.63137716688,488.0,-1,-1,-1.0
30448,30538,1732.723977234113,14082.995794192037,8.0,-1,8,-1.0
30449,30539,-24851.196676372005,6665.33434393059,381.0,-1,-1,-1.0
30450,30540,-35737.95405046137,-35168.68801784279,86.0,-1,19,-1.0
30451,30541,-19697.095805409597,-12925.609346270146,330.0,-1,-1,-1.0
30452,30542,34230.99712975735,34518.90059038026,322.0,-1,-1,-1.0
30453,30543,-8834.440288092155,11580.183396373795,345.0,-1,27,-1.0
30454,30544,20576.939202995745,29785.81190904387,336.0,-1,30,-1.0
30455,30545,23421.60197556293,-11335.039742250645,71.0,-1,-1,-1.0
30456,30546,18542.965130695848,34816.01087698656,37.0,-1,30,-1.0
30457,30547,35236.3530756509,-7587.024112150011,304.0,-1,33,-1.0
30458,30548,-14119.750357783165,4271.180135527182,236.0,-1,-1,-1.0
30459,30549,-5730.084027006611,-30296.46258813831,103.0,-1,-1,-1.0
30460,30550,-8879.654197891701,25608.173870789225,4.0,-1,-1,-1.0
30461,30551,-923.3218961043896,-22671.738391951432,87.0,-1,-1,-1.0
30462,30552,5373.387323686678,6778.379066807807,173.0,-1,-1,-1.0
30463,30553,35484.3544328392,1732.6001134540784,335.0,-1,28,-1.0
30464,30554,-19738.963633521013,-15238.62110832467,470.0,-1,42,-1.0
30465,30555,17905.055905777168,-32928.4593006317,159.0,-1,-1,-1.0
30466,30556,24297.68489064848,4746.670850753566,420.0,-1,-1,-1.0
30467,30557,-10358.783973083217,-5112.969293901493,210.0,-1,-1,-1.0
30468,30558,34789.01867402294,-419.22192603949225,265.0,-1,-1,-1.0
30469,30559,-12955.591764779212,-21312.251301358592,24.0,-1,-1,-1.0
30470,30560,25403.422065037164,9753.118644599686,460.0,-1,15,-1.0
30471,30561,-5988.813334093546,33748.328378345046,355.0,-1,-1,-1.0
30472,30562,-11652.0678137847,31924.560092316548,68.0,-1,48,-1.0
30473,30563,-4147.645244646599,-15739.63481371223,193.0,-1,31,-1.0
30474,30564,-39841.68730487717,3202.0868503855163,481.0,-1,-1,-1.0
30475,30565,-13222.332628982307,-31679.44163826492,172.0,-1,36,-1.0
30476,30566,1264.1667269564714,19694.915603733723,375.0,-1,46,-1.0
30477,30567,-28942.261277925176,-24180.977134043493,298.0,-1,-1,-1.0
30478,30568,23565.062593133545,13253.49340644545,351.0,-1,-1,-1.0
30479,30569,18372.96996316745,36388.79985030327,43.0,-1,-1,-1.0
30480,30570,28439.736855240877,-14970.35690416415,242.0,-1,-1,-1.0
30481,30571,-1220.2365272332318,-757.1283671739948,472.0,-1,22,-1.0
30482,30572,39337.71706913959,-18819.126160773187,69.0,-1,-1,-1.0
30483,30573,12126.299038668389,34524.9753708293,498.0,-1,-1,-1.0
30484,30574,4245.473982790783,-10490.91332640682,399.0,-1,31,-1.0
30485,30575,15372.963487596302,926.6647502146589,368.0,-1,-1,-1.0
30486,30576,2822.135304179857,3674.012035609012,280.0,-1,14,-1.0
30487,30577,-23829.91215871642,-28288.622394714614,170.0,-1,-1,-1.0
30488,30578,28282.38660145158,7539.896692997427,241.0,-1,15,-1.0
30489,30579,20695.423415205863,8843.954711051752,149.0,-1,-1,-1.0
30490,30580,-19612.80363708328,2485.9125377179957,60.0,-1,-1,-1.0
30491,30581,30331.96730253927,-20867.397256924232,338.0,-1,45,-1.0
30492,30582,-24036.893029442108,25173.69758491536,246.0,-1,48,59.0
30493,30583,-38347.35317808051,-33723.3346106232,165.0,-1,-1,-1.0
30494,30584,-8272.446963026629,37846.25338355913,426.0,-1,48,60.0
30495,30585,36684.75128457665,7401.590694243161,176.0,-1,28,-1.0
30496,30586,25541.28538474432,9545.174687563253,197.0,-1,15,-1.0
30497,30587,3539.220746611223,-32521.345988580804,43.0,-1,1,-1.0
30498,30588,6573.886543425462,35119.009084218764,309.0,-1,-1,-1.0
30499,30589,-22160.57481829645,-2334.2046177340235,197.0,-1,43,-1.0
30500,30590,24060.557389036585,-9531.935490031456,93.0,-1,-1,-1.0
30501,30591,-17056.33176671445,-39229.71179474299,362.0,-1,-1,-1.0
30502,30592,8214.236804346321,-5374.056731873323,346.0,-1,-1,-1.0
30503,30593,9842.75770868879,34705.00036528318,307.0,-1,-1,-1.0
30504,30594,30873.61095776332,-7440.172699690964,247.0,-1,33,-1.0
30505,30595,-12329.59684054297,19547.03479478044,145.0,-1,-1,-1.0
30506,30596,35338.36291927214,980.0667731672148,167.0,-1,28,-1.0
30507,30597,-20248.19477597308,-36556.09212218928,111.0,-1,-1,-1.0
30508,30598,37331.78347492567,2868.877493617176,203.0,-1,28,-1.0
30509,30599,19922.82719535276,-17629.11710156544,112.0,-1,-1,-1.0
30510,30600,28222.161250167337,3913.21824424871,37.0,-1,-1,-1.0
30511,30601,12064.2421356719,-35459.18836933519,342.0,-1,4,-1.0
30512,30602,5754.163221264964,30946.867654146303,42.0,-1,48,-1.0
30513,30603,21722.2142993818,-2268.387050510959,273.0,-1,-1,-1.0
30514,30604,-33711.98309115142,-25611.981827624622,497.0,-1,-1,-1.0
30515,30605,2715.8999712967343,-935.6724851734398,479.0,-1,-1,-1.0
30516,30606,-16147.338867554045,39877.978970877055,198.0,-1,-1,-1.0
30517,30607,35431.68422541319,27853.27381014786,489.0,-1,10,-1.0
30518,30608,37372.90818554328,10849.597673362909,297.0,-1,28,-1.0
30519,30609,-35810.80684622309,23473.303237148648,408.0,-1,-1,-1.0
30520,30610,-32660.265683280904,37604.5367330571,154.0,-1,-1,-1.0
30521,30611,-14636.074072410858,16634.921483960963,279.0,-1,-1,-1.0
30522,30612,-27930.050974549114,-3685.5184693209376,69.0,-1,41,-1.0
30523,30613,-4753.118103079316,4196.846030709363,463.0,-1,27,-1.0
30524,30614,-14739.162311654727,-7945.602657042247,239.0,-1,-1,-1.0
30525,30615,-25991.45998557007,13241.811647471768,418.0,-1,-1,-1.0
30526,30616,-1199.1767204226635,7945.413519186302,19.0,-1,27,-1.0
30527,30617,-19508.131242027663,-34634.40918936479,303.0,-1,-1,-1.0
30528,30618,-23996.160560766784,-2296.427133950114,11.0,-1,41,-1.0
30529,30619,-3003.820561119596,38493.18197847407,460.0,-1,48,-1.0
30530,30620,-14223.730680912966,-26056.74659160246,258.0,-1,-1,-1.0
30531,30621,10675.726976429689,6711.119562602136,244.0,-1,2,-1.0
30532,30622,17794.40922519192,-9172.388731031013,142.0,-1,-1,-1.0
30533,30623,-5619.705736815027,6868.609089659134,27.0,-1,-1,-1.0
30534,30624,34493.21059766917,21044.15261953151,32.0,-1,-1,-1.0
30535,30625,-2479.2417259864305,35151.63761118047,200.0,-1,-1,-1.0
30536,30626,-30779.074993359245,-4430.672017171935,372.0,-1,41,47.0
30537,30627,23061.58025476098,37014.66654599037,120.0,-1,30,-1.0
30538,30628,-34976.782413844056,-35518.821390369085,487.0,-1,19,-1.0
30539,30629,-2057.8889796631047,-23639.83483834426,57.0,-1,-1,-1.0
30540,30630,-24795.69616811092,30444.15765224188,350.0,-1,-1,-1.0
30541,30631,20431.76517400017,14199.532690451097,268.0,-1,-1,-1.0
30542,30632,-7196.812991769613,29743.65663198984,408.0,-1,-1,-1.0
30543,30633,-21833.72808786995,-35383.717076097,146.0,-1,-1,-1.0
30544,30634,444.8855668609467,26701.827803263997,348.0,-1,48,-1.0
30545,30635,-25899.333562990032,-20194.16721380684,70.0,-1,-1,-1.0
30546,30636,29233.242216808736,20428.32964566064,453.0,-1,28,-1.0
30547,30637,2348.095788334569,29326.99129184424,180.0,-1,-1,-1.0
30548,30638,-13211.22271546254,32396.90079640264,21.0,-1,48,-1.0
30549,30639,20063.407125842445,24731.8527721116,323.0,-1,18,-1.0
30550,30640,24224.713567470186,-31716.29567198576,247.0,-1,-1,-1.0
30551,30641,-23719.807079383037,-20676.492645938368,352.0,-1,-1,-1.0
30552,30642,38241.91176861277,33914.04511968169,19.0,-1,10,-1.0
30553,30643,-19303.859958958656,31440.21607171971,473.0,-1,-1,-1.0
30554,30644,18542.198772614764,-984.9320750145052,374.0,-1,-1,-1.0
30555,30645,-31540.081266461133,10396.338569371292,125.0,-1,-1,-1.0
30556,30646,5559.8765766,-24621.907322436837,85.0,-1,31,35.0
30557,30647,-10504.6064217907,32914.59543490228,41.0,-1,-1,-1.0
30558,30648,-21225.236413120187,-24288.27260263036,34.0,-1,36,-1.0
30559,30649,3085.272245836619,-6355.5456645003,465.0,-1,-1,-1.0
30560,30650,37067.81298403804,-23161.138749525537,462.0,-1,-1,-1.0
30561,30651,35670.72614454065,-31670.58685816902,395.0,-1,-1,-1.0
30562,30652,5479.47030254078,-19349.430930040937,229.0,-1,-1,-1.0
30563,30653,-17098.40787215306,-12421.551004774134,430.0,-1,42,-1.0
30564,30654,33492.06678125079,-33158.32093894305,453.0,-1,-1,-1.0
30565,30655,-39684.0623621422,-6658.244470917423,12.0,-1,-1,-1.0
30566,30656,-27680.29719179678,17395.30872257494,449.0,-1,-1,-1.0
30567,30657,-1872.2007701861803,20105.620499272984,469.0,-1,46,-1.0
30568,30658,-28182.69298917876,23661.89991662404,89.0,-1,-1,-1.0
30569,30659,-28690.44273796182,-21537.65616918319,282.0,-1,39,45.0
30570,30660,8917.797497166895,-23403.409195110435,159.0,-1,-1,-1.0
30571,30661,-26955.64766969403,3496.4311562711155,132.0,-1,-1,-1.0
30572,30662,38409.58834988749,-22700.972789602867,83.0,-1,-1,-1.0
30573,30663,24030.572114853385,-33506.83076068576,63.0,-1,-1,-1.0
30574,30664,6192.466096886979,-36827.31548537813,89.0,-1,1,-1.0
30575,30665,-36074.74513189982,10216.67435726524,237.0,-1,24,-1.0
30576,30666,18308.92693901668,-24603.44035647127,148.0,-1,-1,-1.0
30577,30667,-9204.476925704535,27226.62052029086,186.0,-1,48,-1.0
30578,30668,-3434.8158817838776,-30144.76234042324,412.0,-1,-1,-1.0
30579,30669,21374.739663930784,33693.81997917473,273.0,-1,-1,-1.0
30580,30670,-5840.870243469391,-27822.85007208397,442.0,-1,25,-1.0
30581,30671,-13448.437280600489,-30057.26736275941,465.0,-1,-1,-1.0
30582,30672,34669.414109202145,30810.9401842464,56.0,-1,-1,-1.0
30583,30673,-24747.683271313424,27453.22629862897,399.0,-1,-1,-1.0
30584,30674,9871.817849721854,36785.90077560824,158.0,-1,-1,-1.0
30585,30675,21456.00552008154,-24597.10891602689,162.0,-1,-1,-1.0
30586,30676,-2547.8005391295374,8550.903927340609,317.0,-1,27,-1.0
30587,30677,-2928.777724782281,13781.95135000794,17.0,-1,-1,-1.0
30588,30678,22501.26529083424,-38047.841367792826,215.0,-1,-1,-1.0
30589,30679,434.3923063168186,16944.231634718664,92.0,-1,-1,-1.0
30590,30680,25324.54394396408,21932.628069395338,149.0,-1,-1,-1.0
30591,30681,-6972.1213777553785,-32139.31717707099,48.0,-1,35,-1.0
30592,30682,36435.61395434628,-30052.17790571863,251.0,-1,-1,-1.0
30593,30683,-35896.1147580548,32807.69455674896,163.0,-1,-1,-1.0
30594,30684,-18925.61436722557,1848.248153952809,190.0,-1,-1,-1.0
30595,30685,38699.6975525429,-29886.92435278732,52.0,-1,-1,-1.0
30596,30686,-32896.241851728504,-24169.25449409372,331.0,-1,39,-1.0
30597,30687,-1132.7094945577264,-24379.62511361496,136.0,-1,-1,-1.0
30598,30688,-19525.70363581852,18331.940477485965,479.0,-1,-1,-1.0
30599,30689,17950.632286519744,4754.99294900339,155.0,-1,-1,-1.0
30600,30690,-7962.662844650669,-30716.428521717546,434.0,-1,-1,-1.0
30601,30691,34350.61338875578,20933.706142078365,436.0,-1,-1,-1.0
30602,30692,-26670.91320537027,28984.17311589871,26.0,-1,-1,-1.0
30603,30693,-1617.2352607099092,36196.4527149856,63.0,-1,48,-1.0
30604,30694,-27155.212606372937,14486.072776367546,497.0,-1,-1,-1.0
30605,30695,-22351.728534372767,2973.7744586351328,156.0,-1,-1,-1.0
30606,30696,-8723.94703605491,20848.029686762136,460.0,-1,-1,-1.0
30607,30697,-4990.735331450793,18925.64491782779,155.0,-1,-1,-1.0
30608,30698,-29176.82953897409,17756.091531818827,19.0,-1,40,-1.0
30609,30699,-1934.0681859257968,-6760.373706895101,360.0,-1,31,-1.0
30610,30700,-34820.50002751842,-1005.8040031947604,155.0,-1,29,-1.0
30611,30701,-13104.447711383484,-17973.68166413171,183.0,-1,-1,-1.0
30612,30702,-21257.86783821436,-11094.956957624174,328.0,-1,-1,-1.0
30613,30703,-29437.95992882068,20774.29791583403,454.0,-1,-1,-1.0
30614,30704,35877.75967442375,-38435.10614075691,85.0,-1,-1,-1.0
30615,30705,4161.072610116229,-38134.52930688564,476.0,-1,1,-1.0
30616,30706,19816.08173310509,3835.868136648649,32.0,-1,-1,-1.0
30617,30707,-336.2738945538367,-39657.78774945617,325.0,-1,-1,-1.0
30618,30708,-23851.88505223309,23493.865634109978,74.0,-1,-1,-1.0
30619,30709,38206.33841551427,14098.768258309494,449.0,-1,28,-1.0
30620,30710,2608.106476660025,9273.667072267395,445.0,-1,27,-1.0
30621,30711,-4168.714259303975,-32483.26086462326,121.0,-1,-1,-1.0
30622,30712,-18771.459154110285,-9187.720963627096,241.0,-1,-1,-1.0
30623,30713,-17644.05250641606,-26625.562127265628,269.0,-1,36,-1.0
30624,30714,13763.014437972311,-38495.876968813885,299.0,-1,4,-1.0
30625,30715,-25387.809511546253,39334.3602155447,222.0,-1,-1,-1.0
30626,30716,34386.34811276924,7615.659445051853,397.0,-1,-1,-1.0
30627,30717,-37711.43399178896,26771.54937570887,435.0,-1,-1,-1.0
30628,30718,16684.15582797942,31061.1407744795,45.0,-1,-1,-1.0
30629,30719,35314.553837446554,-6949.871069369656,319.0,-1,33,-1.0
30630,30720,-33028.23555390154,-2384.5690434815915,435.0,-1,-1,-1.0
30631,30721,-33787.85371792396,14135.958183848408,36.0,-1,24,-1.0
30632,30722,20363.517306773683,37101.43596194251,254.0,-1,-1,-1.0
30633,30723,-2872.67609225076,20035.41302986489,53.0,-1,-1,-1.0
30634,30724,-39571.28896554893,7371.883582848823,27.0,-1,-1,-1.0
30635,30725,-25797.79046937207,12198.790279870444,332.0,-1,-1,-1.0
30636,30726,22907.610815807595,1356.6990890515954,432.0,-1,-1,-1.0
30637,30727,35665.43683360117,26467.490181807763,40.0,-1,10,-1.0
30638,30728,24361.874966265077,1914.2781144883047,237.0,-1,-1,-1.0
30639,30729,20047.944575608075,23961.30297366628,439.0,-1,18,-1.0
30640,30730,3529.6934383188127,-13951.393965391344,423.0,-1,-1,-1.0
30641,30731,-7926.794277329216,-36521.67411364138,412.0,-1,-1,-1.0
30642,30732,-39639.50742676876,-12120.69922459494,444.0,-1,-1,-1.0
30643,30733,31041.428819672583,22171.836970265853,436.0,-1,-1,-1.0
30644,30734,-36787.18782585935,-12386.262456802671,43.0,-1,32,38.0
30645,30735,30957.72493902383,-9464.539826849012,135.0,-1,-1,-1.0
30646,30736,-4246.885386148904,-5242.111536549972,10.0,-1,-1,-1.0
30647,30737,-14763.435585045874,-31841.34540964364,135.0,-1,36,-1.0
30648,30738,-17675.13189123336,19794.918086890502,195.0,-1,-1,-1.0
30649,30739,-5934.459254766276,14079.981437216222,140.0,-1,-1,-1.0
30650,30740,-20501.665839975987,-18578.610542675346,161.0,-1,42,-1.0
30651,30741,10312.47242986539,-4989.410162140361,15.0,-1,-1,-1.0
30652,30742,35969.53538111303,-33667.809562929906,381.0,-1,-1,-1.0
30653,30743,7525.579925130471,-12504.4080091498,208.0,-1,-1,-1.0
30654,30744,-22608.381532713367,28734.846095220564,383.0,-1,-1,-1.0
30655,30745,-21645.258008920864,-2413.6319310258696,49.0,-1,43,-1.0
30656,30746,-18851.89135651068,11319.743859039074,388.0,-1,-1,-1.0
30657,30747,20780.696835734627,-18925.28987303316,300.0,-1,-1,-1.0
30658,30748,-25523.0587203652,-13958.768076512237,143.0,-1,-1,-1.0
30659,30749,18078.79245568772,7270.184727334978,219.0,-1,2,-1.0
30660,30750,-39273.944235159375,6046.8844329340645,72.0,-1,-1,-1.0
30661,30751,18479.321202101197,14851.77849317826,361.0,-1,-1,-1.0
30662,30752,-18737.79832912952,-34581.39458949698,225.0,-1,-1,-1.0
30663,30753,28396.87122751464,36339.2548392615,327.0,-1,-1,-1.0
30664,30754,-4803.943629937174,-34700.70588650558,286.0,-1,35,-1.0
30665,30755,-36022.696681663554,14549.285438678722,189.0,-1,24,-1.0
30666,30756,-35214.57465728038,-32419.57934364549,385.0,-1,20,-1.0
30667,30757,-28792.61406640448,25479.438239124924,55.0,-1,-1,-1.0
30668,30758,27292.230283512108,-19777.025310105608,239.0,-1,45,51.0
30669,30759,27697.2705628742,36935.62883549537,156.0,-1,-1,-1.0
30670,30760,-33530.41238905142,-9498.67585242676,184.0,-1,-1,-1.0
30671,30761,-8851.894639161877,16277.901395320972,257.0,-1,-1,-1.0
30672,30762,37512.607967483855,38341.722900105626,58.0,-1,-1,-1.0
30673,30763,-13947.910668047258,13766.955395418569,229.0,-1,-1,-1.0
30674,30764,15386.788860763714,-29565.32464582187,192.0,-1,3,-1.0
30675,30765,-6699.47292176418,-32680.029408226084,34.0,-1,35,-1.0
30676,30766,-22528.31861949522,-4207.033487703331,210.0,-1,-1,-1.0
30677,30767,25752.885466261825,22682.756385063927,375.0,-1,-1,-1.0
30678,30768,-37434.03439165804,-10759.533928359831,269.0,-1,32,38.0
30679,30769,-36514.09945442146,11622.546723095744,274.0,-1,-1,-1.0
30680,30770,38409.35456068574,-26166.57211110999,275.0,-1,-1,-1.0
30681,30771,4033.1327525452944,32000.95713542179,70.0,-1,48,-1.0
30682,30772,16255.796976774953,7333.122973604302,333.0,-1,2,-1.0
30683,30773,21139.65259852071,-32004.81701524966,284.0,-1,-1,-1.0
30684,30774,1850.677720039996,-10071.613252313591,14.0,24,31,36.0
30685,30775,1764.0563101679647,-10022.179025984486,15.0,24,31,36.0
30686,30776,1694.5724153072129,-9961.424908946712,20.0,24,31,36.0
30687,30777,1679.010246804849,-9979.270009108044,20.0,24,31,36.0
30688,30778,1596.3977120447976,-10072.544667387883,22.0,24,31,36.0
30689,30779,1527.972527212299,-9984.457105967016,23.0,24,31,36.0
30690,30780,1619.980704993181,-9997.362467613471,23.0,24,31,36.0
30691,30781,1519.9544732343743,-9892.005011087507,24.0,24,31,36.0
30692,30782,1506.6184330717113,-9973.073362975563,24.0,24,31,36.0
30693,30783,1407.7343117391429,-9903.038388517423,27.0,24,31,36.0
30694,30784,1504.0990749647908,-9833.305402655698,27.0,24,31,36.0
30695,30785,1419.937676171415,-10029.270500740136,27.0,24,31,36.0
30696,30786,1406.8620947698755,-9850.691068508317,28.0,24,31,36.0
30697,30787,1312.4841812938648,-9823.638340015466,30.0,24,31,36.0
30698,30788,1177.0793064136792,-9873.98725096241,31.0,24,31,36.0
30699,30789,1275.663651065939,-9906.634734842934,31.0,24,31,36.0
30700,30790,1162.8647047752966,-9838.472596969848,32.0,24,31,36.0
30701,30791,1170.718230193612,-9768.595177041065,32.0,24,31,36.0
30702,30792,1105.359814069629,-9796.150622229015,33.0,24,31,36.0
30703,30793,1033.4647095954829,-9735.25443787945,34.0,24,31,36.0
30704,30794,1006.576529455854,-9826.977644069106,34.0,24,31,36.0
30705,30795,946.4929290303776,-9825.366201058798,36.0,24,31,36.0
30706,30796,942.4361183920296,-9772.636371554416,36.0,24,31,36.0
30707,30797,929.0325651871836,-9877.727394442163,36.0,24,31,36.0
30708,30798,924.1469055477742,-9843.956265713528,36.0,24,31,36.0
30709,30799,817.5263488907224,-9811.438315145691,38.0,24,31,36.0
30710,30800,836.6619067851738,-9834.263815639164,38.0,24,31,36.0
30711,30801,895.5885627504297,-9962.362510399398,38.0,24,31,36.0
30712,30802,723.5838797711856,-9898.62768357349,40.0,24,31,36.0
30713,30803,777.0457804886934,-9801.674569684528,40.0,24,31,36.0
30714,30804,674.9396632048832,-9816.082355855948,42.0,24,31,36.0
30715,30805,590.593115520644,-9792.426703372894,43.0,24,31,36.0
30716,30806,504.1236970743652,-9743.178002971144,45.0,24,31,36.0
30717,30807,517.7358314718892,-9667.672216037729,46.0,24,31,36.0
30718,30808,431.6084531403199,-9659.172814190271,46.0,24,31,36.0
30719,30809,422.5676508010657,-9783.100122971136,46.0,24,31,36.0
30720,30810,374.3642459166148,-9676.559002118556,48.0,24,31,36.0
30721,30811,417.6800103072188,-9604.992207730003,49.0,24,31,36.0
30722,30812,292.25560907555433,-9647.658578285284,49.0,24,31,36.0
30723,30813,265.58403445904224,-9560.678998804451,53.0,24,31,36.0
30724,30814,311.9127213288356,-9661.262318124976,53.0,24,31,36.0
30725,30815,315.79136017772976,-9517.635873730836,54.0,24,31,36.0
30726,30816,289.2378776413939,-9404.867644654576,55.0,24,31,36.0
30727,30817,246.2428684860739,-9583.404703102362,55.0,24,31,36.0
30728,30818,187.50401513865023,-9475.546112618726,56.0,24,31,36.0
30729,30819,203.279616385772,-9433.666592410447,56.0,24,31,36.0
30730,30820,180.66996168676872,-9501.523113015935,56.0,24,31,36.0
30731,30821,146.75082663233252,-9369.885091222675,60.0,24,31,36.0
30732,30822,82.74275031957637,-9511.265441568436,60.0,24,31,36.0
30733,30823,-28.965256442916825,-9421.062194765538,61.0,24,31,36.0
30734,30824,-92.30915226036213,-9347.607445685331,65.0,24,31,36.0
30735,30825,-175.89836315325564,-9268.720145953272,66.0,24,31,36.0
30736,30826,-51.43547431887674,-9259.824601372951,66.0,24,31,36.0
30737,30827,-173.26322750989,-9240.834964191958,66.0,24,31,36.0
30738,30828,-208.64262036301383,-9346.185179752612,67.0,24,31,36.0
30739,30829,-339.85799123662025,-9348.884346107025,69.0,24,31,36.0
30740,30830,-190.99846004608472,-9254.59997134976,69.0,24,31,36.0
30741,30831,-344.1642977086931,-9344.99578609751,70.0,24,31,36.0
30742,30832,-394.2711667006352,-9417.4532846872,71.0,24,31,36.0
30743,30833,-477.9090114419965,-9376.061971518036,72.0,24,31,36.0
30744,30834,-531.4125262614701,-9438.510768814986,72.0,24,31,36.0
30745,30835,-583.4563471539826,-9383.513310611648,74.0,24,31,36.0
30746,30836,-672.946075715136,-9301.187866300475,75.0,24,31,36.0
30747,30837,-747.8419687873611,-9205.815109813111,76.0,24,31,36.0
30748,30838,-827.6888324153746,-9171.096462042407,77.0,24,31,36.0
30749,30839,-908.850361807076,-9117.898094822134,78.0,24,31,36.0
30750,30840,-890.3738822622657,-9161.509636413177,78.0,24,31,36.0
30751,30841,-971.862335192396,-9134.855359231447,79.0,24,31,36.0
30752,30842,-996.665147721646,-9144.758096543472,79.0,24,31,36.0
30753,30843,-1049.0582954196582,-9058.788501241082,80.0,24,31,36.0
30754,30844,-1129.8436002571973,-8985.753186735814,83.0,24,31,36.0
30755,30845,-1127.2366876636786,-9091.213338116711,83.0,24,31,36.0
30756,30846,-1130.2670511819567,-9056.292856984548,83.0,24,31,36.0
30757,30847,-1213.736118873033,-9032.063274440836,84.0,24,31,36.0
30758,30848,-1317.5639946255526,-8960.175414329973,88.0,24,31,36.0
30759,30849,-1424.1358189267085,-9010.660348627183,91.0,24,31,36.0
30760,30850,-1339.7523945308924,-8839.415820395887,91.0,24,31,36.0
30761,30851,-1374.177597529529,-9027.495346947057,91.0,24,31,36.0
30762,30852,-1422.1347607886505,-8884.155958498983,91.0,24,31,36.0
30763,30853,-1419.5376663770064,-8856.143249829545,94.0,24,31,36.0
30764,30854,-1477.898167276499,-8973.847080006746,94.0,24,31,36.0
30765,30855,-1524.3716384396205,-8968.677067668985,94.0,24,31,36.0
30766,30856,-1553.1369945149036,-8845.48685873766,96.0,24,31,36.0
30767,30857,-1699.9458165034673,-8849.859788844737,98.0,24,31,36.0
30768,30858,-1649.3480435399383,-8784.508446790614,98.0,24,31,36.0
30769,30859,-1745.364241510346,-8796.330067497533,99.0,24,31,36.0
30770,30860,-1812.1952194047656,-8674.870129142799,100.0,24,31,36.0
30771,30861,-1859.8026831249883,-8722.413238206242,101.0,24,31,36.0
30772,30862,-1887.797932345744,-8577.663000759645,101.0,24,31,36.0
30773,30863,-2002.210238855394,-8646.702685831355,103.0,24,31,36.0
30774,30864,-1973.545888889466,-8571.760211307357,103.0,24,31,36.0
30775,30865,-2051.8587225352703,-8577.31860396969,104.0,24,31,36.0
30776,30866,-2135.772470318468,-8517.496432610369,105.0,24,31,36.0
30777,30867,-2125.517572973712,-8555.73019272883,105.0,24,31,36.0
30778,30868,-2097.202923385649,-8495.370411078171,105.0,24,31,36.0
30779,30869,-2158.960177793062,-8462.199583197314,106.0,24,31,36.0
30780,30870,-2284.414035286501,-8511.287132070242,107.0,24,31,36.0
30781,30871,-2229.7697462892456,-8416.16623024407,107.0,24,31,36.0
30782,30872,-2339.536022903468,-8411.344995188678,108.0,24,31,36.0
30783,30873,-2465.863177858507,-8389.720291813672,109.0,24,31,36.0
30784,30874,-2402.825337425596,-8414.741482607165,109.0,24,31,36.0
30785,30875,-2455.1058695026595,-8340.885582360912,110.0,24,31,36.0
30786,30876,-2573.051533625562,-8407.967569837325,111.0,24,31,36.0
30787,30877,-2535.55175969776,-8357.032041205795,111.0,24,31,36.0
30788,30878,-2632.1981522041324,-8307.787534776158,113.0,24,31,36.0
30789,30879,-2716.695053172225,-8311.742232850293,114.0,24,31,36.0
30790,30880,-2712.3300289159306,-8300.18842859413,114.0,24,31,36.0
30791,30881,-2748.9029483383024,-8395.410479229904,115.0,24,31,36.0
30792,30882,-2745.079774768344,-8498.50609467122,116.0,24,31,36.0
30793,30883,-2759.5872128685683,-8340.448934427404,116.0,24,31,36.0
30794,30884,-2851.463801131959,-8380.97629278856,118.0,24,31,36.0
30795,30885,-2785.405417444968,-8492.754186695287,118.0,24,31,36.0
30796,30886,-2814.962329267499,-8344.12918207857,118.0,24,31,36.0
30797,30887,-2937.4853826564445,-8340.308051269496,119.0,24,31,36.0
30798,30888,-2937.903052109346,-8369.448419576822,119.0,24,31,36.0
30799,30889,-3046.859630028101,-8381.380091265435,121.0,24,31,36.0
30800,30890,-2986.564998170305,-8457.568885441024,121.0,24,31,36.0
30801,30891,-3046.865105199542,-8374.662814276528,124.0,24,31,36.0
30802,30892,-3051.290040420558,-8337.6545767005,124.0,24,31,36.0
30803,30893,-3138.02470445466,-8285.279598961406,126.0,24,31,36.0
30804,30894,-3277.6020812498978,-8290.425950638568,127.0,24,31,36.0
30805,30895,-3225.9191292662967,-8278.466575828077,127.0,24,31,36.0
30806,30896,-3333.8099509832164,-8282.645937487894,128.0,24,31,36.0
30807,30897,-3337.9286839489146,-8369.314492343019,131.0,24,31,36.0
30808,30898,-3354.3865119121606,-8360.86469676612,131.0,24,31,36.0
30809,30899,-3398.6875445984238,-8446.506018872788,135.0,24,31,36.0
30810,30900,-3410.6954998669376,-8345.539114202245,135.0,24,31,36.0
30811,30901,-3448.125090874454,-8302.185498745906,135.0,24,31,36.0
30812,30902,-3459.3650251421604,-8379.724159589166,135.0,24,31,36.0
30813,30903,-3433.845970757018,-8409.606133853818,135.0,24,31,36.0
30814,30904,-3443.3731833939023,-8243.175473247113,136.0,24,31,36.0
30815,30905,-3539.987116877325,-8195.132332494955,137.0,24,31,36.0
30816,30906,-3632.489275832735,-8218.807968995603,140.0,24,31,36.0
30817,30907,-3737.8124316115513,-8221.224162712891,142.0,24,31,36.0
30818,30908,-3745.772079469156,-8307.922882279809,146.0,24,31,36.0
30819,30909,-3829.6502619690737,-8248.090406888296,147.0,24,31,36.0
30820,30910,-3793.905504786484,-8366.75479297525,147.0,24,31,36.0
30821,30911,-3832.0895192125454,-8207.392932028011,150.0,24,31,36.0
30822,30912,-3896.708146863156,-8281.345538714691,152.0,24,31,36.0
30823,30913,-4062.90359619463,-8312.666541448432,154.0,24,31,36.0
30824,30914,-4052.856858992153,-8226.852233183481,157.0,24,31,36.0
30825,30915,-4133.740229840068,-8346.293431045924,157.0,24,31,36.0
30826,30916,-4177.412189640424,-8246.011683397532,158.0,24,31,36.0
30827,30917,-4158.7916690146685,-8201.31395435525,158.0,24,31,36.0
30828,30918,-4182.04169524072,-8185.560129254817,158.0,24,31,36.0
30829,30919,-4162.342675557079,-8338.352432375952,158.0,24,31,36.0
30830,30920,-4238.529776898506,-8274.942243317333,159.0,24,31,36.0
30831,30921,-4325.814285676865,-8242.238703380961,159.0,24,31,36.0
30832,30922,-4353.122819814348,-8242.576841875492,160.0,24,31,36.0
30833,30923,-4436.601577434886,-8178.704909736462,161.0,24,31,36.0
30834,30924,-4407.043856703086,-8141.194533049759,161.0,24,31,36.0
30835,30925,-4525.877750622207,-8197.287411781926,162.0,24,31,36.0
30836,30926,-4537.246770047209,-8180.829419044956,162.0,24,31,36.0
30837,30927,-4462.838082111475,-8093.812786236222,162.0,24,31,36.0
30838,30928,-4625.750235950717,-8064.771628868912,165.0,24,31,36.0
30839,30929,-4590.35587776427,-8100.599359818354,165.0,24,31,36.0
30840,30930,-4589.845252154796,-8177.434976207471,165.0,24,31,36.0
30841,30931,-4540.540328094379,-8075.387987847596,165.0,24,31,36.0
30842,30932,-4553.315013386244,-8195.940965744516,165.0,24,31,36.0
30843,30933,-4577.918797073209,-8228.315631757838,165.0,24,31,36.0
30844,30934,-4623.573269538654,-8036.414690582185,166.0,24,31,36.0
30845,30935,-4618.083928803831,-8072.287597968814,166.0,24,31,36.0
30846,30936,-4652.190337495753,-8048.407564437192,166.0,24,31,36.0
30847,30937,-4787.395165523186,-8104.849783867716,167.0,24,31,36.0
30848,30938,-4865.323816848574,-8079.5170096995535,168.0,24,31,36.0
30849,30939,-4950.563639509282,-8035.160378292301,169.0,24,31,36.0
30850,30940,-5075.655727281365,-8025.60856490527,171.0,24,31,36.0
30851,30941,-5125.044956353489,-8089.347926938692,172.0,24,31,36.0
30852,30942,-5152.100242546857,-8146.104928331357,173.0,24,31,36.0
30853,30943,-5251.399751109534,-8172.992767421331,178.0,24,31,36.0
30854,30944,-5349.665439575801,-8159.679035685094,179.0,24,31,36.0
30855,30945,-5455.178466019889,-8203.323169333946,181.0,24,31,36.0
30856,30946,-5518.2181227285455,-8159.032986608219,183.0,24,31,36.0
30857,30947,-5581.436771208569,-8183.981930694886,183.0,24,31,36.0
30858,30948,-5550.160049350001,-8301.587337211426,184.0,24,31,36.0
30859,30949,-5663.839120921101,-8224.158151949863,185.0,24,31,36.0
30860,30950,-5738.800422527052,-8199.82857228291,189.0,24,31,36.0
30861,30951,-5761.824595468499,-8229.501644612801,189.0,24,31,36.0
30862,30952,-5830.016980674734,-8153.4695394086175,190.0,24,31,36.0
30863,30953,-5903.952648718799,-8121.776309175138,192.0,24,31,36.0
30864,30954,-5914.879830824699,-8099.003808131998,192.0,24,31,36.0
30865,30955,-5986.026570360538,-8092.077309786246,193.0,24,31,36.0
30866,30956,-6092.292867932478,-8095.765150585556,194.0,24,31,36.0
30867,30957,-5968.868683935225,-8175.831959310512,194.0,24,31,36.0
30868,30958,-6173.592137760207,-8150.743244124387,195.0,24,31,36.0
30869,30959,-6277.722902184985,-8128.442436992995,196.0,24,31,36.0
30870,30960,-6261.904879472664,-8194.159948974033,196.0,24,31,36.0
30871,30961,-6337.691828942043,-8127.5440121216625,197.0,24,31,36.0
30872,30962,-6309.201039146291,-8178.721793352372,197.0,24,31,36.0
30873,30963,-6401.240549511893,-8159.539949381446,198.0,24,31,36.0
30874,30964,-6521.671884762913,-8175.99797024506,199.0,24,31,36.0
30875,30965,-6490.761715409801,-8218.631294433831,199.0,24,31,36.0
30876,30966,-6603.410853067452,-8226.571867867828,200.0,24,31,36.0
30877,30967,-6631.141204529181,-8111.138762194292,201.0,24,31,36.0
30878,30968,-6626.109001057896,-8196.13737031534,202.0,24,31,36.0
30879,30969,-6613.060969623838,-8122.256957424161,204.0,24,31,36.0
30880,30970,-6697.848028401725,-8154.130556793068,205.0,24,31,36.0
30881,30971,-6752.028922454651,-8102.241395316147,207.0,24,31,36.0
30882,30972,-6660.873976208054,-8073.06108770942,207.0,24,31,36.0
30883,30973,-6754.4697592645125,-8007.726310024322,208.0,24,31,36.0
30884,30974,-6817.560895490707,-8074.157841929465,208.0,24,31,36.0
30885,30975,-6887.931374228592,-8004.045264062291,210.0,24,31,36.0
30886,30976,-6855.199100685675,-8054.897315467245,210.0,24,31,36.0
30887,30977,-6972.668422610088,-7986.869410052437,211.0,24,31,36.0
30888,30978,-6918.744355217608,-7937.820882137137,211.0,24,31,36.0
30889,30979,-6974.345522276654,-7872.548633173734,213.0,24,31,36.0
30890,30980,-7054.096946595933,-7942.736346673118,214.0,24,31,36.0
30891,30981,-7101.202848826099,-7890.032534657003,214.0,24,31,36.0
30892,30982,-7091.812708300335,-7855.791895953969,215.0,24,31,36.0
30893,30983,-7179.751780474096,-7869.0110626186415,217.0,24,31,36.0
30894,30984,-7176.509280075331,-7814.019342203489,217.0,24,31,36.0
30895,30985,-7152.02687159105,-7867.518334322104,217.0,24,31,36.0
30896,30986,-7245.990096275347,-7848.925532275541,218.0,24,31,36.0
30897,30987,-7247.860990522157,-7732.077028892132,220.0,24,31,36.0
30898,30988,-7305.1477588173375,-7821.04846383225,221.0,24,31,36.0
30899,30989,-7408.584664590723,-7841.643715907698,227.0,24,31,36.0
30900,30990,-7502.520571900229,-7907.113515785163,228.0,24,31,36.0
30901,30991,-7579.286766834343,-7836.203322358533,231.0,24,31,36.0
30902,30992,-7696.853696628402,-7872.127301505797,234.0,24,31,36.0
30903,30993,-7723.0507756105935,-7750.664930052832,238.0,24,31,36.0
30904,30994,-7773.191265400356,-7845.226774818456,238.0,24,31,36.0
30905,30995,-7740.20970754311,-7813.443114683305,238.0,24,31,36.0
30906,30996,-7773.737191549947,-7712.00971890199,239.0,24,31,36.0
30907,30997,-7847.695002468925,-7710.827491547789,240.0,24,31,36.0
30908,30998,-7880.69786905614,-7598.99692667965,241.0,24,31,36.0
30909,30999,-7928.182181583843,-7723.470533804152,241.0,24,31,36.0
30910,31000,-7975.908168069542,-7618.131984182841,243.0,24,31,36.0
30911,31001,-7921.924373456066,-7536.12198047628,243.0,24,31,36.0
30912,31002,-8030.068677883284,-7507.135365760849,245.0,24,31,36.0
30913,31003,-8116.797779265496,-7413.513514204826,247.0,24,31,36.0
30914,31004,-8182.643413405784,-7329.072386001956,249.0,24,31,36.0
30915,31005,-8186.681379461122,-7395.007655434611,249.0,24,31,36.0
30916,31006,-8277.679593457744,-7374.294150559027,252.0,24,31,36.0
30917,31007,15583.395131737445,36160.91409354028,69.0,-1,-1,-1.0
30918,31008,-16817.426363424096,-38665.396564903895,294.0,-1,-1,-1.0
30919,31009,9864.792933188595,-3339.7758250483967,350.0,-1,-1,-1.0
30920,31010,19629.566504480776,-18074.262115514062,27.0,-1,-1,-1.0
30921,31011,-21597.338459673512,-37037.6308791155,19.0,-1,12,-1.0
30922,31012,-25966.972322117883,-11017.154362289424,478.0,-1,-1,-1.0
30923,31013,5626.253240608145,-28277.39674744109,141.0,-1,31,-1.0
30924,31014,28730.945201487106,35771.75087798854,217.0,-1,-1,-1.0
30925,31015,-20504.74352540424,32752.14415153273,255.0,-1,-1,-1.0
30926,31016,-25929.98805102746,-38562.40645105137,484.0,-1,-1,-1.0
30927,31017,13179.22248669526,28646.118600502785,244.0,-1,-1,-1.0
30928,31018,-23681.355376211293,-18138.99185574238,482.0,-1,-1,-1.0
30929,31019,-30848.456992184954,-14496.27764690888,497.0,-1,-1,-1.0
30930,31020,-53.27320314304234,-317.1662568967804,317.0,-1,-1,-1.0
30931,31021,23303.89541353801,23318.93356585184,239.0,-1,18,-1.0
30932,31022,-38520.38291634205,-37891.588307662205,180.0,-1,19,-1.0
30933,31023,30808.17148316567,30216.82616996109,491.0,-1,-1,-1.0
30934,31024,19970.778580876235,-18593.964801585196,305.0,-1,-1,-1.0
30935,31025,5295.829934815803,9856.107562513209,36.0,-1,-1,-1.0
30936,31026,-10917.309507153714,-18028.91026588287,246.0,-1,31,-1.0
30937,31027,27475.124334532436,-1446.9498919338002,428.0,-1,-1,-1.0
30938,31028,-26825.737203198063,-39181.615064697566,20.0,-1,-1,-1.0
30939,31029,-24272.227896817312,-17887.95645985746,388.0,-1,-1,-1.0
30940,31030,27080.766610121063,-9127.015528844247,476.0,-1,-1,-1.0
30941,31031,28944.62623700479,16408.906691828466,149.0,-1,-1,-1.0
30942,31032,-8926.727038399447,12181.213481789991,205.0,-1,27,-1.0
30943,31033,-13363.009803716686,37228.81044522188,432.0,-1,-1,-1.0
30944,31034,632.6042836191118,33941.67056268253,348.0,-1,-1,-1.0
30945,31035,22969.462865549256,-13282.314648940615,225.0,-1,-1,-1.0
30946,31036,-34586.04958036095,18280.46250781712,100.0,-1,-1,-1.0
30947,31037,13162.202998270128,-38703.09482987766,202.0,-1,-1,-1.0
30948,31038,20309.023139021265,19505.596463920177,402.0,-1,18,-1.0
30949,31039,-7750.66001721549,-36481.3625683396,228.0,-1,-1,-1.0
30950,31040,-37721.17515145105,31103.78089073132,478.0,-1,-1,-1.0
30951,31041,35118.15505826836,-29035.670326553005,98.0,-1,-1,-1.0
30952,31042,3039.490516983373,-20718.746412868088,481.0,-1,31,-1.0
30953,31043,12864.520664803327,10654.42248400316,93.0,-1,-1,-1.0
30954,31044,37623.60015355935,-25458.54827647365,211.0,-1,-1,-1.0
30955,31045,6836.248626916567,-16518.195015791716,148.0,-1,-1,-1.0
30956,31046,-15051.670350227556,-28918.04112079596,196.0,-1,-1,-1.0
30957,31047,-18544.19017523461,-16536.012976736307,63.0,-1,42,-1.0
30958,31048,-28740.318953915463,-18107.252500645147,53.0,-1,-1,-1.0
30959,31049,34926.69057293111,-21748.46784146356,25.0,-1,-1,-1.0
30960,31050,-35047.95937703738,-25413.40802221172,227.0,-1,-1,-1.0
30961,31051,-23363.91989360778,-35105.532575165,366.0,-1,12,-1.0
30962,31052,29314.54409208964,22589.940160723367,360.0,-1,28,-1.0
30963,31053,33973.40347745025,39596.93938684654,357.0,-1,-1,-1.0
30964,31054,18034.993235156,8411.512651389712,211.0,-1,2,-1.0
30965,31055,29455.47213047637,-9940.81898846806,39.0,-1,-1,-1.0
30966,31056,13200.374188849768,-1920.8189074994225,161.0,-1,-1,-1.0
30967,31057,-21897.951560631536,11688.419936131504,275.0,-1,40,-1.0
30968,31058,27475.13379264504,-32238.682800357667,329.0,-1,-1,-1.0
30969,31059,1567.6014144441724,-36005.138305648274,16.0,-1,-1,-1.0
30970,31060,-34221.899750151235,1417.656860299132,454.0,-1,-1,-1.0
30971,31061,26636.54648209973,37569.01542948544,420.0,-1,30,-1.0
30972,31062,-36512.69210163146,9949.612424514053,240.0,-1,24,-1.0
30973,31063,-17570.04641563446,-32957.57893669685,441.0,-1,36,-1.0
30974,31064,33646.5877955817,-25222.865537508857,307.0,-1,45,-1.0
30975,31065,-6897.687944871366,23751.86641474232,103.0,-1,-1,-1.0
30976,31066,20671.692948524706,-35752.604311267474,105.0,-1,-1,-1.0
30977,31067,18785.07467642368,36703.45478022547,20.0,-1,-1,-1.0
30978,31068,-35693.20197222633,9183.37096926834,416.0,-1,24,-1.0
30979,31069,-9796.75678748114,19157.60410612593,494.0,-1,-1,-1.0
30980,31070,-11552.29756013008,8873.061930470823,398.0,-1,-1,-1.0
30981,31071,-31174.63839479904,-13026.750093694987,128.0,-1,-1,-1.0
30982,31072,30251.0950191211,-20702.418835584336,326.0,-1,45,-1.0
30983,31073,-19988.47512483809,22973.29164748952,364.0,-1,-1,-1.0
30984,31074,13547.438555918008,-547.7565324976676,451.0,-1,-1,-1.0
30985,31075,25971.0035279781,12020.015984304591,330.0,-1,-1,-1.0
30986,31076,-17391.44228027543,11452.00083118296,72.0,-1,-1,-1.0
30987,31077,-6918.7180135739545,18288.34742258517,127.0,-1,-1,-1.0
30988,31078,-9457.874006639697,-34251.30876314014,64.0,-1,-1,-1.0
30989,31079,-8142.9469357259,-32725.311153195715,458.0,-1,-1,-1.0
30990,31080,34377.48381616507,-5312.590296618568,257.0,-1,-1,-1.0
30991,31081,-28228.30141745598,-18739.618511832967,30.0,-1,-1,-1.0
30992,31082,-22681.17640287618,662.3910641285402,440.0,-1,-1,-1.0
30993,31083,-22821.796048307653,-31113.93575521697,60.0,-1,-1,-1.0
30994,31084,-35365.979221809954,-31917.519968140397,242.0,-1,20,-1.0
30995,31085,-31598.526222180662,-3876.6704782118895,162.0,-1,41,-1.0
30996,31086,-26858.480954591607,-19183.386471517868,287.0,-1,-1,-1.0
30997,31087,5514.640325753113,-16399.2297109675,384.0,-1,-1,-1.0
30998,31088,-14442.993879588072,5065.244236691404,493.0,-1,-1,-1.0
30999,31089,-10487.546613587878,-16764.45326862029,307.0,-1,-1,-1.0
31000,31090,-18030.829114756023,39765.89410258789,185.0,-1,-1,-1.0
31001,31091,18505.720575874955,20901.7385020468,122.0,-1,18,-1.0
31002,31092,26597.8485317536,-37647.30341539741,245.0,-1,-1,-1.0
31003,31093,17955.12156854209,-101.67290919336664,314.0,-1,-1,-1.0
31004,31094,39559.55596259251,5423.009803883142,42.0,-1,-1,-1.0
31005,31095,-28616.43067183519,9451.093739389173,271.0,-1,-1,-1.0
31006,31096,-1380.08637908534,-29524.698999313357,399.0,-1,-1,-1.0
31007,31097,38270.82960726826,4993.322835785781,222.0,-1,28,-1.0
31008,31098,-5691.2014318168,10380.98420291271,400.0,-1,-1,-1.0
31009,31099,9067.606367334978,-21137.616950051382,170.0,-1,-1,-1.0
31010,31100,-6623.826017317093,-34154.51026617548,196.0,-1,35,-1.0
31011,31101,31823.72123072129,24698.213850857617,468.0,-1,-1,-1.0
31012,31102,-35017.10386010858,15709.1928637698,491.0,-1,24,-1.0
31013,31103,-11153.833957629944,-21747.33153407029,303.0,-1,-1,-1.0
31014,31104,-30727.221509768075,-33730.804075516135,236.0,-1,34,-1.0
31015,31105,18552.211292359512,28622.585895038137,223.0,-1,-1,-1.0
31016,31106,-23330.912537268712,-517.8753380907001,137.0,-1,-1,-1.0
31017,31107,3958.950952515676,-29069.472305847936,356.0,-1,-1,-1.0
31018,31108,29820.44243191814,29384.091784125005,12.0,-1,10,-1.0
31019,31109,-30027.73794729444,27016.126098917783,294.0,-1,-1,-1.0
31020,31110,24220.525425317646,-11648.44741845661,65.0,-1,-1,-1.0
31021,31111,-23980.725060396173,18695.633129281283,462.0,-1,-1,-1.0
31022,31112,30320.739013480543,-30743.416148510645,191.0,-1,-1,-1.0
31023,31113,32258.401517355396,-485.2523007702039,278.0,-1,-1,-1.0
31024,31114,33830.694206739514,-13086.76787179806,218.0,-1,-1,-1.0
31025,31115,-22172.404211406523,-37875.73269593851,159.0,-1,12,-1.0
31026,31116,-27446.15065129964,3327.923541129436,211.0,-1,-1,-1.0
31027,31117,33301.118377430525,9932.587755605857,120.0,-1,-1,-1.0
31028,31118,38472.63918624939,19975.556034723064,132.0,-1,28,-1.0
31029,31119,8693.205720836391,-24657.452815217723,20.0,-1,-1,-1.0
31030,31120,-8728.760872917825,-33169.75489556438,26.0,-1,-1,-1.0
31031,31121,-12790.783083220118,-37844.74385016937,306.0,-1,-1,-1.0
31032,31122,16549.6433681189,29377.10120110835,399.0,-1,-1,-1.0
31033,31123,23091.85196051911,13543.587460984068,269.0,-1,-1,-1.0
31034,31124,-31049.560504381225,38987.970518345726,126.0,-1,-1,-1.0
31035,31125,-14749.521867861971,-19934.951865389103,150.0,-1,-1,-1.0
31036,31126,2870.281353355291,-35767.64940636741,449.0,-1,-1,-1.0
31037,31127,-4859.762860310497,22853.8317402066,33.0,-1,-1,-1.0
31038,31128,-25410.230968189197,32434.134612659316,437.0,-1,-1,-1.0
31039,31129,12403.265074363248,-17633.780801139495,364.0,-1,-1,-1.0
31040,31130,12795.779706500747,-22680.40696445846,491.0,-1,-1,-1.0
31041,31131,-31850.14854795936,112.75330778580974,377.0,-1,-1,-1.0
31042,31132,22518.21716631745,39492.17351978202,332.0,-1,-1,-1.0
31043,31133,9904.7434071987,-2125.0749925348427,2.0,-1,-1,-1.0
31044,31134,-22691.47964505806,29323.524265185493,444.0,-1,-1,-1.0
31045,31135,-22152.801142733213,5030.044927257106,489.0,-1,-1,-1.0
31046,31136,32402.01597826325,-23622.78520631044,198.0,-1,45,-1.0
31047,31137,25158.53643977793,-30611.201293793987,447.0,-1,-1,-1.0
31048,31138,-2569.9881978753474,-25781.54250987177,62.0,-1,-1,-1.0
31049,31139,-31206.806265686653,3399.266499938501,355.0,-1,29,-1.0
31050,31140,-32189.148483233963,-14027.358027123908,328.0,-1,-1,-1.0
31051,31141,-18277.74105465406,-17436.211067984874,104.0,-1,-1,-1.0
31052,31142,-31901.576886060506,-13327.256252504976,349.0,-1,-1,-1.0
31053,31143,21919.73069576381,12294.999802981416,96.0,-1,-1,-1.0
31054,31144,38406.39446075316,15415.545611437256,135.0,-1,-1,-1.0
31055,31145,-9959.69461419433,38746.17461034986,53.0,-1,48,57.0
31056,31146,19383.344641502823,34949.77238403745,390.0,-1,-1,-1.0
31057,31147,-38213.035382610935,37368.387061053945,91.0,-1,-1,-1.0
31058,31148,-6757.656561201569,-33497.74004577672,311.0,-1,35,-1.0
31059,31149,-5874.1349145514905,39792.93379245279,27.0,-1,-1,-1.0
31060,31150,6246.5435781583365,-418.37405483457405,447.0,-1,-1,-1.0
31061,31151,-8467.987524663822,30658.33460161902,402.0,-1,-1,-1.0
31062,31152,-29690.84637817436,37161.11458571977,361.0,-1,-1,-1.0
31063,31153,-12253.342124641778,-24568.072610992884,351.0,-1,17,-1.0
31064,31154,-28777.891397721163,-35415.72731939933,240.0,-1,-1,-1.0
31065,31155,8942.000095389762,-15593.856122167108,196.0,-1,-1,-1.0
31066,31156,1958.04947181882,5235.877256338164,59.0,-1,14,-1.0
31067,31157,12818.440957109391,-38858.571876376365,273.0,-1,-1,-1.0
31068,31158,-32095.799633972543,2185.282693843292,114.0,-1,-1,-1.0
31069,31159,-11992.05614859956,-17900.76775476093,433.0,-1,31,-1.0
31070,31160,6627.3165146074025,-9533.59700791509,311.0,-1,31,-1.0
31071,31161,30324.90495218712,7956.912613058463,6.0,-1,-1,-1.0
31072,31162,8055.109394209918,-27535.85085760653,486.0,-1,31,-1.0
31073,31163,29871.64681640317,-25064.516940844987,263.0,-1,45,-1.0
31074,31164,33795.394161868,24159.56216591504,140.0,-1,-1,-1.0
31075,31165,5757.851097957704,-28338.44292738057,134.0,-1,31,-1.0
31076,31166,-6158.695340944425,11292.916054638425,298.0,-1,-1,-1.0
31077,31167,-27780.0986185836,-32307.65211733361,251.0,-1,-1,-1.0
31078,31168,26874.58737672084,28831.66310832728,353.0,-1,-1,-1.0
31079,31169,26365.84857349508,-25266.00396912808,495.0,-1,45,-1.0
31080,31170,-31158.84857165855,-11417.093460281958,213.0,-1,-1,-1.0
31081,31171,-39789.3499706993,-17769.5117181547,64.0,-1,-1,-1.0
31082,31172,-27965.59489028593,-28637.27336787313,367.0,-1,-1,-1.0
31083,31173,-29529.318903139065,-2240.386636141848,376.0,-1,41,47.0
31084,31174,-1010.9397257388772,-39962.19932616562,50.0,-1,-1,-1.0
31085,31175,-11144.988292700848,-32529.413076397454,483.0,-1,-1,-1.0
31086,31176,-36709.92201595588,18893.634823488937,213.0,-1,-1,-1.0
31087,31177,-7340.824188936156,-18291.77793065745,260.0,-1,-1,-1.0
31088,31178,-32759.5100771896,-7642.752309697142,67.0,-1,-1,-1.0
31089,31179,22291.47030287933,32321.992634044625,455.0,-1,-1,-1.0
31090,31180,31446.885066462277,28431.923073789643,486.0,-1,-1,-1.0
31091,31181,-2428.427796063166,6877.475519806416,217.0,-1,27,-1.0
31092,31182,-17140.59631688599,8810.158138315659,309.0,-1,-1,-1.0
31093,31183,-4653.011212310055,-27544.465687253207,86.0,-1,-1,-1.0
31094,31184,-30115.63608553268,29811.16267206923,418.0,-1,-1,-1.0
31095,31185,-22083.459061832746,27923.521166227016,94.0,-1,-1,-1.0
31096,31186,-37167.59895914119,-1528.4221953349625,83.0,-1,-1,-1.0
31097,31187,-5330.408973158286,25547.766221686907,388.0,-1,-1,-1.0
31098,31188,22983.28696219431,26690.88731569021,411.0,-1,-1,-1.0
31099,31189,587.3825612142391,12217.400990761234,165.0,-1,-1,-1.0
31100,31190,-12972.476980275678,30126.67574775784,160.0,-1,48,-1.0
31101,31191,-12968.764792458956,32696.300548882064,281.0,-1,48,60.0
31102,31192,-38676.38974750565,21718.28563998392,379.0,-1,-1,-1.0
31103,31193,-36967.00282187056,5463.485901615328,400.0,-1,-1,-1.0
31104,31194,38830.41601390703,-23714.518351589693,391.0,-1,-1,-1.0
31105,31195,5079.860655954326,25203.21772995232,394.0,-1,48,-1.0
31106,31196,-4645.003679622823,37054.6475392836,366.0,-1,-1,-1.0
31107,31197,-12506.09179682627,16458.45941668617,37.0,-1,-1,-1.0
31108,31198,17069.313723032,-22205.200531425868,68.0,-1,-1,-1.0
31109,31199,-4319.960123032302,-37067.89523465962,147.0,-1,-1,-1.0
31110,31200,-23492.41079494675,-27857.31598286903,266.0,-1,-1,-1.0
31111,31201,-3329.207079559048,-18857.810233373973,142.0,-1,-1,-1.0
31112,31202,11745.52081376531,-2286.3624848711333,295.0,-1,-1,-1.0
31113,31203,15117.855345768206,29609.570878174185,411.0,-1,-1,-1.0
31114,31204,-25069.08743041208,28409.091193319648,122.0,-1,-1,-1.0
31115,31205,-20927.599495383387,35922.89870781463,390.0,-1,-1,-1.0
31116,31206,-34233.7450481305,24766.166572416565,221.0,-1,-1,-1.0
31117,31207,-27095.132467244795,2214.6318636786164,112.0,-1,-1,-1.0
31118,31208,25468.02173153715,18230.81948004924,334.0,-1,-1,-1.0
31119,31209,5198.994041892605,-6745.261670164291,84.0,-1,-1,-1.0
31120,31210,-2624.73637840894,-25317.36089628042,197.0,-1,25,-1.0
31121,31211,17202.989636341277,26504.474059806904,326.0,-1,-1,-1.0
31122,31212,23148.852044166637,15822.747855172966,301.0,-1,-1,-1.0
31123,31213,-7507.316514067083,8289.256393989752,252.0,-1,27,-1.0
31124,31214,3380.9784449197687,-31383.26261311799,139.0,-1,1,-1.0
31125,31215,25664.85332788296,-24397.35079034157,120.0,-1,45,-1.0
31126,31216,118.07042252868268,21224.80823657666,346.0,-1,46,-1.0
31127,31217,-31937.470031314348,20627.02641539328,44.0,-1,-1,-1.0
31128,31218,-19252.22498630293,-6503.773996733456,124.0,-1,-1,-1.0
31129,31219,21822.12583121979,29684.15994297973,457.0,-1,-1,-1.0
31130,31220,-2358.0090837604803,2383.170238277213,82.0,-1,-1,-1.0
31131,31221,-25836.112102110917,-3389.2856598808,174.0,-1,-1,-1.0
31132,31222,6673.887631525089,2925.1710117213224,466.0,-1,14,-1.0
31133,31223,15858.336281373537,-36931.62136630466,141.0,-1,-1,-1.0
31134,31224,-10538.234000550598,10081.994111726155,287.0,-1,-1,-1.0
31135,31225,-19107.41489163503,-15857.81732855976,433.0,-1,42,-1.0
31136,31226,22918.25412159485,-15059.797035647396,39.0,-1,45,-1.0
31137,31227,34426.39301586858,-34496.563176118354,317.0,-1,-1,-1.0
31138,31228,-11220.463051565624,33611.47029364077,478.0,-1,48,-1.0
31139,31229,5495.534675366944,8763.226373368903,363.0,-1,-1,-1.0
31140,31230,-15716.091456216593,7567.269430319786,413.0,-1,-1,-1.0
31141,31231,22692.94121720552,14833.145181564583,195.0,-1,-1,-1.0
31142,31232,-21348.070691471294,-19761.186108897637,74.0,-1,-1,-1.0
31143,31233,6600.173946360075,-23639.8943653242,450.0,-1,-1,-1.0
31144,31234,18594.82801927926,-10868.173653888713,60.0,-1,44,-1.0
31145,31235,20484.1813955659,7755.437669806859,212.0,-1,16,-1.0
31146,31236,36145.32379544192,-35280.95064598048,190.0,-1,21,-1.0
31147,31237,37574.67047227219,-25343.96895579877,30.0,-1,-1,-1.0
31148,31238,-39599.324903014174,15159.331423093245,335.0,-1,-1,-1.0
31149,31239,27345.799549503456,-11774.872188504942,57.0,-1,45,51.0
31150,31240,25505.70380627625,-17753.944017082962,338.0,-1,-1,-1.0
31151,31241,-7926.326284033392,-16726.600496752093,329.0,-1,-1,-1.0
31152,31242,33274.09982570718,-24000.7780022228,484.0,-1,45,-1.0
31153,31243,15297.308984860443,3804.6902001151466,333.0,-1,-1,-1.0
31154,31244,-36962.553128576445,-26505.745622587565,213.0,-1,-1,-1.0
31155,31245,-33191.502246742704,-27620.19132782769,15.0,-1,-1,-1.0
31156,31246,-13996.657447455254,26316.83273260115,34.0,-1,48,-1.0
31157,31247,28820.47637703225,9870.17302968337,6.0,-1,-1,-1.0
31158,31248,33321.52756795417,11477.263803895388,82.0,-1,-1,-1.0
31159,31249,36039.86807891929,-27743.057043329954,336.0,-1,-1,-1.0
31160,31250,17624.61751450102,-17660.622122424145,430.0,-1,45,-1.0
31161,31251,-20976.70324011391,-23167.044088398176,453.0,-1,-1,-1.0
31162,31252,21537.54495306577,22721.188382417684,302.0,-1,-1,-1.0
31163,31253,-10870.18027844792,28355.503251976712,138.0,-1,-1,-1.0
31164,31254,-30590.638874083903,29120.026573054118,125.0,-1,-1,-1.0
31165,31255,37751.79070411725,29630.194293136286,140.0,-1,10,-1.0
31166,31256,-22384.74533036875,-36821.75667747548,38.0,-1,12,-1.0
31167,31257,24934.71671936503,33001.68916633249,193.0,-1,-1,-1.0
31168,31258,11254.706229823923,116.80731342200306,332.0,-1,-1,-1.0
31169,31259,25829.032371081423,8482.778220453081,493.0,-1,15,-1.0
31170,31260,7052.33048292037,-32260.847924290498,376.0,-1,-1,-1.0
31171,31261,-19984.428081857,33344.48470686683,106.0,-1,-1,-1.0
31172,31262,-11077.401764705515,37319.08188874401,275.0,-1,48,-1.0
31173,31263,28767.599247748687,31106.3631817264,428.0,-1,-1,-1.0
31174,31264,7198.165575904517,1364.1954181295075,14.0,-1,-1,-1.0
31175,31265,-10530.98342516911,-27341.39799555912,402.0,-1,17,-1.0
31176,31266,11390.71071125321,34030.177444162924,36.0,-1,-1,-1.0
31177,31267,19789.296840767493,-38249.66511076349,238.0,-1,-1,-1.0
31178,31268,-22957.752805301014,-28796.932825387128,124.0,-1,-1,-1.0
31179,31269,25851.49275331412,30251.191664435304,369.0,-1,-1,-1.0
31180,31270,12431.34760692955,-4188.215197353449,297.0,-1,-1,-1.0
31181,31271,-36463.18083139173,3003.6127033102603,53.0,-1,-1,-1.0
31182,31272,31877.43006708182,-31954.07117668334,106.0,-1,-1,-1.0
31183,31273,-17874.403033759016,21610.871035771503,104.0,-1,-1,-1.0
31184,31274,-10441.061843537876,-36387.652121431805,25.0,-1,36,-1.0
31185,31275,-28811.093105792854,29629.89480648549,424.0,-1,-1,-1.0
31186,31276,-19547.66189919257,-38577.4344300379,352.0,-1,-1,-1.0
31187,31277,19714.564377229493,21885.752831409285,109.0,-1,18,-1.0
31188,31278,11580.516759072603,-20630.95624535073,112.0,-1,-1,-1.0
31189,31279,10962.846829550252,30430.290209547165,288.0,-1,-1,-1.0
31190,31280,16079.602018112411,38054.23121336344,189.0,-1,-1,-1.0
31191,31281,-9209.27123923608,-2546.590344947916,138.0,-1,-1,-1.0
31192,31282,-23110.805718317948,-37394.63916247608,460.0,-1,-1,-1.0
31193,31283,33451.403792921,-24224.84024666481,461.0,-1,45,-1.0
31194,31284,11160.090881732009,-12527.346598653055,263.0,-1,-1,-1.0
31195,31285,19738.25958623879,-4459.720249474041,115.0,-1,-1,-1.0
31196,31286,3738.2673827336985,-13659.622318667236,349.0,-1,-1,-1.0
31197,31287,29288.316152566083,-17371.052091827118,3.0,-1,-1,-1.0
31198,31288,-14477.935351766497,35365.036361747334,123.0,-1,48,-1.0
31199,31289,-10025.475191202746,12002.551608041556,230.0,-1,27,-1.0
31200,31290,-6007.999985812516,-2277.67466501036,55.0,-1,-1,-1.0
31201,31291,-2746.8493889487654,-20185.45536906433,232.0,-1,-1,-1.0
31202,31292,-1597.270161454202,-26851.90025132421,411.0,-1,-1,-1.0
31203,31293,29272.35137717839,-15357.653644213024,21.0,-1,-1,-1.0
31204,31294,15013.049028277635,-21690.535811851256,340.0,-1,-1,-1.0
31205,31295,-16432.765804495288,39576.850086244,139.0,-1,-1,-1.0
31206,31296,3371.3277290902406,-24367.336760322018,198.0,-1,31,-1.0
31207,31297,20433.883125224056,21471.756861450624,282.0,-1,-1,-1.0
31208,31298,1744.2602678268013,39618.814468864846,376.0,-1,-1,-1.0
31209,31299,-19058.33305207576,-8549.895523506333,462.0,-1,-1,-1.0
31210,31300,-33027.99697446466,16378.143409405377,67.0,-1,24,-1.0
31211,31301,-14747.328025155388,34244.0688296709,380.0,-1,48,60.0
31212,31302,31977.39905663315,-34071.81247932691,390.0,-1,-1,-1.0
31213,31303,-26755.40718131523,-38744.96805040114,258.0,-1,-1,-1.0
31214,31304,-39210.4066654344,13109.05270138538,497.0,-1,-1,-1.0
31215,31305,5081.936022599446,9083.350506967014,280.0,-1,-1,-1.0
31216,31306,26823.00693350067,12240.395391873217,462.0,-1,-1,-1.0
31217,31307,31360.72233388324,35047.43513013133,122.0,-1,-1,-1.0
31218,31308,4441.851440839375,14845.976718908743,30.0,-1,-1,-1.0
31219,31309,-18698.33874719659,11845.578933027682,278.0,-1,-1,-1.0
31220,31310,24651.258722365303,21019.23301723648,299.0,-1,-1,-1.0
31221,31311,6500.272484870788,31636.42633359837,108.0,-1,-1,-1.0
31222,31312,11772.848763244816,-12555.53213839436,197.0,-1,-1,-1.0
31223,31313,31628.376956614626,36013.36542812559,249.0,-1,-1,-1.0
31224,31314,-15958.643507726969,-10479.358834779645,370.0,-1,-1,-1.0
31225,31315,16014.866154233125,3018.62866229019,185.0,-1,2,-1.0
31226,31316,-722.207214677881,7553.08157835665,221.0,-1,27,-1.0
31227,31317,35611.794333779355,23771.40919137237,447.0,-1,-1,-1.0
31228,31318,-26690.659643171726,17956.249002300043,9.0,-1,-1,-1.0
31229,31319,-5945.64173928972,15479.255182648652,100.0,-1,-1,-1.0
31230,31320,-19855.71398057971,30675.56963973731,476.0,-1,-1,-1.0
31231,31321,4876.604027261317,-27380.804715959774,279.0,-1,-1,-1.0
31232,31322,-12920.507296166556,-35027.804762655454,0.0,-1,36,-1.0
31233,31323,9528.537767602416,-30197.611583013568,444.0,-1,-1,-1.0
31234,31324,9938.17360736827,34392.41849258517,397.0,-1,-1,-1.0
31235,31325,-31705.843345446177,-39016.97816415708,83.0,-1,-1,-1.0
31236,31326,19616.17659344769,25048.228965197348,381.0,-1,18,-1.0
31237,31327,37158.98995001822,22580.116195922372,440.0,-1,-1,-1.0
31238,31328,-32228.781973171863,-11920.516425990736,55.0,-1,-1,-1.0
31239,31329,6347.288605415226,-9666.917077100425,90.0,-1,31,-1.0
31240,31330,16637.21337944962,-3278.9505071929234,24.0,-1,-1,-1.0
31241,31331,-11722.238080586092,-33585.00544221075,42.0,-1,-1,-1.0
31242,31332,29242.15026841316,9816.62829081752,398.0,-1,-1,-1.0
31243,31333,9983.15729830195,-16993.019729281357,191.0,-1,-1,-1.0
31244,31334,-37722.34856355046,27160.33578835792,375.0,-1,-1,-1.0
31245,31335,-35801.76155316428,-31717.13967709219,100.0,-1,20,-1.0
31246,31336,26797.27820062129,2332.516919184207,171.0,-1,-1,-1.0
31247,31337,-7432.044696323112,17788.468733147703,174.0,-1,-1,-1.0
31248,31338,27338.54766860402,-10422.649758821906,215.0,-1,-1,-1.0
31249,31339,-12995.609331509117,10330.096051409186,27.0,-1,-1,-1.0
31250,31340,14701.168759545966,-13603.833663633552,368.0,-1,-1,-1.0
31251,31341,-28497.132200235777,5845.474047356773,388.0,-1,-1,-1.0
31252,31342,1639.0187771846686,12393.03871352748,279.0,-1,-1,-1.0
31253,31343,16739.99142676974,-78.28951248802332,294.0,-1,-1,-1.0
31254,31344,31741.60705863335,39026.5644391854,307.0,-1,-1,-1.0
31255,31345,-26350.37258853429,15029.879568277784,326.0,-1,40,-1.0
31256,31346,35230.10396445911,-15877.63192047639,465.0,-1,-1,-1.0
31257,31347,28767.98114683012,-10745.559646159223,260.0,-1,-1,-1.0
31258,31348,-27640.606263998623,-3852.758877499633,99.0,-1,41,-1.0
31259,31349,-11891.622601147134,-31284.65198810756,414.0,-1,-1,-1.0
31260,31350,7680.4050180825,16325.606243340844,437.0,-1,-1,-1.0
31261,31351,5107.481194781787,-4443.829247930233,142.0,-1,-1,-1.0
31262,31352,-15831.715625309207,13556.171747395812,91.0,-1,-1,-1.0
31263,31353,16822.2918261855,-23524.658069906414,429.0,-1,-1,-1.0
31264,31354,-36961.83577358127,18887.41833120857,191.0,-1,-1,-1.0
31265,31355,24084.80496192685,10288.180213062056,489.0,-1,-1,-1.0
31266,31356,-24120.08272469698,-23726.82568951248,436.0,-1,-1,-1.0
31267,31357,15247.629702686834,2904.394999213488,449.0,-1,2,-1.0
31268,31358,35221.66566720506,-35205.12491356004,339.0,-1,-1,-1.0
31269,31359,20926.57846059804,-24541.81016295701,433.0,-1,-1,-1.0
31270,31360,-11603.268336788473,50.91949191595632,386.0,-1,-1,-1.0
31271,31361,3430.012284827273,17617.237214700777,53.0,-1,-1,-1.0
31272,31362,-13329.43466343286,39498.88908177591,91.0,-1,-1,-1.0
31273,31363,11520.0581199866,9559.494524301355,416.0,-1,-1,-1.0
31274,31364,-39627.78673141986,-9636.081515853904,498.0,-1,-1,-1.0
31275,31365,23661.308999728804,9831.203387815904,128.0,-1,-1,-1.0
31276,31366,5917.062741967704,-14899.204265208078,115.0,-1,31,-1.0
31277,31367,16563.92410232585,14849.583503307207,472.0,-1,-1,-1.0
31278,31368,6052.741028471035,31465.08521547474,42.0,-1,-1,-1.0
31279,31369,24005.31389678939,-9503.25597457512,142.0,-1,-1,-1.0
31280,31370,26281.28757747302,-1555.652608509532,290.0,-1,-1,-1.0
31281,31371,-7702.808601772918,-9591.337424765376,209.0,-1,31,36.0
31282,31372,-29458.024494495945,-9070.616009448386,326.0,-1,-1,-1.0
31283,31373,-13493.254067594637,-21146.719693095307,47.0,-1,-1,-1.0
31284,31374,-22226.703649191717,28559.0766643698,315.0,-1,-1,-1.0
31285,31375,14115.902513759427,-26597.584109264702,23.0,-1,3,-1.0
31286,31376,13214.083064455088,8314.875373386436,195.0,-1,2,-1.0
31287,31377,-11908.254911200063,-35607.12063210115,285.0,-1,36,-1.0
31288,31378,-23815.703884350245,-10203.745936861727,140.0,-1,-1,-1.0
31289,31379,30043.17093238137,-11265.829739856856,479.0,-1,-1,-1.0
31290,31380,-26439.36353302643,13987.064455271471,361.0,-1,40,-1.0
31291,31381,10361.96643081343,39748.35321363727,411.0,-1,-1,-1.0
31292,31382,-28894.70367197838,39088.99365188222,290.0,-1,-1,-1.0
31293,31383,6209.335900620914,20073.85422783268,178.0,-1,-1,-1.0
31294,31384,13384.942306858647,-24103.536717188465,40.0,-1,-1,-1.0
31295,31385,6372.806404174095,-885.9416155480285,441.0,-1,-1,-1.0
31296,31386,23303.109647185767,10079.9203387073,87.0,-1,-1,-1.0
31297,31387,25631.023671660107,2561.3275249454678,79.0,-1,-1,-1.0
31298,31388,25575.67808214367,6308.8080131623865,245.0,-1,-1,-1.0
31299,31389,-33467.3464423327,7217.656288269602,204.0,-1,24,-1.0
31300,31390,20424.4927116914,9128.67656610418,139.0,-1,16,-1.0
31301,31391,39756.40994394348,-11700.757390273004,300.0,-1,-1,-1.0
31302,31392,-3311.883790164451,-21604.78485980821,286.0,-1,-1,-1.0
31303,31393,-2547.434381242034,9175.821983990303,4.0,-1,27,-1.0
31304,31394,39079.80071792322,-24954.81834388661,190.0,-1,-1,-1.0
31305,31395,-23683.101858603644,-32394.914899823783,151.0,-1,-1,-1.0
31306,31396,-13775.971170592446,-35012.67147926617,25.0,-1,36,-1.0
31307,31397,-11869.482896357384,7094.956071034299,491.0,-1,-1,-1.0
31308,31398,4646.019761512383,-3331.7087098708507,219.0,-1,-1,-1.0
31309,31399,-28731.265510581627,-25024.50415365681,376.0,-1,-1,-1.0
31310,31400,5016.003597547082,-32159.022373356995,258.0,-1,1,-1.0
31311,31401,18974.484642277966,9289.09863343738,313.0,-1,-1,-1.0
31312,31402,-11493.286447075883,13107.82220745545,244.0,-1,-1,-1.0
31313,31403,-17123.636689017047,-102.3017975535331,223.0,-1,43,-1.0
31314,31404,-28066.945576401216,18189.05236153546,350.0,-1,-1,-1.0
31315,31405,-26167.13639678396,11395.13641046652,151.0,-1,-1,-1.0
31316,31406,24073.960824683185,36316.871684890575,38.0,-1,30,-1.0
31317,31407,8222.560392085674,-21591.5182426569,467.0,-1,-1,-1.0
31318,31408,32705.52051380904,-19621.077084702534,161.0,-1,-1,-1.0
31319,31409,-8307.940075267703,-25912.337662136222,63.0,-1,-1,-1.0
31320,31410,38816.98606902367,-6904.814307118017,135.0,-1,-1,-1.0
31321,31411,21589.804735083308,-37893.65966660665,47.0,-1,-1,-1.0
31322,31412,-27058.18810372022,14984.626011272465,57.0,-1,40,-1.0
31323,31413,-26027.117505067246,33051.868638528,184.0,-1,-1,-1.0
31324,31414,2042.1838981773471,17579.87963073027,247.0,-1,-1,-1.0
31325,31415,14895.83640649751,-12313.20619075924,421.0,-1,-1,-1.0
31326,31416,-23676.48170119372,886.3125225115364,172.0,-1,-1,-1.0
31327,31417,18371.327475694176,-19730.816280032606,278.0,-1,-1,-1.0
31328,31418,8599.281928101715,18604.95381505029,294.0,-1,-1,-1.0
31329,31419,-39060.26109714305,-35919.55034481291,371.0,-1,-1,-1.0
31330,31420,10393.453054471736,-29823.228413300058,331.0,-1,-1,-1.0
31331,31421,-31240.89799843954,-29696.43616071483,378.0,-1,-1,-1.0
31332,31422,-2169.415297015388,-9597.692896609198,476.0,-1,31,35.0
31333,31423,5096.409740359821,-7439.193597093759,181.0,-1,-1,-1.0
31334,31424,20637.98474473322,5387.2765494028135,438.0,-1,-1,-1.0
31335,31425,16543.513506659518,24927.36422933596,373.0,-1,9,-1.0
31336,31426,886.4095051713593,36270.87131767238,185.0,-1,48,-1.0
31337,31427,-35189.541411827406,-7708.051769009591,341.0,-1,32,38.0
31338,31428,-14589.711187993587,14851.792081991458,87.0,-1,-1,-1.0
31339,31429,-26308.95384844146,15415.598714546686,319.0,-1,-1,-1.0
31340,31430,14277.32664959816,-33001.99497035694,107.0,-1,-1,-1.0
31341,31431,-14653.796326340158,14310.170800562708,427.0,-1,-1,-1.0
31342,31432,1421.3860732817484,-37895.558673059095,84.0,-1,-1,-1.0
31343,31433,-34608.39212652569,-16189.483456839593,357.0,-1,-1,-1.0
31344,31434,25165.225035965494,858.5582022338203,453.0,-1,-1,-1.0
31345,31435,14520.92250798722,3957.946797010183,496.0,-1,-1,-1.0
31346,31436,-36265.352942799735,8779.855724860157,307.0,-1,24,-1.0
31347,31437,-5750.178111060071,30516.927845443483,336.0,-1,-1,-1.0
31348,31438,-13826.924905485444,-10235.241470584038,370.0,-1,-1,-1.0
31349,31439,-8332.652860907136,29929.671970272684,12.0,-1,-1,-1.0
31350,31440,23023.11964379288,-6261.085846018781,196.0,-1,-1,-1.0
31351,31441,-18644.95906499145,2378.1340724278853,69.0,-1,-1,-1.0
31352,31442,17094.969696626496,-11514.303346792218,463.0,-1,-1,-1.0
31353,31443,30221.880945242883,-11744.677191883771,82.0,-1,-1,-1.0
31354,31444,-13970.549320264648,-39454.423207725245,444.0,-1,-1,-1.0
31355,31445,-34051.31153199864,-3487.467594037465,441.0,-1,-1,-1.0
31356,31446,6789.155030393718,-27479.60601693393,475.0,-1,31,-1.0
31357,31447,-20939.769074046995,-22346.09190843969,257.0,-1,-1,-1.0
31358,31448,11899.87916133531,13657.919198765465,418.0,-1,-1,-1.0
31359,31449,-3645.0886884214633,39605.06390401287,202.0,-1,-1,-1.0
31360,31450,-28317.624435336103,9293.323174855504,317.0,-1,-1,-1.0
31361,31451,-18300.69255085778,13073.00225600366,493.0,-1,-1,-1.0
31362,31452,9337.226413505909,-15812.774529522623,376.0,-1,31,-1.0
31363,31453,-21407.8336995206,13954.35180378284,442.0,-1,-1,-1.0
31364,31454,-12105.969700631917,3675.2371105812126,482.0,-1,26,-1.0
31365,31455,21947.89893255921,-21446.64334764117,483.0,-1,-1,-1.0
31366,31456,8327.966293910686,9468.826151322268,303.0,-1,-1,-1.0
31367,31457,-5676.006486790888,-28039.049453961696,499.0,-1,25,-1.0
31368,31458,-35778.55575855998,37207.33712101824,54.0,-1,5,6.0
31369,31459,-3653.5278654603608,34277.42446717467,297.0,-1,48,-1.0
31370,31460,-33000.566779453795,24638.007008670407,143.0,-1,-1,-1.0
31371,31461,8904.468417386452,1470.9287962520905,331.0,-1,-1,-1.0
31372,31462,-268.6762435803321,36419.1378740162,73.0,-1,48,-1.0
31373,31463,-22801.314772899917,3534.40438711406,223.0,-1,-1,-1.0
31374,31464,3927.061451998001,-20086.14187908286,290.0,-1,-1,-1.0
31375,31465,25683.677606720245,12405.912249739356,149.0,-1,-1,-1.0
31376,31466,-17871.20138389204,27584.722521646487,471.0,-1,48,-1.0
31377,31467,-12069.376974592938,-1840.221718608198,164.0,-1,-1,-1.0
31378,31468,-6807.151412806888,-8871.80289798633,415.0,-1,31,-1.0
31379,31469,34862.32101421947,-10869.4058291928,121.0,-1,-1,-1.0
31380,31470,-12252.71441524077,5430.328222557109,298.0,-1,-1,-1.0
31381,31471,-3756.7848025698695,27676.864182672303,134.0,-1,48,56.0
31382,31472,17603.67798520146,-23278.113270188507,347.0,-1,-1,-1.0
31383,31473,24599.16332792186,5647.457986461886,183.0,-1,-1,-1.0
31384,31474,-12810.02817456357,17180.606000479078,165.0,-1,-1,-1.0
31385,31475,5125.605773435796,-4040.388926548236,404.0,-1,-1,-1.0
31386,31476,31410.835581534226,3875.384187200827,36.0,-1,-1,-1.0
31387,31477,-34149.21755129134,-39074.63376998731,390.0,-1,-1,-1.0
31388,31478,8724.578911185898,-26468.982166584254,456.0,-1,31,-1.0
31389,31479,21882.664611197222,38326.21226024341,98.0,-1,-1,-1.0
31390,31480,7578.099445133761,-13291.36543265544,284.0,-1,-1,-1.0
31391,31481,-4776.104166014331,-14464.215479582406,413.0,-1,31,35.0
31392,31482,-32619.765629538342,31279.76736441691,384.0,-1,6,-1.0
31393,31483,31013.848340725686,25582.38625206388,359.0,-1,-1,-1.0
31394,31484,-29359.41628291284,-39918.105384670926,155.0,-1,-1,-1.0
31395,31485,39904.309322632485,33980.59407840029,172.0,-1,-1,-1.0
31396,31486,35065.461159802435,-6075.940403274886,322.0,-1,33,-1.0
31397,31487,-4165.685290543086,9830.428226112548,143.0,-1,-1,-1.0
31398,31488,-9683.65547178842,24833.11434123073,438.0,-1,-1,-1.0
31399,31489,14789.038957305827,9598.3123932315,247.0,-1,2,-1.0
31400,31490,-7323.497049208621,-22484.42726844823,428.0,-1,7,-1.0
31401,31491,23856.862792586224,-27444.10062363923,316.0,-1,-1,-1.0
31402,31492,-4229.149026362567,37371.55664504107,142.0,-1,-1,-1.0
31403,31493,16781.61184942013,6798.614200879601,441.0,-1,2,-1.0
31404,31494,14143.797548053915,-29768.293860892656,169.0,-1,3,-1.0
31405,31495,-24007.102743736563,-17635.2461253655,371.0,-1,-1,-1.0
31406,31496,21358.96890783262,38606.77867273725,56.0,-1,-1,-1.0
31407,31497,-9114.972958948194,-30892.459682922563,167.0,-1,-1,-1.0
31408,31498,-37462.51960779297,-3269.384306536828,273.0,-1,-1,-1.0
31409,31499,4483.67752272269,34443.228885906254,385.0,-1,-1,-1.0
31410,31500,18105.796820001327,35914.33534088879,455.0,-1,30,-1.0
31411,31501,-25088.72088997449,-3590.12488490931,201.0,-1,41,-1.0
31412,31502,-20889.82244980806,12467.340297231864,206.0,-1,-1,-1.0
31413,31503,-948.545088709434,23519.2089709504,430.0,-1,-1,-1.0
31414,31504,-38301.14957018611,2551.502009222,193.0,-1,-1,-1.0
31415,31505,-1617.828838110487,-35111.30907279855,408.0,-1,-1,-1.0
31416,31506,-7282.833597710611,31023.867054951595,335.0,-1,-1,-1.0
31417,31507,14561.61029051386,-30854.646187208917,112.0,-1,-1,-1.0
31418,31508,2746.479057806311,-25219.85881990728,348.0,-1,-1,-1.0
31419,31509,30552.824843629583,38841.17999270975,67.0,-1,-1,-1.0
31420,31510,39649.86884039841,10433.758615664476,486.0,-1,-1,-1.0
31421,31511,8037.390218177781,3228.977173793268,335.0,-1,14,-1.0
31422,31512,36130.96386287487,-12326.315313565388,363.0,-1,-1,-1.0
31423,31513,-39702.93655940345,5471.629061672895,205.0,-1,-1,-1.0
31424,31514,-12195.648863065384,-19073.04374445318,105.0,-1,31,-1.0
31425,31515,7058.618863048134,17045.185276216478,442.0,-1,-1,-1.0
31426,31516,17043.40415125375,8548.486213653487,115.0,-1,-1,-1.0
31427,31517,11869.122808038324,18440.74686425594,354.0,-1,-1,-1.0
31428,31518,2370.1398370468887,-22330.5160624189,256.0,-1,31,-1.0
31429,31519,1745.2607954442865,22345.01491168169,152.0,-1,-1,-1.0
31430,31520,34736.80770169673,-31907.00134561761,103.0,-1,-1,-1.0
31431,31521,9384.502234252745,7152.732089873338,385.0,-1,2,-1.0
31432,31522,38811.39369855414,32528.155285283632,372.0,-1,10,-1.0
31433,31523,35930.189647842824,-20624.115083962344,387.0,-1,-1,-1.0
31434,31524,-24216.4832861702,31021.75640847665,193.0,-1,-1,-1.0
31435,31525,14511.252486201294,-20105.343130408128,232.0,-1,-1,-1.0
31436,31526,-29047.38370439427,-34702.506337860505,403.0,-1,-1,-1.0
31437,31527,-12136.84590631783,-35373.516578947114,455.0,-1,36,-1.0
31438,31528,-13153.227744812331,7739.281829381071,471.0,-1,-1,-1.0
31439,31529,-5155.329461057416,8205.043006506712,226.0,-1,-1,-1.0
31440,31530,-16103.873735852863,-23429.5351124294,290.0,-1,-1,-1.0
31441,31531,36597.457474627285,-6933.026617706826,197.0,-1,-1,-1.0
31442,31532,25147.80087644826,-18235.067168668676,446.0,-1,-1,-1.0
31443,31533,-38901.50628746805,-1650.3989637658017,59.0,-1,-1,-1.0
31444,31534,-32444.295534078592,-5525.165226745681,182.0,-1,-1,-1.0
31445,31535,-27329.44649382474,-37424.53079676684,320.0,-1,-1,-1.0
31446,31536,35378.982626075755,-28467.314817835944,307.0,-1,-1,-1.0
31447,31537,-29278.42198500832,25651.21372122322,240.0,-1,-1,-1.0
31448,31538,11430.893078601715,22504.22379005846,49.0,-1,-1,-1.0
31449,31539,-29401.550857380687,18609.0170813941,437.0,-1,40,-1.0
31450,31540,-10608.072419811291,-26324.071332920925,234.0,-1,17,-1.0
31451,31541,22396.305164412835,37413.5643297482,459.0,-1,-1,-1.0
31452,31542,-24115.391915597505,21118.65023521596,419.0,-1,37,-1.0
31453,31543,17789.879439511322,-37094.77526748021,222.0,-1,-1,-1.0
31454,31544,-3556.2750398070275,6625.129975249074,472.0,-1,27,-1.0
31455,31545,-34261.18563858688,-30832.055473203,49.0,-1,-1,-1.0
31456,31546,-38488.659403735,24397.57158710173,337.0,-1,-1,-1.0
31457,31547,-18110.402851990017,-2010.9014965144236,98.0,-1,43,-1.0
31458,31548,-4633.53953549578,9114.60831626846,282.0,-1,-1,-1.0
31459,31549,-14209.771859469303,-31380.311970878545,324.0,-1,-1,-1.0
31460,31550,-36553.69222184828,-1546.2529654592145,36.0,-1,29,-1.0
31461,31551,5459.425095945844,-13283.502999267,263.0,-1,-1,-1.0
31462,31552,-20283.854852485,26574.09477640438,183.0,-1,48,59.0
31463,31553,-5885.582843943943,-25047.260328552235,280.0,-1,-1,-1.0
31464,31554,-26684.281821663484,13765.28267024969,423.0,-1,-1,-1.0
31465,31555,21303.696664606447,-3869.4864341838174,433.0,-1,44,-1.0
31466,31556,-3800.176696094997,22473.413920128594,32.0,-1,-1,-1.0
31467,31557,31469.8664739674,-3096.347774312468,77.0,-1,-1,-1.0
31468,31558,20454.664155268583,34348.36591853011,242.0,-1,-1,-1.0
31469,31559,38907.80405914549,-1091.6328659167991,68.0,-1,-1,-1.0
31470,31560,-19003.731656519827,9264.214443214492,101.0,-1,-1,-1.0
31471,31561,-16744.600441476603,29253.693308441463,385.0,-1,48,61.0
31472,31562,17306.390819281434,14416.50983357426,70.0,-1,18,-1.0
31473,31563,-8923.725001310166,17164.432162657504,254.0,-1,-1,-1.0
31474,31564,-11987.162266599023,-15092.719818776735,324.0,-1,-1,-1.0
31475,31565,-7803.122741612373,-27371.763713955515,156.0,-1,-1,-1.0
31476,31566,38005.99304966877,-9121.85270833368,342.0,-1,-1,-1.0
31477,31567,-22051.907413289184,-19112.118553853845,241.0,-1,-1,-1.0
31478,31568,-7976.360398341305,-27020.444223269413,385.0,-1,-1,-1.0
31479,31569,19124.83940646598,-39086.92611655896,319.0,-1,-1,-1.0
31480,31570,7273.952198470368,30675.33668209208,313.0,-1,48,-1.0
31481,31571,-29788.725354982227,-17796.906712063275,311.0,-1,-1,-1.0
31482,31572,11400.375393748473,15020.711562697465,106.0,-1,-1,-1.0
31483,31573,-13473.36005544812,-20776.37900830956,110.0,-1,-1,-1.0
31484,31574,-17794.59528086555,-16634.20851440948,346.0,-1,-1,-1.0
31485,31575,-11369.891704955036,-18528.43052844122,183.0,-1,-1,-1.0
31486,31576,37107.60827700135,14129.86179509099,86.0,-1,28,-1.0
31487,31577,8952.517767224883,-3694.887995611236,189.0,-1,-1,-1.0
31488,31578,-764.6666306741972,30938.79839800934,322.0,-1,48,57.0
31489,31579,4517.171913141552,-19990.54883846013,54.0,-1,-1,-1.0
31490,31580,16620.30417414692,-32968.63962281897,209.0,-1,3,-1.0
31491,31581,31527.980189841444,-2949.453878599408,93.0,-1,-1,-1.0
31492,31582,-11493.039958337147,-10383.182607401126,92.0,-1,-1,-1.0
31493,31583,9892.201729105303,-25023.34375857193,163.0,-1,-1,-1.0
31494,31584,11601.512796541683,10370.664784416782,375.0,-1,-1,-1.0
31495,31585,-5396.070027752845,-11378.472049336737,450.0,-1,31,-1.0
31496,31586,-27829.957934598177,35635.56735097185,356.0,-1,-1,-1.0
31497,31587,-17081.07521210598,6351.857753177676,178.0,-1,26,-1.0
31498,31588,6088.944344511991,-3049.2238086999423,2.0,-1,-1,-1.0
31499,31589,-8311.357671834772,-35810.50637605356,236.0,-1,-1,-1.0
31500,31590,36889.23853350461,23011.322282392008,125.0,-1,-1,-1.0
31501,31591,-33989.3887836655,-10714.057873599171,317.0,-1,-1,-1.0
31502,31592,-19082.914613198394,-39190.57184977625,369.0,-1,-1,-1.0
31503,31593,-34998.57268640569,-17476.78215575317,158.0,-1,-1,-1.0
31504,31594,-1020.512907447177,-12953.72272545789,62.0,-1,31,-1.0
31505,31595,-25129.301752048523,8108.103124362555,35.0,-1,-1,-1.0
31506,31596,-5316.151870207854,-34224.43450777451,315.0,-1,35,-1.0
31507,31597,-9321.509796242572,-36049.17864079677,204.0,-1,36,-1.0
31508,31598,33998.30268935874,13095.862354273777,225.0,-1,28,-1.0
31509,31599,23988.55180071469,-30345.106041174608,44.0,-1,-1,-1.0
31510,31600,-4699.810632945359,2465.655484255185,295.0,-1,27,-1.0
31511,31601,-33412.43264268988,-29272.962135274243,182.0,-1,-1,-1.0
31512,31602,30383.706523863308,30484.631232519285,273.0,-1,-1,-1.0
31513,31603,31756.697931407427,4089.730126684,365.0,-1,-1,-1.0
31514,31604,-1923.0674244555048,-19209.15572594878,302.0,-1,31,35.0
31515,31605,21043.87983956073,-13324.334546665214,241.0,-1,-1,-1.0
31516,31606,13364.637387328636,37822.57071504493,86.0,-1,-1,-1.0
31517,31607,7411.310614747847,-35580.63456299642,88.0,-1,1,-1.0
31518,31608,9522.19389937976,-23621.83691503624,496.0,-1,-1,-1.0
31519,31609,-3542.8717889045365,35290.03064292419,308.0,-1,48,-1.0
31520,31610,34540.16177590225,-18564.209520895325,69.0,-1,-1,-1.0
31521,31611,-1588.3185711668702,580.5060272835472,257.0,-1,22,-1.0
31522,31612,289.31153020427155,29843.828086136917,179.0,-1,48,-1.0
31523,31613,-6227.264954575483,26422.30776176526,103.0,-1,48,61.0
31524,31614,20071.227902711187,15107.773246855131,38.0,-1,18,-1.0
31525,31615,-8109.463178263664,36268.649419254754,209.0,-1,48,57.0
31526,31616,-29916.55540342399,36056.59800903589,490.0,-1,-1,-1.0
31527,31617,-8592.503634624089,31266.3620040346,131.0,-1,-1,-1.0
31528,31618,-33195.29683011169,25262.81257490955,457.0,-1,-1,-1.0
31529,31619,-22329.14255613111,-27664.58930877289,180.0,-1,-1,-1.0
31530,31620,11709.593972379473,9776.391922332055,399.0,-1,-1,-1.0
31531,31621,18471.36401439379,14783.658377786916,79.0,-1,-1,-1.0
31532,31622,-11105.12996241061,-39193.81780854761,304.0,-1,-1,-1.0
31533,31623,22019.50105598221,-13228.264244128924,261.0,-1,-1,-1.0
31534,31624,-20449.92403067236,36611.99743204635,344.0,-1,-1,-1.0
31535,31625,17195.389765285916,-12497.859837529511,464.0,-1,-1,-1.0
31536,31626,-1337.2925223193888,17669.79935855655,244.0,-1,46,-1.0
31537,31627,31457.78946214718,14050.975222254385,14.0,-1,-1,-1.0
31538,31628,14844.983733730602,-7857.4799115964815,328.0,-1,-1,-1.0
31539,31629,37620.4662527623,-20879.86988752002,423.0,-1,-1,-1.0
31540,31630,17895.284654134615,32886.37085622549,158.0,-1,-1,-1.0
31541,31631,28068.223662161312,33381.22342522119,414.0,-1,-1,-1.0
31542,31632,24578.019878707903,10783.248354732852,135.0,-1,-1,-1.0
31543,31633,-5134.639634157698,-20539.75931585133,226.0,-1,7,-1.0
31544,31634,9248.271012303972,30268.751407963195,45.0,-1,-1,-1.0
31545,31635,-24707.90506536699,-36477.01730283745,42.0,-1,-1,-1.0
31546,31636,-30092.196179690152,-30585.26897491044,97.0,-1,-1,-1.0
31547,31637,9530.063989583374,4881.78800839746,415.0,-1,-1,-1.0
31548,31638,-7002.256852873703,-35474.090116669395,175.0,-1,-1,-1.0
31549,31639,-19018.874087410062,27427.50851619146,178.0,-1,48,59.0
31550,31640,-1518.8039813337891,22632.43245383549,394.0,-1,-1,-1.0
31551,31641,-9767.02300711743,23728.733306964157,159.0,-1,-1,-1.0
31552,31642,10857.858490823171,6851.253645108001,208.0,-1,2,-1.0
31553,31643,-25592.98984375341,-13497.435924592872,62.0,-1,-1,-1.0
31554,31644,16004.013311344272,-25459.366734018065,239.0,-1,3,-1.0
31555,31645,-21126.099133911128,25648.11086829478,227.0,-1,-1,-1.0
31556,31646,20844.91326853,-33668.42104611141,478.0,-1,-1,-1.0
31557,31647,12540.960919340512,-16043.492070813798,124.0,-1,-1,-1.0
31558,31648,19267.372648972167,-35847.18232596768,116.0,-1,-1,-1.0
31559,31649,-13991.799258176015,-38229.70053167654,27.0,-1,-1,-1.0
31560,31650,39867.39967289212,33049.95573652671,457.0,-1,-1,-1.0
31561,31651,5418.974533201981,37295.96328127214,342.0,-1,-1,-1.0
31562,31652,-33889.397849551635,31076.01923382288,426.0,-1,6,-1.0
31563,31653,-33243.120813473884,-38815.3213207988,363.0,-1,-1,-1.0
31564,31654,-8298.957074867212,9799.45060386064,258.0,-1,-1,-1.0
31565,31655,-4874.872280760887,22927.74600962825,102.0,-1,-1,-1.0
31566,31656,-4653.64437387971,-26849.49056575496,462.0,-1,-1,-1.0
31567,31657,-33057.84989041793,-36793.44697053015,137.0,-1,-1,-1.0
31568,31658,-33916.33644517044,-33560.6994999422,326.0,-1,-1,-1.0
31569,31659,-24287.046679646646,-11968.45412507165,112.0,-1,-1,-1.0
31570,31660,25494.891052515733,-16691.748411908902,28.0,-1,-1,-1.0
31571,31661,-27044.45149077748,4284.950757060688,254.0,-1,-1,-1.0
31572,31662,-5295.394031224809,3092.704822813728,60.0,-1,27,-1.0
31573,31663,5213.253330265565,-30388.478368172717,3.0,-1,-1,-1.0
31574,31664,-1319.464237470325,28182.2109929953,177.0,-1,-1,-1.0
31575,31665,-7725.705797954455,6483.62539000799,264.0,-1,27,-1.0
31576,31666,19255.921658736035,-30630.76056234485,453.0,-1,-1,-1.0
31577,31667,16174.67515616618,32215.32020016368,229.0,-1,-1,-1.0
31578,31668,-29140.79943667104,-4237.2533903359945,447.0,-1,41,47.0
31579,31669,13400.082045391508,20289.389914329626,320.0,-1,-1,-1.0
31580,31670,25225.4782460374,8125.742200412082,360.0,-1,15,-1.0
31581,31671,580.7940075848528,-38450.57591046291,123.0,-1,-1,-1.0
31582,31672,8716.990305738873,-35911.62013908149,396.0,-1,-1,-1.0
31583,31673,-29575.24042623821,-33328.093146632804,283.0,-1,-1,-1.0
31584,31674,-5606.224540099465,-31953.49293832962,203.0,-1,-1,-1.0
31585,31675,24039.82029643745,2431.564450875936,39.0,-1,-1,-1.0
31586,31676,-12344.13340155685,-30546.00638053051,157.0,-1,-1,-1.0
31587,31677,-17517.713581754775,-274.2971412712868,488.0,-1,43,-1.0
31588,31678,17460.03702430676,21910.089220913414,33.0,-1,-1,-1.0
31589,31679,-8927.607641218965,-39370.21813675358,192.0,-1,-1,-1.0
31590,31680,-29502.3982516404,-3973.662418310705,410.0,-1,41,47.0
31591,31681,17168.700230785835,-27494.038073801617,392.0,-1,3,-1.0
31592,31682,6623.209531973596,-5039.871115909955,245.0,-1,-1,-1.0
31593,31683,-27482.702121359867,38603.53024634608,418.0,-1,-1,-1.0
31594,31684,32723.261201489742,-37131.22650893908,404.0,-1,-1,-1.0
31595,31685,39263.22816095098,-36361.37445543798,303.0,-1,-1,-1.0
31596,31686,13201.434610714896,-32879.391945776064,13.0,-1,-1,-1.0
31597,31687,17510.682478651062,-22747.15861717751,313.0,-1,-1,-1.0
31598,31688,-1248.1938275708162,7511.297734064647,428.0,-1,27,-1.0
31599,31689,10888.777637252257,10012.540672674671,239.0,-1,-1,-1.0
31600,31690,12329.957175059912,-24256.51126952528,51.0,-1,-1,-1.0
31601,31691,6020.640891688519,8498.650489832675,69.0,-1,-1,-1.0
31602,31692,-33318.86404840972,6922.323789652313,100.0,-1,-1,-1.0
31603,31693,441.94189437125897,15222.211634360996,398.0,-1,-1,-1.0
31604,31694,-12246.4633747658,-10635.155778259672,242.0,-1,-1,-1.0
31605,31695,1743.1784389482418,35163.24095540146,345.0,-1,-1,-1.0
31606,31696,-37109.243216751376,-34609.12561370883,137.0,-1,-1,-1.0
31607,31697,-34200.11075246406,9498.439944961952,127.0,-1,-1,-1.0
31608,31698,-34032.07322186383,16991.09124916898,401.0,-1,24,-1.0
31609,31699,36758.2339484253,36519.9881743696,112.0,-1,-1,-1.0
31610,31700,-32547.900586071704,-33620.74291665204,3.0,-1,-1,-1.0
31611,31701,28883.246041051767,-16560.156589534945,137.0,-1,-1,-1.0
31612,31702,-31119.55398325108,-5101.796888703924,62.0,-1,-1,-1.0
31613,31703,-3298.352735156368,23189.45675887052,101.0,-1,-1,-1.0
31614,31704,31423.071322995864,38874.22391438777,335.0,-1,11,-1.0
31615,31705,28353.40405152153,-38417.439340638,144.0,-1,-1,-1.0
31616,31706,-36153.65442867827,25652.225511245342,310.0,-1,-1,-1.0
31617,31707,24942.541721420712,-39616.8104824195,121.0,-1,-1,-1.0
31618,31708,-34858.23872600883,32042.33607571621,160.0,-1,-1,-1.0
31619,31709,28668.39176981985,21671.28734734169,84.0,-1,28,-1.0
31620,31710,-28141.963106801108,-15228.557474049963,236.0,-1,-1,-1.0
31621,31711,-7798.649183594949,25447.85053571481,202.0,-1,-1,-1.0
31622,31712,4867.708162860166,12272.362172048946,68.0,-1,-1,-1.0
31623,31713,-30215.13168841228,-32435.47206436814,75.0,-1,34,-1.0
31624,31714,-26465.610531523715,-26653.12911188701,22.0,-1,-1,-1.0
31625,31715,-2005.5808847776495,-39203.56875628186,198.0,-1,-1,-1.0
31626,31716,30805.783954354207,494.82580061351473,385.0,-1,-1,-1.0
31627,31717,32067.230691692195,8220.941560994412,426.0,-1,-1,-1.0
31628,31718,-29923.803894694887,33574.11828956538,428.0,-1,6,-1.0
31629,31719,1569.3114008498887,35954.64635104318,457.0,-1,-1,-1.0
31630,31720,20407.33455018153,21063.26336887288,453.0,-1,18,-1.0
31631,31721,-9208.041937674006,6539.79110465751,99.0,-1,27,-1.0
31632,31722,-14125.142185591936,-27348.03345264765,499.0,-1,-1,-1.0
31633,31723,6412.8663203277465,6632.837855055273,312.0,-1,-1,-1.0
31634,31724,10279.240141241877,-35613.87449158432,286.0,-1,-1,-1.0
31635,31725,-34366.9392204211,-1557.1846079107636,419.0,-1,-1,-1.0
31636,31726,21839.87270170987,26506.75680985152,480.0,-1,-1,-1.0
31637,31727,-4374.696043017553,5317.557220798612,470.0,-1,27,-1.0
31638,31728,-31483.872506045867,29325.72735582925,298.0,-1,-1,-1.0
31639,31729,39838.19438337584,-9198.33614985464,77.0,-1,-1,-1.0
31640,31730,-39400.469872648704,6099.536589820855,345.0,-1,-1,-1.0
31641,31731,7280.438166261789,25350.014501694925,436.0,-1,48,56.0
31642,31732,4945.741045377945,21981.83719086973,265.0,-1,46,-1.0
31643,31733,-18278.914638285296,18934.289345466157,366.0,-1,-1,-1.0
31644,31734,-22329.356883103024,18355.02538710019,177.0,-1,-1,-1.0
31645,31735,12277.292047435423,29464.599550641757,147.0,-1,-1,-1.0
31646,31736,-2734.4772158545748,-20554.700450286968,184.0,-1,-1,-1.0
31647,31737,4788.424493125945,-25983.028428891823,491.0,-1,31,-1.0
31648,31738,3133.13385699378,38396.18127890868,407.0,-1,-1,-1.0
31649,31739,-34126.82402133975,-9316.095084085748,198.0,-1,-1,-1.0
31650,31740,-23865.9295490674,-34397.21468890627,226.0,-1,12,-1.0
31651,31741,37179.30730705397,31266.30344460778,489.0,-1,-1,-1.0
31652,31742,-33054.674642394326,20846.288088297588,451.0,-1,-1,-1.0
31653,31743,12304.659618125632,14552.299865705383,162.0,-1,-1,-1.0
31654,31744,-39814.77135732144,2817.4879026484778,88.0,-1,-1,-1.0
31655,31745,12477.795018667137,-4969.2496568798015,107.0,-1,-1,-1.0
31656,31746,18686.044017538727,8217.985656749457,499.0,-1,-1,-1.0
31657,31747,-31167.501051389663,-9406.185761326407,31.0,-1,41,47.0
31658,31748,-18988.395007478797,839.5554643337091,245.0,-1,-1,-1.0
31659,31749,10995.803529934725,24668.36895526893,296.0,-1,48,-1.0
31660,31750,36921.61607474861,-18487.71884961176,319.0,-1,-1,-1.0
31661,31751,-20111.753018040134,24578.86722115545,324.0,-1,-1,-1.0
31662,31752,15953.931939221397,10307.365770793578,385.0,-1,-1,-1.0
31663,31753,-34427.02245630598,-34825.59089143013,250.0,-1,-1,-1.0
31664,31754,-12789.615224640816,-21750.65138620063,357.0,-1,-1,-1.0
31665,31755,-24139.911547043987,15171.992447473873,45.0,-1,-1,-1.0
31666,31756,19354.320156614434,5679.65776176309,15.0,-1,-1,-1.0
31667,31757,4348.558612660061,-13234.379247094566,179.0,-1,-1,-1.0
31668,31758,23626.56303477566,-36104.96893173198,379.0,-1,-1,-1.0
31669,31759,-29563.55185434429,975.9379918244376,61.0,-1,-1,-1.0
31670,31760,24918.113753033707,27772.55762946808,114.0,-1,-1,-1.0
31671,31761,-13354.776254919889,12141.16900014777,210.0,-1,-1,-1.0
31672,31762,31274.769517964247,-26111.237524054814,375.0,-1,45,-1.0
31673,31763,-27775.880810426665,15634.16310548682,447.0,-1,40,-1.0
31674,31764,11694.46873192797,-19507.40925581696,478.0,-1,-1,-1.0
31675,31765,-8688.533419358519,10568.449097494153,94.0,-1,-1,-1.0
31676,31766,24949.9057380823,-246.9989180005796,38.0,-1,-1,-1.0
31677,31767,-15759.676230125646,22848.17699227718,246.0,-1,48,-1.0
31678,31768,25933.628787291804,-14322.95472577005,164.0,-1,45,52.0
31679,31769,-34247.95714995111,-22046.29552971318,379.0,-1,39,-1.0
31680,31770,32700.816435912813,3771.0814024048814,49.0,-1,-1,-1.0
31681,31771,2393.319713853227,1781.4717785041505,290.0,-1,-1,-1.0
31682,31772,-10823.63235273114,38169.61358889243,201.0,-1,48,-1.0
31683,31773,7700.074243876792,24940.36958162941,483.0,-1,48,56.0
31684,31774,25928.13852293462,39232.61397568543,450.0,-1,-1,-1.0
31685,31775,2381.914527678309,-3122.489686005778,451.0,-1,-1,-1.0
31686,31776,-21378.400222190583,-36975.09374172797,115.0,-1,12,-1.0
31687,31777,39602.78617563607,33759.082243630575,56.0,-1,10,-1.0
31688,31778,21387.112305012703,18052.342630469717,65.0,-1,18,-1.0
31689,31779,-11222.032295885125,-31031.145297868738,323.0,-1,-1,-1.0
31690,31780,25126.165260695285,-1839.46580525647,457.0,-1,-1,-1.0
31691,31781,2724.390231961581,8768.756624673675,58.0,-1,27,-1.0
31692,31782,-19599.224834472945,14934.445530709156,264.0,-1,-1,-1.0
31693,31783,-34851.74203856364,-35852.31279590344,170.0,-1,19,-1.0
31694,31784,39641.78017118922,21002.870926533356,295.0,-1,-1,-1.0
31695,31785,27930.10903819256,22879.74620424808,70.0,-1,-1,-1.0
31696,31786,4701.186106640627,4529.52902763326,187.0,-1,14,-1.0
31697,31787,-4792.224572031962,17262.586781486483,390.0,-1,-1,-1.0
31698,31788,-35696.48485658736,-5725.319435917372,332.0,-1,-1,-1.0
31699,31789,-11937.940416309311,-23821.111755143,129.0,-1,-1,-1.0
31700,31790,-23264.45661184694,36109.57032885078,345.0,-1,-1,-1.0
31701,31791,-7860.809429406447,25833.494685313097,15.0,-1,48,61.0
31702,31792,-15946.006506129916,-22871.628685484728,314.0,-1,-1,-1.0
31703,31793,36852.59768333112,34595.155053390496,289.0,-1,-1,-1.0
31704,31794,-13635.03174645717,-10419.809203040168,321.0,-1,-1,-1.0
31705,31795,6254.3445685798215,-11759.89885279903,240.0,-1,-1,-1.0
31706,31796,17714.485144981678,-21782.68947412645,135.0,-1,-1,-1.0
31707,31797,-30725.089852110432,-21333.344267386103,99.0,-1,39,-1.0
31708,31798,39636.79417911563,-15329.717457842788,139.0,-1,-1,-1.0
31709,31799,-26312.105551706307,-34881.414451744604,491.0,-1,-1,-1.0
31710,31800,-21014.289881870667,37330.978157563295,102.0,-1,-1,-1.0
31711,31801,-32967.043140784415,-2838.399465542272,101.0,-1,-1,-1.0
31712,31802,-22154.135324084506,11917.618510785178,308.0,-1,40,-1.0
31713,31803,-4178.531682379777,-5913.925170568567,482.0,-1,-1,-1.0
31714,31804,-4317.01769630803,39138.25084031523,235.0,-1,-1,-1.0
31715,31805,33718.214993099915,-27045.332272336746,364.0,-1,-1,-1.0
31716,31806,19311.478178033867,32589.703960667262,490.0,-1,-1,-1.0
31717,31807,14921.332969527364,-5902.640398200536,291.0,-1,13,-1.0
31718,31808,-36976.82813392726,-25824.593883516118,197.0,-1,-1,-1.0
31719,31809,-10864.290163366892,-2923.3607489683927,441.0,-1,-1,-1.0
31720,31810,-9017.609560139688,-20071.678542038542,385.0,-1,-1,-1.0
31721,31811,28673.84697565508,-590.0855483516862,283.0,-1,-1,-1.0
31722,31812,39021.57318939219,-272.77100324516505,16.0,-1,-1,-1.0
31723,31813,-13408.089840950855,-23440.04493372358,412.0,-1,-1,-1.0
31724,31814,-17200.19669787244,-8652.782292072141,233.0,-1,43,-1.0
31725,31815,-26626.424973280416,29380.02195235186,8.0,-1,-1,-1.0
31726,31816,29047.624278203,22745.41599814203,426.0,-1,-1,-1.0
31727,31817,30226.7586165242,20915.814451530798,201.0,-1,-1,-1.0
31728,31818,27548.922761083435,29836.94891126336,354.0,-1,-1,-1.0
31729,31819,-24783.948201027844,-17834.05781391635,419.0,-1,-1,-1.0
31730,31820,20907.40249142936,-30105.287403964237,235.0,-1,-1,-1.0
31731,31821,15890.2676216822,20298.0177356121,132.0,-1,-1,-1.0
31732,31822,3884.5035330616593,34994.89891975086,58.0,-1,-1,-1.0
31733,31823,26913.113949232065,12925.04280461667,59.0,-1,15,-1.0
31734,31824,38789.09660217589,37863.86253725542,246.0,-1,-1,-1.0
31735,31825,7120.191009920418,-27166.65517857885,53.0,-1,31,35.0
31736,31826,30797.557988660963,-17825.216904020883,292.0,-1,-1,-1.0
31737,31827,15047.718164114456,13695.221939126408,224.0,-1,-1,-1.0
31738,31828,-13201.506589678427,14723.737753566404,268.0,-1,-1,-1.0
31739,31829,30963.600812959805,-1760.917817024187,484.0,-1,-1,-1.0
31740,31830,10475.325419344612,-13384.474748164746,100.0,-1,-1,-1.0
31741,31831,5839.435793895318,-39339.64926158216,74.0,-1,-1,-1.0
31742,31832,-22713.54450982516,36698.02069490559,54.0,-1,-1,-1.0
31743,31833,-29750.34377420685,-19045.992003909538,366.0,-1,-1,-1.0
31744,31834,-14373.100120608386,38417.3349851314,494.0,-1,-1,-1.0
31745,31835,-2731.305450763204,39351.774808851376,25.0,-1,48,-1.0
31746,31836,35811.81232271803,-6293.326625440786,271.0,-1,-1,-1.0
31747,31837,7507.177265405997,10192.443267870236,474.0,-1,-1,-1.0
31748,31838,3213.8114927986826,-17205.45566703165,425.0,-1,31,-1.0
31749,31839,-23121.186608348693,-27141.746194855998,249.0,-1,-1,-1.0
31750,31840,13038.127293132393,-35052.21401644018,203.0,-1,4,-1.0
31751,31841,-996.292740153498,37607.13197679812,482.0,-1,-1,-1.0
31752,31842,31956.1113691738,-11883.96188487352,207.0,-1,-1,-1.0
31753,31843,-3100.2032494382,34874.03501274166,341.0,-1,-1,-1.0
31754,31844,-28956.60060753333,-20740.010030963924,484.0,-1,39,-1.0
31755,31845,-27265.681292334608,14662.181358064356,329.0,-1,40,-1.0
31756,31846,6728.86754639299,16943.909106752544,414.0,-1,-1,-1.0
31757,31847,-21082.359059701128,-35196.89027124836,296.0,-1,-1,-1.0
31758,31848,13592.512181478742,-27065.225033105788,394.0,-1,3,-1.0
31759,31849,4799.433202484892,24350.60319844817,348.0,-1,-1,-1.0
31760,31850,-27877.35375729511,-29291.82689605515,352.0,-1,-1,-1.0
31761,31851,38171.80363725385,12326.58239375704,347.0,-1,-1,-1.0
31762,31852,18549.25753609773,7909.967148090887,362.0,-1,2,-1.0
31763,31853,31149.732702086083,23762.258738739445,341.0,-1,-1,-1.0
31764,31854,-5992.9387817829775,-33334.47254056348,466.0,-1,35,-1.0
31765,31855,-9286.08172560356,25934.14025410582,348.0,-1,-1,-1.0
31766,31856,5762.10322551323,1060.249613894288,58.0,-1,-1,-1.0
31767,31857,11305.17024576472,24951.67864605921,295.0,-1,-1,-1.0
31768,31858,-26056.83011832246,19322.997851304004,476.0,-1,-1,-1.0
31769,31859,-23894.09484398783,3577.60578872569,454.0,-1,-1,-1.0
31770,31860,-24585.019458783758,3381.5182413440707,152.0,-1,-1,-1.0
31771,31861,-6997.351623534865,-17033.488658308248,116.0,-1,-1,-1.0
31772,31862,-9527.120517976296,-28640.59604884765,206.0,-1,-1,-1.0
31773,31863,-11301.604440083003,-12451.550729490313,18.0,-1,-1,-1.0
31774,31864,-13953.730091614594,-26933.34044125765,289.0,-1,17,-1.0
31775,31865,-25413.395950969058,-22183.150217035894,283.0,-1,-1,-1.0
31776,31866,11785.798147069065,-30041.49185897997,222.0,-1,-1,-1.0
31777,31867,9036.168238711572,-36649.090058056776,434.0,-1,1,-1.0
31778,31868,4117.739785727863,20626.69276567309,170.0,-1,46,-1.0
31779,31869,32821.5410844992,18738.5904318878,71.0,-1,28,-1.0
31780,31870,-1065.9785328767175,-10678.685459655604,296.0,-1,31,-1.0
31781,31871,26058.470560264,13821.51067505037,224.0,-1,-1,-1.0
31782,31872,-23078.47214227981,31343.51060431481,314.0,-1,-1,-1.0
31783,31873,-21579.26825283286,10991.210005482875,370.0,-1,-1,-1.0
31784,31874,-18082.26825632356,4056.0374311908527,109.0,-1,-1,-1.0
31785,31875,32107.08856571847,38712.22416247524,33.0,-1,-1,-1.0
31786,31876,13597.844504942186,22315.97479124049,409.0,-1,-1,-1.0
31787,31877,17719.208796773673,-13565.402755830715,324.0,-1,44,-1.0
31788,31878,16017.41083415124,2263.5423182879604,403.0,-1,2,-1.0
31789,31879,8609.261628846267,38556.886794995546,433.0,-1,-1,-1.0
31790,31880,-39265.98622293454,-32296.73310593843,279.0,-1,-1,-1.0
31791,31881,39747.555481334566,-1415.4201859935347,273.0,-1,-1,-1.0
31792,31882,3545.176657616408,1762.3625891276024,165.0,-1,-1,-1.0
31793,31883,6202.731756706744,32191.327248152436,409.0,-1,-1,-1.0
31794,31884,33336.57164262234,-36652.28313732381,155.0,-1,-1,-1.0
31795,31885,-28402.786649708505,-21500.049992361583,19.0,-1,39,-1.0
31796,31886,-8971.235394002637,36003.51691070739,381.0,-1,48,60.0
31797,31887,-33220.52835329628,-32996.61509698464,142.0,-1,-1,-1.0
31798,31888,27798.784899598788,-34152.22829755778,176.0,-1,-1,-1.0
31799,31889,-25904.14444379226,1687.5494099736609,307.0,-1,41,-1.0
31800,31890,-4263.498780643626,33168.059127577,244.0,-1,-1,-1.0
31801,31891,20359.05516634792,-31691.15492739728,54.0,-1,-1,-1.0
31802,31892,26383.379585380942,32610.906314868535,163.0,-1,-1,-1.0
31803,31893,-23053.898719307585,-27590.53106132634,294.0,-1,-1,-1.0
31804,31894,-18590.164722698966,12869.564178732027,141.0,-1,-1,-1.0
31805,31895,-25016.851640409368,8683.324342431137,356.0,-1,-1,-1.0
31806,31896,1080.343913971672,34668.163967023866,403.0,-1,-1,-1.0
31807,31897,3368.5318351952155,-10612.86781400778,4.0,-1,-1,-1.0
31808,31898,4439.860016300729,33243.12166739894,225.0,-1,-1,-1.0
31809,31899,-25181.98653175081,-34752.644709429325,416.0,-1,12,-1.0
31810,31900,2645.2880024107435,-22090.03476939176,478.0,-1,31,-1.0
31811,31901,-38040.64630005112,-6791.386345836756,176.0,-1,-1,-1.0
31812,31902,32149.062456270607,-23802.124519123245,135.0,-1,45,-1.0
31813,31903,-9703.80405081105,34960.37887444004,169.0,-1,-1,-1.0
31814,31904,-33229.580788113635,-38333.56762440308,25.0,-1,-1,-1.0
31815,31905,-28196.279458439272,3993.7774444593088,307.0,-1,-1,-1.0
31816,31906,33867.751388673016,-188.43996911142312,109.0,-1,-1,-1.0
31817,31907,11800.934068780734,837.0979219691872,80.0,-1,-1,-1.0
31818,31908,28626.06903069896,54.61220891467383,171.0,-1,-1,-1.0
31819,31909,-4428.047273737859,31770.61310435315,496.0,-1,-1,-1.0
31820,31910,12340.920203065723,23674.53887936473,248.0,-1,-1,-1.0
31821,31911,4998.803129449268,-6965.574970582667,331.0,-1,-1,-1.0
31822,31912,-8339.177711200377,-16294.72293443654,190.0,-1,-1,-1.0
31823,31913,24001.536232186525,25607.309389161688,472.0,-1,-1,-1.0
31824,31914,37349.227686832935,-18864.08095182244,113.0,-1,-1,-1.0
31825,31915,11187.637648849974,34370.109457368424,366.0,-1,-1,-1.0
31826,31916,-14965.371370908506,32361.898363745622,286.0,-1,-1,-1.0
31827,31917,33854.10827478043,-4706.342196754522,17.0,-1,33,-1.0
31828,31918,26566.19918840917,-38879.506467457904,467.0,-1,-1,-1.0
31829,31919,-9632.122514777137,-32018.87210775352,131.0,-1,-1,-1.0
31830,31920,20434.027765689883,-4549.206621196798,185.0,-1,-1,-1.0
31831,31921,-7336.421046150575,23519.217666712524,498.0,-1,-1,-1.0
31832,31922,38298.44453201209,13299.705073104473,116.0,-1,-1,-1.0
31833,31923,2893.360933602409,32932.60876474902,469.0,-1,48,-1.0
31834,31924,-9722.367997692574,4707.617461616967,471.0,-1,-1,-1.0
31835,31925,39608.367798801904,-5343.058314992144,307.0,-1,-1,-1.0
31836,31926,23491.452728820583,-24385.968782630123,272.0,-1,-1,-1.0
31837,31927,38095.70695913726,37023.61356724892,273.0,-1,-1,-1.0
31838,31928,-30420.77730041327,-34154.7726419527,88.0,-1,-1,-1.0
31839,31929,8998.702626403923,-17032.036147267205,0.0,-1,-1,-1.0
31840,31930,11875.509295756332,8684.250016591373,325.0,-1,2,-1.0
31841,31931,13238.1931662988,1218.5474489696644,238.0,-1,-1,-1.0
31842,31932,-11382.8503791821,-22694.249090398283,167.0,-1,-1,-1.0
31843,31933,-12292.85583542029,18166.191278462586,413.0,-1,-1,-1.0
31844,31934,432.41137011220417,25437.504730304136,371.0,-1,-1,-1.0
31845,31935,25991.831123400694,31448.57063197377,357.0,-1,-1,-1.0
31846,31936,26287.63603185317,-27079.817527536758,440.0,-1,45,-1.0
31847,31937,6904.110865520721,-30074.930266566436,146.0,-1,-1,-1.0
31848,31938,14150.552047581194,37034.39840077804,50.0,-1,-1,-1.0
31849,31939,22500.8608891911,9405.00034127666,406.0,-1,-1,-1.0
31850,31940,-5406.085007034082,26838.805121845275,290.0,-1,48,-1.0
31851,31941,13983.39981580514,-31471.30122509508,276.0,-1,-1,-1.0
31852,31942,-29885.738574944877,-11506.887152655285,295.0,-1,-1,-1.0
31853,31943,-14860.048814596994,30598.80213977689,337.0,-1,-1,-1.0
31854,31944,-11980.659618884416,17538.42912592229,384.0,-1,-1,-1.0
31855,31945,20808.06869782258,28205.55301342752,253.0,-1,-1,-1.0
31856,31946,-6492.917494452035,564.9169798560833,244.0,-1,-1,-1.0
31857,31947,20953.01263378434,22830.619976498143,87.0,-1,18,-1.0
31858,31948,-30485.02059535947,16765.31636822287,271.0,-1,-1,-1.0
31859,31949,3833.836422327833,-3005.9325771537697,123.0,-1,-1,-1.0
31860,31950,-34189.5937656736,32453.911301473257,440.0,-1,6,-1.0
31861,31951,5079.993132818854,30305.919166010208,352.0,-1,48,56.0
31862,31952,7228.427251759975,12155.543844109576,237.0,-1,8,-1.0
31863,31953,6208.426838327643,-7794.445579567651,116.0,-1,-1,-1.0
31864,31954,-9199.910576206075,-13085.231967872842,239.0,-1,31,-1.0
31865,31955,21514.038494229608,-243.0228648300763,275.0,-1,-1,-1.0
31866,31956,37889.064681428514,-16091.690851122325,495.0,-1,-1,-1.0
31867,31957,18349.53191907005,18967.40130706277,170.0,-1,18,-1.0
31868,31958,-34043.15131589964,14184.135568265592,453.0,-1,24,-1.0
31869,31959,-28732.40106252516,-39538.50281246674,160.0,-1,-1,-1.0
31870,31960,30687.72745809716,-14652.012868909362,67.0,-1,-1,-1.0
31871,31961,-12261.774998837129,-23977.712872678218,241.0,-1,-1,-1.0
31872,31962,1999.192567823673,15787.872349753932,157.0,-1,-1,-1.0
31873,31963,7076.114775925977,-34907.887145593006,112.0,-1,1,-1.0
31874,31964,-14657.446363269031,15354.828333732592,98.0,-1,-1,-1.0
31875,31965,31002.033798779757,5884.922262866399,37.0,-1,-1,-1.0
31876,31966,-13281.801396070838,-7152.712343687257,213.0,-1,-1,-1.0
31877,31967,-5807.902026041353,-36791.19588522301,311.0,-1,-1,-1.0
31878,31968,23386.80956977629,-16817.031566336125,129.0,-1,-1,-1.0
31879,31969,24355.61823059765,-12596.75141507489,250.0,-1,-1,-1.0
31880,31970,38871.53423904526,-37436.4735643085,389.0,-1,21,-1.0
31881,31971,-2159.0169406366117,-30361.866421266,358.0,-1,-1,-1.0
31882,31972,-5666.8964688566775,19844.54933139003,34.0,-1,-1,-1.0
31883,31973,933.7466510357262,-12796.15984989908,168.0,-1,31,-1.0
31884,31974,4310.819761345745,30624.897206702488,46.0,-1,48,-1.0
31885,31975,-22896.57824238179,29316.14787443231,346.0,-1,-1,-1.0
31886,31976,24784.12823007885,-2624.144700679637,10.0,-1,-1,-1.0
31887,31977,39208.46677175304,37113.41900410468,299.0,-1,-1,-1.0
31888,31978,-38960.89672888517,-19364.97128546084,46.0,-1,0,-1.0
31889,31979,12095.42847581682,-3341.869556195961,61.0,-1,-1,-1.0
31890,31980,-23769.708255797275,-876.8623267582734,194.0,-1,-1,-1.0
31891,31981,-39522.08837653376,20379.692092480604,141.0,-1,-1,-1.0
31892,31982,13902.27021024598,-22460.180762055614,372.0,-1,-1,-1.0
31893,31983,5887.072234574065,26602.16023523113,22.0,-1,-1,-1.0
31894,31984,-24391.94281394416,14343.600208865348,253.0,-1,-1,-1.0
31895,31985,17793.699792287,-15842.158666105304,437.0,-1,45,-1.0
31896,31986,16906.973740541507,28485.340407483323,93.0,-1,9,-1.0
31897,31987,-25522.273029604552,14577.100028522773,309.0,-1,-1,-1.0
31898,31988,9247.65098945996,35269.99823272218,183.0,-1,-1,-1.0
31899,31989,4003.677752007039,-31921.31607534063,33.0,-1,1,-1.0
31900,31990,36103.55564430411,-24456.35557477424,189.0,-1,-1,-1.0
31901,31991,-30211.311911510587,-2728.216232196908,230.0,-1,41,-1.0
31902,31992,-23017.252543549952,25988.217752367986,45.0,-1,48,-1.0
31903,31993,-15904.345456886134,-11192.502751960435,284.0,-1,-1,-1.0
31904,31994,-4510.662892528271,-259.487604990245,138.0,-1,-1,-1.0
31905,31995,36608.75260167626,39961.65373980907,481.0,-1,-1,-1.0
31906,31996,3358.66861848798,15841.971158587126,251.0,-1,8,-1.0
31907,31997,-2690.992622635429,-16613.43150183904,107.0,-1,31,-1.0
31908,31998,-20975.60127915076,-28705.37965506621,206.0,-1,-1,-1.0
31909,31999,-37895.51331904486,-3649.2083677617775,416.0,-1,-1,-1.0
31910,32000,-10569.59267949752,-30812.528522142,357.0,-1,-1,-1.0
31911,32001,30794.763141935924,34263.74579788909,87.0,-1,-1,-1.0
31912,32002,38974.36015359541,-13811.938249816623,115.0,-1,-1,-1.0
31913,32003,-1127.9773495773698,-24679.52885256314,435.0,-1,-1,-1.0
31914,32004,-38453.35806266479,-31567.82691537086,310.0,-1,20,-1.0
31915,32005,590.244576973244,-30276.30451537032,460.0,-1,-1,-1.0
31916,32006,20090.52235050024,-29997.68011245646,286.0,-1,-1,-1.0
31917,32007,31287.507171650563,-39114.622014309054,39.0,-1,-1,-1.0
31918,32008,-29790.286434793496,-20014.053797185225,11.0,-1,-1,-1.0
31919,32009,27653.935155462124,-19137.608614035307,460.0,-1,45,-1.0
31920,32010,-17256.98855466412,8838.7370105628,379.0,-1,-1,-1.0
31921,32011,9474.705213795394,-10730.045682976695,91.0,-1,-1,-1.0
31922,32012,15735.72488135488,-28972.113819327064,230.0,-1,3,-1.0
31923,32013,-24340.56538712741,-38512.08344459044,415.0,-1,-1,-1.0
31924,32014,21392.868728370995,-10687.202102304018,17.0,-1,-1,-1.0
31925,32015,31653.70574833412,-33584.5885211314,117.0,-1,-1,-1.0
31926,32016,877.152344840375,-34482.09093863878,379.0,-1,-1,-1.0
31927,32017,21829.178848875985,-33170.33817683723,33.0,-1,-1,-1.0
31928,32018,33548.48369594515,-9097.300891104016,8.0,-1,-1,-1.0
31929,32019,-2641.739346917566,-6528.748830918106,149.0,-1,-1,-1.0
31930,32020,14478.558537318466,-10203.564374742804,419.0,-1,-1,-1.0
31931,32021,37747.87105180553,5912.508150289381,132.0,-1,28,-1.0
31932,32022,10311.339956958089,-26831.506099611517,74.0,-1,-1,-1.0
31933,32023,1159.0373049947011,20034.75867680761,77.0,-1,46,-1.0
31934,32024,12111.893914961469,39753.92729744583,168.0,-1,-1,-1.0
31935,32025,21055.384249971663,35887.73618200097,236.0,-1,30,-1.0
31936,32026,-25178.75917117589,-9429.442243507949,264.0,-1,-1,-1.0
31937,32027,-25487.074849362256,30590.886983902383,467.0,-1,-1,-1.0
31938,32028,-36118.34137741198,-1400.1958984550802,129.0,-1,29,-1.0
31939,32029,-11965.262915808878,32483.86432144869,497.0,-1,48,-1.0
31940,32030,-11072.299776762797,-37019.30245628338,250.0,-1,36,-1.0
31941,32031,16546.092731448618,26219.496918181398,44.0,-1,9,-1.0
31942,32032,1133.695614522367,27369.363314543774,447.0,-1,48,-1.0
31943,32033,-753.8005665616365,15556.673641848742,169.0,-1,-1,-1.0
31944,32034,-33787.588096068015,16385.292278270892,97.0,-1,-1,-1.0
31945,32035,32958.18598097506,12219.96725593639,218.0,-1,-1,-1.0
31946,32036,9301.97544702937,-21823.559283551756,216.0,-1,-1,-1.0
31947,32037,6605.5306235199605,235.87393653170875,211.0,-1,-1,-1.0
31948,32038,39363.05528377245,-29122.232659602123,468.0,-1,-1,-1.0
31949,32039,11633.5244359239,17932.392050394832,331.0,-1,-1,-1.0
31950,32040,15977.858236937318,33948.57824244737,20.0,-1,-1,-1.0
31951,32041,-27952.99345467464,13564.853844070298,149.0,-1,-1,-1.0
31952,32042,14813.75704633032,-27826.111022145546,466.0,-1,3,-1.0
31953,32043,-22902.56014756318,10470.536784749122,27.0,-1,40,-1.0
31954,32044,-29393.642240662528,37551.09271633768,155.0,-1,-1,-1.0
31955,32045,8739.259768381315,12304.116149073276,310.0,-1,8,-1.0
31956,32046,39971.844276867865,34460.82791291378,299.0,-1,-1,-1.0
31957,32047,10326.473289802683,-10145.590394357652,398.0,-1,13,-1.0
31958,32048,5525.552677681568,27869.539976289365,355.0,-1,-1,-1.0
31959,32049,-12093.707164347476,33494.66564764193,206.0,-1,48,-1.0
31960,32050,4498.09103338034,-34142.89204639419,244.0,-1,-1,-1.0
31961,32051,10033.301073792034,9280.336459131133,365.0,-1,-1,-1.0
31962,32052,-2411.7642298010837,11831.868121572894,240.0,-1,-1,-1.0
31963,32053,-39024.21407407982,-12062.763766604408,276.0,-1,32,38.0
31964,32054,15953.32993277644,-32336.12435081093,69.0,-1,-1,-1.0
31965,32055,-36268.79393614032,-18697.58329313033,493.0,-1,-1,-1.0
31966,32056,9693.356367101696,-8392.299095638115,177.0,-1,13,-1.0
31967,32057,7.563335473816551,-30915.585974703623,45.0,-1,-1,-1.0
31968,32058,30496.913236676904,-9041.143005481754,335.0,-1,-1,-1.0
31969,32059,27737.30427436382,33266.00877895777,241.0,-1,-1,-1.0
31970,32060,8765.767343138723,-12587.8039963931,227.0,-1,-1,-1.0
31971,32061,-20355.307806565652,36896.00275361922,46.0,-1,-1,-1.0
31972,32062,8216.342472874137,20534.88705330501,77.0,-1,-1,-1.0
31973,32063,-11675.906173891432,-20803.652061125096,221.0,-1,-1,-1.0
31974,32064,38521.91647732277,-7552.6979885326,260.0,-1,-1,-1.0
31975,32065,11.327177490507893,6269.43414564633,459.0,-1,27,-1.0
31976,32066,-34806.59393982929,7748.325452930941,142.0,-1,-1,-1.0
31977,32067,22639.918216537822,-3592.382371997577,105.0,-1,44,50.0
31978,32068,-33596.1543145082,-21433.519614363955,396.0,-1,-1,-1.0
31979,32069,9568.90626446258,-22632.364155052743,316.0,-1,-1,-1.0
31980,32070,-37265.87456570574,-31088.699212788364,182.0,-1,20,23.0
31981,32071,-12536.31485774105,-32919.026532324155,485.0,-1,-1,-1.0
31982,32072,-16430.592046188827,-29253.956949013675,469.0,-1,36,-1.0
31983,32073,-27630.01649920669,-1950.0723865650216,470.0,-1,41,-1.0
31984,32074,-30500.33768706264,-14965.218909873956,152.0,-1,-1,-1.0
31985,32075,31266.660451979187,23442.53367292555,390.0,-1,-1,-1.0
31986,32076,-23555.315960795928,-8618.242687966122,104.0,-1,-1,-1.0
31987,32077,-6025.526836270823,35168.68104542307,460.0,-1,48,-1.0
31988,32078,-9928.814814053054,5755.731325505032,376.0,-1,-1,-1.0
31989,32079,-36446.01440514799,16203.574712054848,69.0,-1,23,-1.0
31990,32080,37714.672969323714,-11652.866490451725,400.0,-1,-1,-1.0
31991,32081,-28746.316291043106,-33971.08862529491,350.0,-1,-1,-1.0
31992,32082,-63.71181848982815,2272.912032433378,337.0,-1,22,-1.0
31993,32083,-4625.09928587477,-19473.110991769558,200.0,-1,7,-1.0
31994,32084,-27193.7529530872,27843.75935599729,356.0,-1,-1,-1.0
31995,32085,16163.023868399898,28910.611932772008,254.0,-1,9,-1.0
31996,32086,411.525909199896,-14242.330883561528,31.0,-1,31,-1.0
31997,32087,-36401.70830969719,-30999.67706591232,180.0,-1,20,-1.0
31998,32088,15562.395327440536,-8178.561058258583,87.0,-1,-1,-1.0
31999,32089,-5593.816382273646,2094.095378667822,325.0,-1,27,-1.0
32000,32090,-15128.039266357297,4752.593377072524,152.0,-1,26,-1.0
32001,32091,39444.05229319543,13217.192482309336,160.0,-1,-1,-1.0
32002,32092,-3731.006244022378,32737.820928743604,446.0,-1,-1,-1.0
32003,32093,-18960.96704433346,-9203.532245637252,40.0,-1,-1,-1.0
32004,32094,22001.801298689614,-34707.988671897736,326.0,-1,-1,-1.0
32005,32095,-24638.21559998149,-22106.06328473523,352.0,-1,-1,-1.0
32006,32096,18556.28741483663,12529.53312549083,384.0,-1,-1,-1.0
32007,32097,16653.66870199338,-15696.049263279816,292.0,-1,-1,-1.0
32008,32098,-10003.57224704195,3721.344783893219,412.0,-1,27,-1.0
32009,32099,1157.3018066259465,17953.171297778135,108.0,-1,-1,-1.0
32010,32100,5087.992278259648,200.1522963890457,30.0,-1,-1,-1.0
32011,32101,18895.857031072243,7418.006671832096,52.0,-1,-1,-1.0
32012,32102,18574.11646848383,-7951.512375981125,367.0,-1,-1,-1.0
32013,32103,13947.420628357717,33734.490892205475,172.0,-1,47,-1.0
32014,32104,13839.756340913787,-21941.43464613487,22.0,-1,-1,-1.0
32015,32105,-11214.037965701504,18240.999423947607,325.0,-1,-1,-1.0
32016,32106,-12601.62573855406,20064.16719394168,153.0,-1,-1,-1.0
32017,32107,-16095.114169703971,1123.2806840088087,367.0,-1,-1,-1.0
32018,32108,11621.410161242638,27903.69607619992,112.0,-1,-1,-1.0
32019,32109,-11752.089260997538,27546.5177337308,416.0,-1,48,-1.0
32020,32110,-33941.46033194998,13084.31252080034,455.0,-1,24,-1.0
32021,32111,-2838.894319907573,13892.267617452606,57.0,-1,-1,-1.0
32022,32112,-18933.13623643998,-1998.890468090016,396.0,-1,43,-1.0
32023,32113,35413.89568274579,6331.465462127169,73.0,-1,28,-1.0
32024,32114,29572.098468929427,-11321.294377757493,11.0,-1,-1,-1.0
32025,32115,16007.398032134435,-9834.443455127628,45.0,-1,-1,-1.0
32026,32116,13795.673794309834,10508.35359147124,16.0,-1,-1,-1.0
32027,32117,38389.045368043226,20370.14372841661,380.0,-1,28,32.0
32028,32118,-772.9395747817252,-2799.6603211039182,448.0,-1,-1,-1.0
32029,32119,-20331.84345532433,-10099.097444011244,92.0,-1,-1,-1.0
32030,32120,-10481.646744579168,11126.405521169989,491.0,-1,-1,-1.0
32031,32121,14751.539592313631,29795.06321196044,208.0,-1,-1,-1.0
32032,32122,-4633.632293656483,-19217.673662302783,140.0,-1,7,-1.0
32033,32123,-10251.232060510578,-12017.492290560269,5.0,-1,31,-1.0
32034,32124,2990.7389910347338,27199.30300422129,47.0,-1,48,-1.0
32035,32125,-22091.873233385213,33668.97443490152,473.0,-1,-1,-1.0
32036,32126,26183.688982551903,15314.266717661412,466.0,-1,-1,-1.0
32037,32127,-34087.71502742357,-37408.402300414,384.0,-1,-1,-1.0
32038,32128,22736.248138975898,32302.54096752728,495.0,-1,-1,-1.0
32039,32129,3331.9028395898786,31378.52128950077,292.0,-1,48,-1.0
32040,32130,8385.544164236453,-17874.932203208482,315.0,-1,-1,-1.0
32041,32131,-29872.76096746685,24718.54394245813,478.0,-1,-1,-1.0
32042,32132,-7260.498348217938,-9021.97153406278,67.0,-1,31,-1.0
32043,32133,2717.457293575877,28899.538607188035,60.0,-1,-1,-1.0
32044,32134,39245.73823043177,-39680.878755960206,323.0,-1,-1,-1.0
32045,32135,18088.60946898792,29168.29936211756,428.0,-1,-1,-1.0
32046,32136,2131.2064072258872,3070.227032436669,304.0,-1,-1,-1.0
32047,32137,10113.718130028858,20115.03851987629,296.0,-1,-1,-1.0
32048,32138,-21918.669919981487,-22656.531534587557,25.0,-1,-1,-1.0
32049,32139,9369.821401243971,-23358.77643096275,171.0,-1,-1,-1.0
32050,32140,-28345.487492081105,-23303.76156178649,229.0,-1,-1,-1.0
32051,32141,35716.39949052555,9027.14140076533,364.0,-1,28,-1.0
32052,32142,36019.054767640104,252.93266994527949,203.0,-1,-1,-1.0
32053,32143,31407.98323637208,-18736.545847267556,334.0,-1,-1,-1.0
32054,32144,-3307.380021287019,-12897.949417170632,182.0,-1,31,-1.0
32055,32145,-32705.70698198463,-7165.279020535905,485.0,-1,-1,-1.0
32056,32146,27866.137094899488,7724.46882169423,86.0,-1,-1,-1.0
32057,32147,-33686.425765547145,14490.338411849809,391.0,-1,24,-1.0
32058,32148,31061.509587461,-28234.87220356812,155.0,-1,-1,-1.0
32059,32149,401.0387356445208,2859.345930141688,219.0,-1,-1,-1.0
32060,32150,-25963.92747727909,-24192.11198271183,268.0,-1,38,-1.0
32061,32151,-2685.2299772164624,-10353.92223420387,170.0,-1,31,-1.0
32062,32152,-37106.43974499901,-18995.51998244138,16.0,-1,0,-1.0
32063,32153,-38636.298027761615,-30760.30568256957,136.0,-1,20,-1.0
32064,32154,-27112.40735273005,-31571.01415337622,175.0,-1,-1,-1.0
32065,32155,19579.62591195493,-18875.019209369715,318.0,-1,-1,-1.0
32066,32156,-37663.96866642119,-11908.687966638612,463.0,-1,32,38.0
32067,32157,-26252.17445177838,5086.371350480884,196.0,-1,-1,-1.0
32068,32158,-22299.267988193136,18826.098806849677,415.0,-1,-1,-1.0
32069,32159,-20152.33666265388,26074.84144981205,166.0,-1,-1,-1.0
32070,32160,-34256.95998248596,-13300.677092560063,472.0,-1,-1,-1.0
32071,32161,-25415.231339238424,20135.36776772973,119.0,-1,37,-1.0
32072,32162,39810.20435565659,-21269.58635995013,435.0,-1,-1,-1.0
32073,32163,-7142.1985343085325,32622.5205869669,449.0,-1,-1,-1.0
32074,32164,2773.8951865254785,-12032.067000389505,292.0,-1,-1,-1.0
32075,32165,-20473.374254232564,28458.99655411931,456.0,-1,-1,-1.0
32076,32166,10016.40055863715,-10950.288711502082,6.0,-1,-1,-1.0
32077,32167,6707.5743932383775,-30839.237177918018,295.0,-1,-1,-1.0
32078,32168,12087.589201332155,-4258.469599329786,80.0,-1,-1,-1.0
32079,32169,38334.24704186039,-26426.685236238915,36.0,-1,-1,-1.0
32080,32170,-19036.190810652115,25960.86785226896,395.0,-1,-1,-1.0
32081,32171,-30366.335244876675,20870.38362266821,282.0,-1,-1,-1.0
32082,32172,-37514.64610127138,31356.12625019925,201.0,-1,-1,-1.0
32083,32173,36659.481687872016,38022.4677937872,198.0,-1,-1,-1.0
32084,32174,5833.672394732661,390.05831997025234,208.0,-1,-1,-1.0
32085,32175,11479.591540157831,-2728.4956581443257,187.0,-1,-1,-1.0
32086,32176,14563.90977704472,-17421.25470631934,217.0,-1,45,-1.0
32087,32177,-6485.96090339651,-39210.84994993453,478.0,-1,-1,-1.0
32088,32178,-6689.735598571388,1332.469033907364,472.0,-1,-1,-1.0
32089,32179,12147.801995700684,-4177.675014726454,335.0,-1,-1,-1.0
32090,32180,37611.97261785271,34073.422542968256,474.0,-1,10,-1.0
32091,32181,19831.083801917437,11282.281139489918,99.0,-1,16,-1.0
32092,32182,-39257.53957291005,-37302.70620121943,469.0,-1,-1,-1.0
32093,32183,26698.510698922764,37578.47801540271,199.0,-1,-1,-1.0
32094,32184,3347.504856393869,27716.858812611667,385.0,-1,48,56.0
32095,32185,-29777.130508185168,-13343.358322061373,248.0,-1,-1,-1.0
32096,32186,-38535.14377674223,27119.00070112638,445.0,-1,-1,-1.0
32097,32187,32016.55066217949,-12414.1763103753,275.0,-1,-1,-1.0
32098,32188,8150.235498704264,-19774.23211454957,366.0,-1,-1,-1.0
32099,32189,11442.94670240066,14116.185687888174,251.0,-1,-1,-1.0
32100,32190,-26093.21199132673,14256.73888986549,476.0,-1,40,-1.0
32101,32191,-32605.30692753787,9738.8205778373,496.0,-1,-1,-1.0
32102,32192,-30980.8699184436,-780.4502578613829,132.0,-1,29,-1.0
32103,32193,35569.27958257208,7779.240329623659,387.0,-1,28,-1.0
32104,32194,6176.484587048573,36195.62443955922,473.0,-1,-1,-1.0
32105,32195,38755.72936170087,-4087.7886607039472,362.0,-1,-1,-1.0
32106,32196,-10878.280749201303,-15203.504947138092,200.0,-1,31,-1.0
32107,32197,15733.211660727931,-3825.977084685837,306.0,-1,13,-1.0
32108,32198,16218.098893496865,38072.2611789348,48.0,-1,-1,-1.0
32109,32199,-18639.801345080035,-6776.644900717009,357.0,-1,-1,-1.0
32110,32200,-28493.735776854337,-9260.59523755841,112.0,-1,-1,-1.0
32111,32201,-10292.389499975368,-6257.560919790689,288.0,-1,-1,-1.0
32112,32202,39456.34539540045,37589.04381989248,39.0,-1,-1,-1.0
32113,32203,-25786.119990486462,-36781.54564498809,102.0,-1,-1,-1.0
32114,32204,-16863.35293747666,-9417.04951322178,489.0,-1,43,-1.0
32115,32205,-7947.861354871009,22073.4897673706,473.0,-1,-1,-1.0
32116,32206,-4154.257807750473,24973.871905864573,304.0,-1,-1,-1.0
32117,32207,-31677.961005358706,11479.96774594023,434.0,-1,-1,-1.0
32118,32208,9661.367513713463,-33055.284053378884,140.0,-1,-1,-1.0
32119,32209,30030.02139298171,29360.66060172512,468.0,-1,10,-1.0
32120,32210,18766.139437397185,19407.28536186356,16.0,-1,18,-1.0
32121,32211,4033.4128643718,38157.69858047103,220.0,-1,-1,-1.0
32122,32212,21586.399783236386,23805.753474512407,84.0,-1,-1,-1.0
32123,32213,-28893.500323188357,35765.99846251811,484.0,-1,6,-1.0
32124,32214,-19009.00182662487,-36584.914855936746,463.0,-1,-1,-1.0
32125,32215,-4994.200492957418,-30347.81744013264,376.0,-1,-1,-1.0
32126,32216,28047.850748667683,9091.39252387231,297.0,-1,15,-1.0
32127,32217,-37410.5725887308,-27747.15927549192,475.0,-1,20,-1.0
32128,32218,-16857.990942288277,-16804.17361119111,239.0,-1,-1,-1.0
32129,32219,6339.893616168745,-25834.350948347565,65.0,-1,31,35.0
32130,32220,-5140.649705663047,39382.40304209606,58.0,-1,-1,-1.0
32131,32221,34530.56054356962,27886.69027712503,437.0,-1,10,-1.0
32132,32222,-2610.061546322708,-21124.666833726307,316.0,-1,-1,-1.0
32133,32223,-30692.25092983766,-32539.1357859813,426.0,-1,34,-1.0
32134,32224,-29878.544685350404,37780.82320814722,47.0,-1,-1,-1.0
32135,32225,3031.235615348378,-20580.358763487537,401.0,-1,31,-1.0
32136,32226,-20752.582587056542,22973.31468917092,307.0,-1,-1,-1.0
32137,32227,4327.363279622274,-18527.187434993884,455.0,-1,-1,-1.0
32138,32228,-9904.536193669775,-11390.249066236784,144.0,-1,31,-1.0
32139,32229,-39416.94729716918,14458.25191628735,389.0,-1,-1,-1.0
32140,32230,-26127.071769547987,-33347.6696633651,196.0,-1,-1,-1.0
32141,32231,32579.76310990672,7942.4065332639,436.0,-1,-1,-1.0
32142,32232,-3452.34865486341,-12558.562570376638,269.0,-1,31,-1.0
32143,32233,-28257.98587371741,-12008.98685787676,316.0,-1,-1,-1.0
32144,32234,26376.68950179245,21507.071234183317,367.0,-1,18,-1.0
32145,32235,17085.172966333623,-1694.7523998776596,29.0,-1,-1,-1.0
32146,32236,27629.97392079291,-5170.670758434018,215.0,-1,-1,-1.0
32147,32237,27712.97938604046,27610.113689731705,355.0,-1,-1,-1.0
32148,32238,-36319.91502929577,8200.767125790997,440.0,-1,24,-1.0
32149,32239,36380.79414632895,-1248.8123304034962,54.0,-1,-1,-1.0
32150,32240,-10603.736044641526,12025.217553391914,118.0,-1,27,-1.0
32151,32241,-25375.36972410418,-13297.710731261815,25.0,-1,-1,-1.0
32152,32242,38441.27233453871,11480.344434058228,484.0,-1,-1,-1.0
32153,32243,7287.395924609213,4865.1386848861,51.0,-1,-1,-1.0
32154,32244,-26914.17555878285,-29201.75222675729,337.0,-1,-1,-1.0
32155,32245,7535.156708768343,26375.822527546843,315.0,-1,-1,-1.0
32156,32246,-14400.034273518766,-11073.140581064536,487.0,-1,-1,-1.0
32157,32247,-35814.643978837485,-2224.056615336136,469.0,-1,-1,-1.0
32158,32248,19634.130749177973,19217.38832856346,180.0,-1,18,-1.0
32159,32249,4985.69954732326,-22886.967664791184,339.0,-1,31,-1.0
32160,32250,-33853.61705768756,20284.21135206792,430.0,-1,-1,-1.0
32161,32251,-33992.14262827924,6791.066727754987,381.0,-1,-1,-1.0
32162,32252,37662.63723888507,-13200.963129445145,371.0,-1,-1,-1.0
32163,32253,33029.48017564122,25595.268549074128,359.0,-1,-1,-1.0
32164,32254,-5872.2662852123685,29843.90719165989,383.0,-1,-1,-1.0
32165,32255,13103.328782446762,-13512.486922862156,86.0,-1,-1,-1.0
32166,32256,17744.277978848928,23942.16946440375,443.0,-1,-1,-1.0
32167,32257,-33045.59495612811,-94.55806899649906,367.0,-1,-1,-1.0
32168,32258,32691.730831490266,-9684.530423269944,240.0,-1,-1,-1.0
32169,32259,-11648.82615798568,-19159.653544592413,71.0,-1,31,-1.0
32170,32260,21066.042710104182,-5917.4275718869685,225.0,-1,44,50.0
32171,32261,-4887.590579278447,24634.004116981858,453.0,-1,-1,-1.0
32172,32262,-23621.17911057029,-16247.841326396789,251.0,-1,-1,-1.0
32173,32263,20755.104094819733,-14547.190031257784,379.0,-1,-1,-1.0
32174,32264,32140.728496599346,36097.82176679093,209.0,-1,11,-1.0
32175,32265,39119.076837239394,-10398.561131928209,121.0,-1,-1,-1.0
32176,32266,-19752.79409495152,-32066.489126734883,279.0,-1,-1,-1.0
32177,32267,19309.090393096965,-21184.80895959717,349.0,-1,-1,-1.0
32178,32268,-22578.867295424843,5816.818609098693,303.0,-1,-1,-1.0
32179,32269,-6465.347595257401,-23570.865937244755,92.0,-1,-1,-1.0
32180,32270,-12795.872014115685,-6851.751858238225,388.0,-1,-1,-1.0
32181,32271,-7046.393406355404,-30418.55088098505,254.0,-1,-1,-1.0
32182,32272,31294.02884107431,4976.912588896019,346.0,-1,-1,-1.0
32183,32273,-5912.64491002493,-39125.55808627317,343.0,-1,-1,-1.0
32184,32274,-86.84938298538327,1580.123501607508,195.0,-1,22,-1.0
32185,32275,37606.17953303247,28419.078122203515,485.0,-1,-1,-1.0
32186,32276,-30464.389225097435,-33721.9499121534,453.0,-1,34,-1.0
32187,32277,-38630.14479584158,16865.107682631802,32.0,-1,-1,-1.0
32188,32278,24997.769848453383,24086.80913221406,34.0,-1,18,-1.0
32189,32279,-32610.508806937527,16927.203345987815,246.0,-1,-1,-1.0
32190,32280,-32094.910636616005,28066.338005526894,143.0,-1,-1,-1.0
32191,32281,-36017.81765159204,23296.261572098483,150.0,-1,-1,-1.0
32192,32282,15814.77913868423,-14638.405528264568,437.0,-1,-1,-1.0
32193,32283,22014.47647511808,10213.846399299053,39.0,-1,16,-1.0
32194,32284,-5117.119741368915,-2771.3330628732,485.0,-1,-1,-1.0
32195,32285,-17343.80922150386,-12301.209772605438,2.0,-1,42,-1.0
32196,32286,18806.895954440915,-37600.68786896246,357.0,-1,-1,-1.0
32197,32287,37428.836481203616,-18048.428861804685,201.0,-1,-1,-1.0
32198,32288,-27090.15010003984,1910.356845719849,124.0,-1,-1,-1.0
32199,32289,1924.4468723645768,14887.924241891656,250.0,-1,8,-1.0
32200,32290,-25791.26708972445,-6763.544352201396,317.0,-1,-1,-1.0
32201,32291,15985.512160804305,-26499.47259498026,309.0,-1,-1,-1.0
32202,32292,17212.319656884647,-2654.925608909267,110.0,-1,-1,-1.0
32203,32293,-31191.678909616283,-39738.882126153,332.0,-1,-1,-1.0
32204,32294,3859.4149708757177,10821.697776567438,343.0,-1,-1,-1.0
32205,32295,12458.210380025384,29940.333723054413,422.0,-1,-1,-1.0
32206,32296,-38412.95884424228,-17895.919713118023,17.0,-1,0,-1.0
32207,32297,29505.898677748017,33218.87385724136,98.0,-1,-1,-1.0
32208,32298,13273.906824093508,-8067.587569605152,396.0,-1,13,-1.0
32209,32299,20147.504061818705,-19955.41270332482,101.0,-1,-1,-1.0
32210,32300,-31630.875582946504,370.6792532962791,442.0,-1,29,-1.0
32211,32301,-1809.6431961905985,-20724.09230985991,153.0,-1,-1,-1.0
32212,32302,-21442.28609496367,31437.84243522973,4.0,-1,-1,-1.0
32213,32303,-35905.68674358803,-31600.861786019625,362.0,-1,20,-1.0
32214,32304,2185.5832356514147,35467.95940004752,202.0,-1,-1,-1.0
32215,32305,19376.84376757069,-15459.908494956897,175.0,-1,-1,-1.0
32216,32306,7815.675114992657,-39945.604053619165,466.0,-1,-1,-1.0
32217,32307,-15054.2758863304,-4134.36696042899,169.0,-1,-1,-1.0
32218,32308,17933.214252794984,-12928.10014089163,81.0,-1,44,-1.0
32219,32309,-9552.99114630904,-38192.12254298582,24.0,-1,-1,-1.0
32220,32310,-35391.26755399801,-37376.566349680215,229.0,-1,19,-1.0
32221,32311,13374.951750563,14871.363428369172,261.0,-1,-1,-1.0
32222,32312,-17320.797333820497,-5823.36881084014,278.0,-1,43,-1.0
32223,32313,-600.2450394787593,-36912.30357580034,108.0,-1,-1,-1.0
32224,32314,-3878.8537457477432,35186.94462401906,332.0,-1,48,-1.0
32225,32315,-15445.489750367216,21557.991423313884,340.0,-1,-1,-1.0
32226,32316,-1771.7113591009038,-36022.87090002292,379.0,-1,-1,-1.0
32227,32317,-5084.6075852229405,-27722.982027059545,322.0,-1,-1,-1.0
32228,32318,-14253.553036017594,-2918.6614144202467,298.0,-1,-1,-1.0
32229,32319,12359.80572608085,-20116.706756823933,371.0,-1,-1,-1.0
32230,32320,26981.33169721829,21813.39461194868,15.0,-1,-1,-1.0
32231,32321,-15235.371554578483,5263.463713102763,127.0,-1,26,-1.0
32232,32322,-17302.734264855077,17528.835217982538,353.0,-1,-1,-1.0
32233,32323,-20139.690226583454,-25526.85675198295,233.0,-1,-1,-1.0
32234,32324,-19329.726617212364,36120.12417753936,171.0,-1,-1,-1.0
32235,32325,-8967.302199396901,34905.01913477415,103.0,-1,-1,-1.0
32236,32326,-20121.69512218123,-25824.703848750607,130.0,-1,-1,-1.0
32237,32327,21282.949276132087,-35187.745873327694,279.0,-1,-1,-1.0
32238,32328,-35823.55354842005,13249.918367532797,67.0,-1,-1,-1.0
32239,32329,20456.30236165699,9942.857309185354,183.0,-1,16,-1.0
32240,32330,-37293.20842064511,26421.18691911173,200.0,-1,-1,-1.0
32241,32331,12544.686288669436,19945.639424217727,418.0,-1,-1,-1.0
32242,32332,-35629.38944672118,-15015.273427475178,444.0,-1,-1,-1.0
32243,32333,18060.12717144267,35767.45694627368,39.0,-1,30,-1.0
32244,32334,-31861.063498229894,-18518.81086541038,263.0,-1,-1,-1.0
32245,32335,-21979.225141399573,1957.840800596765,486.0,-1,-1,-1.0
32246,32336,-20533.98490326153,-32707.435732225476,355.0,-1,-1,-1.0
32247,32337,4157.17122269277,33644.54276798465,113.0,-1,-1,-1.0
32248,32338,33490.426407147286,-36211.69753750881,120.0,-1,-1,-1.0
32249,32339,-3638.1208839722167,26334.38707190685,431.0,-1,48,-1.0
32250,32340,-31693.44505850992,18033.25610191248,164.0,-1,-1,-1.0
32251,32341,-10358.45748116392,-29254.5871144333,52.0,-1,-1,-1.0
32252,32342,-2583.170541091953,34116.75937775696,420.0,-1,48,-1.0
32253,32343,10502.672995567678,14988.650313223969,200.0,-1,-1,-1.0
32254,32344,37250.83144783495,26296.90978658329,232.0,-1,-1,-1.0
32255,32345,1667.517365294014,-34890.67510889905,353.0,-1,-1,-1.0
32256,32346,7811.027151276743,3205.9042725176405,351.0,-1,14,-1.0
32257,32347,-3757.300785191779,7296.77841731294,336.0,-1,27,-1.0
32258,32348,32928.527464699655,-18297.48682856162,101.0,-1,-1,-1.0
32259,32349,12114.9997328256,38158.07930878516,5.0,-1,-1,-1.0
32260,32350,-13062.588733490284,24922.73763731372,277.0,-1,48,-1.0
32261,32351,-19944.474575754684,-2927.97441381323,412.0,-1,43,-1.0
32262,32352,-12462.938261586016,24236.939844584595,209.0,-1,48,-1.0
32263,32353,-22475.54499595472,10367.165769278952,463.0,-1,40,-1.0
32264,32354,-24434.79318819934,21506.753831817063,73.0,-1,-1,-1.0
32265,32355,6985.944336151893,38715.52266285704,426.0,-1,-1,-1.0
32266,32356,-7215.660598659335,11983.499659463669,11.0,-1,27,-1.0
32267,32357,-16599.15639986525,24425.58617100767,189.0,-1,-1,-1.0
32268,32358,39772.23045221239,7082.070769889782,184.0,-1,-1,-1.0
32269,32359,37427.55989323784,4472.611539428814,276.0,-1,28,-1.0
32270,32360,-12276.685199406971,-3414.2836332879524,223.0,-1,-1,-1.0
32271,32361,-21525.49131624801,39814.45462012749,452.0,-1,-1,-1.0
32272,32362,35727.53731059743,8245.46365052669,59.0,-1,28,-1.0
32273,32363,25236.480748988502,14553.019108280336,60.0,-1,-1,-1.0
32274,32364,-31188.86559831817,22469.412865596176,286.0,-1,-1,-1.0
32275,32365,24098.457493626724,5778.192905303265,121.0,-1,-1,-1.0
32276,32366,-7487.764929743851,5077.899040019693,313.0,-1,27,-1.0
32277,32367,22877.656506557745,6113.217069672464,337.0,-1,-1,-1.0
32278,32368,8613.262577966845,36578.74503129952,409.0,-1,-1,-1.0
32279,32369,7097.3829863063,-15438.824685388425,445.0,-1,31,-1.0
32280,32370,-39560.37577896553,7972.313129396127,200.0,-1,-1,-1.0
32281,32371,15899.97708647311,30650.22510413699,368.0,-1,-1,-1.0
32282,32372,-37166.95692341479,8311.296941660148,139.0,-1,24,-1.0
32283,32373,32401.369852983054,36020.60303785739,428.0,-1,11,-1.0
32284,32374,-26499.498588444545,3703.558833568575,340.0,-1,-1,-1.0
32285,32375,27893.809337804774,-6082.445107866901,211.0,-1,-1,-1.0
32286,32376,31268.69809168308,-5771.3247114760525,370.0,-1,-1,-1.0
32287,32377,29146.74075502696,6420.660593642257,333.0,-1,-1,-1.0
32288,32378,-38874.660656763976,-11041.954527433069,360.0,-1,-1,-1.0
32289,32379,11533.242779055625,-12862.279345195046,25.0,-1,-1,-1.0
32290,32380,17673.95035023232,-33505.631529465514,87.0,-1,-1,-1.0
32291,32381,9444.01880125927,32474.718946850568,270.0,-1,47,-1.0
32292,32382,15977.788866876006,-11942.722800432108,317.0,-1,-1,-1.0
32293,32383,20376.150230493105,21444.845871871417,323.0,-1,-1,-1.0
32294,32384,12764.200012678106,-2381.4173039725065,89.0,-1,-1,-1.0
32295,32385,19906.40819037366,-23282.944414130125,409.0,-1,-1,-1.0
32296,32386,19557.3708420904,21719.826914059464,482.0,-1,18,-1.0
32297,32387,-1521.128787018548,8643.929622363052,470.0,-1,27,-1.0
32298,32388,-28274.20361599952,-10649.768555020688,476.0,-1,-1,-1.0
32299,32389,-31549.57641271156,-29216.88474472288,373.0,-1,34,-1.0
32300,32390,-32935.51844229516,30694.06153664572,430.0,-1,6,-1.0
32301,32391,20026.10061690788,9366.798674218924,64.0,-1,16,-1.0
32302,32392,12965.703122596024,-19260.82095303566,128.0,-1,-1,-1.0
32303,32393,-21431.09532359934,-38046.42445765883,370.0,-1,12,-1.0
32304,32394,-24655.013408822484,-29133.75004117073,469.0,-1,-1,-1.0
32305,32395,-22804.45872868902,36458.295760599736,380.0,-1,-1,-1.0
32306,32396,26584.52736048012,-36831.34182147639,482.0,-1,-1,-1.0
32307,32397,-34075.20571716527,-19127.442088239368,178.0,-1,-1,-1.0
32308,32398,-17198.24705346614,-1125.5190958781386,162.0,-1,43,-1.0
32309,32399,3501.344560135549,38401.13842702274,428.0,-1,-1,-1.0
32310,32400,14899.000980954012,-31602.847028635297,99.0,-1,3,-1.0
32311,32401,5448.231717907307,-10081.54197433746,50.0,-1,31,-1.0
32312,32402,39806.10275680959,10680.159657532176,402.0,-1,-1,-1.0
32313,32403,-20440.79266409636,30626.090015675683,53.0,-1,48,-1.0
32314,32404,-25331.587470869657,-2650.49604968026,397.0,-1,-1,-1.0
32315,32405,-38199.34183400563,13329.804236137592,445.0,-1,-1,-1.0
32316,32406,26314.55991712192,-6887.457002935415,298.0,-1,-1,-1.0
32317,32407,17498.859438722982,4302.146440808421,183.0,-1,-1,-1.0
32318,32408,20197.567248972213,28996.87866094531,319.0,-1,30,-1.0
32319,32409,-30985.5646472604,7738.401398466311,158.0,-1,-1,-1.0
32320,32410,-221.52441627114604,26999.438533798093,110.0,-1,48,-1.0
32321,32411,-37115.61974079134,-17627.97256317051,437.0,-1,0,-1.0
32322,32412,36665.23235164117,4648.796135539116,79.0,-1,28,-1.0
32323,32413,-10369.983948595347,19588.098583416104,38.0,-1,-1,-1.0
32324,32414,15165.28251407246,-4234.698156696955,230.0,-1,13,-1.0
32325,32415,-7652.829891516965,9630.028405123225,487.0,-1,-1,-1.0
32326,32416,22112.61309782928,-19406.72483051268,373.0,-1,-1,-1.0
32327,32417,4688.788599042709,-25001.233376242693,30.0,-1,31,-1.0
32328,32418,-37793.16884699262,-14541.647756974451,80.0,-1,-1,-1.0
32329,32419,-29376.68394455468,5406.442331593062,157.0,-1,-1,-1.0
32330,32420,35109.97720293705,27241.44594000517,154.0,-1,10,-1.0
32331,32421,-25387.29357117744,28837.38770836669,70.0,-1,-1,-1.0
32332,32422,9593.717273723943,-13703.479257762538,393.0,-1,-1,-1.0
32333,32423,29024.582229267136,27061.229467166937,384.0,-1,-1,-1.0
32334,32424,12252.655782817332,-10025.755152549038,331.0,-1,13,-1.0
32335,32425,-5193.495649457109,-39805.58099117457,290.0,-1,-1,-1.0
32336,32426,-25398.926309317336,-9190.972469175678,206.0,-1,-1,-1.0
32337,32427,26190.62790023608,5290.374122065412,46.0,-1,-1,-1.0
32338,32428,28645.510005000207,17972.90954060421,63.0,-1,-1,-1.0
32339,32429,-10365.049036806651,-26799.21649745648,19.0,-1,17,-1.0
32340,32430,11011.385744500418,-9604.507156391424,391.0,-1,13,-1.0
32341,32431,-8908.183464347454,6846.236773714394,378.0,-1,27,-1.0
32342,32432,-37742.011616977725,-10458.128012717454,290.0,-1,32,38.0
32343,32433,-15710.774231791323,-17559.022843547475,196.0,-1,31,-1.0
32344,32434,13218.654115756215,6804.884531440934,252.0,-1,-1,-1.0
32345,32435,21847.063975090558,-7886.1486870632,231.0,-1,-1,-1.0
32346,32436,11583.034911186456,-6869.40266716935,364.0,-1,13,-1.0
32347,32437,15426.6498550104,-15147.24485234921,96.0,-1,-1,-1.0
32348,32438,-31453.367317902557,31375.87806055088,478.0,-1,-1,-1.0
32349,32439,-27343.07071782183,13801.839520259484,200.0,-1,-1,-1.0
32350,32440,35034.754777447684,-37491.56353716007,189.0,-1,-1,-1.0
32351,32441,-32653.68323282215,-22745.691769930963,3.0,-1,39,-1.0
32352,32442,-35265.23363609742,21040.56471716009,439.0,-1,-1,-1.0
32353,32443,-1983.15411624148,-31342.165995893545,331.0,-1,-1,-1.0
32354,32444,1461.431334587367,-1353.3306233662224,146.0,-1,-1,-1.0
32355,32445,31870.266103803675,27859.303025980043,189.0,-1,-1,-1.0
32356,32446,-36289.24844741046,-6866.877132933252,92.0,-1,32,38.0
32357,32447,5488.224843576114,-39243.542140969104,258.0,-1,-1,-1.0
32358,32448,18691.547241360204,-99.19977942194964,247.0,-1,-1,-1.0
32359,32449,-15969.739141635991,35309.028969099134,338.0,-1,-1,-1.0
32360,32450,-21809.22515817377,24645.11627194581,236.0,-1,-1,-1.0
32361,32451,-6954.966584848677,-38731.30423435978,220.0,-1,-1,-1.0
32362,32452,-20931.36345594172,34791.85193511291,479.0,-1,-1,-1.0
32363,32453,15848.412885539146,12556.327234214092,214.0,-1,-1,-1.0
32364,32454,31382.884269707705,27516.217282528843,149.0,-1,-1,-1.0
32365,32455,-11476.150772179964,14326.162988714255,185.0,-1,-1,-1.0
32366,32456,15705.730848174062,28643.87906780025,275.0,-1,9,-1.0
32367,32457,38138.07268975536,-36438.59319350387,346.0,-1,21,-1.0
32368,32458,-24213.176139042534,-6337.296792506386,117.0,-1,-1,-1.0
32369,32459,31108.99732423501,32602.967672084826,139.0,-1,-1,-1.0
32370,32460,-19112.678385527197,23023.332360012508,375.0,-1,-1,-1.0
32371,32461,-13779.552491594744,-12822.986890735448,138.0,-1,-1,-1.0
32372,32462,21437.545906629413,-19504.12641616645,242.0,-1,-1,-1.0
32373,32463,-28197.46127539027,-23982.329928556414,490.0,-1,-1,-1.0
32374,32464,18654.83424934411,-5897.534891896037,151.0,-1,-1,-1.0
32375,32465,-7877.30902846919,33341.04043957016,40.0,-1,-1,-1.0
32376,32466,-27453.234325338097,-14241.824949201004,297.0,-1,-1,-1.0
32377,32467,-36902.6590994603,13318.993117825696,431.0,-1,-1,-1.0
32378,32468,-2467.04071086894,-39645.06988662624,52.0,-1,-1,-1.0
32379,32469,-37660.89855897836,2122.1507278017016,462.0,-1,-1,-1.0
32380,32470,35041.6308379431,-8467.872173304717,104.0,-1,33,-1.0
32381,32471,14926.648809367274,-16937.273309071843,372.0,-1,45,-1.0
32382,32472,-7880.8524948858685,-27087.14603861714,230.0,-1,-1,-1.0
32383,32473,-7585.395364004482,-2142.361439183805,22.0,-1,-1,-1.0
32384,32474,35441.04190962536,-33380.53318241832,340.0,-1,-1,-1.0
32385,32475,22978.39059173693,29357.649289886103,242.0,-1,-1,-1.0
32386,32476,-18211.86953836164,-12440.909189673686,80.0,-1,42,-1.0
32387,32477,24843.80457002981,-31570.86006500673,288.0,-1,-1,-1.0
32388,32478,-19285.85265736377,31042.339865912145,378.0,-1,-1,-1.0
32389,32479,24151.904976307123,-39871.67182929206,441.0,-1,-1,-1.0
32390,32480,23634.148687407527,-9802.704795605878,363.0,-1,-1,-1.0
32391,32481,-33097.31227962019,-9711.259951518514,386.0,-1,-1,-1.0
32392,32482,-10911.27165302176,-8669.247300895346,365.0,-1,-1,-1.0
32393,32483,3029.636528648851,-38303.80915871526,21.0,-1,1,-1.0
32394,32484,-380.89054705134185,5203.75313784938,31.0,-1,27,-1.0
32395,32485,-28674.442310628983,-19613.546594181425,451.0,-1,-1,-1.0
32396,32486,23069.53580702884,17380.275679426915,151.0,-1,-1,-1.0
32397,32487,-906.5231536527644,27055.69773922827,426.0,-1,48,-1.0
32398,32488,-29677.3054676697,-25267.76493696708,112.0,-1,-1,-1.0
32399,32489,-9466.022071658948,38534.53325922767,30.0,-1,48,57.0
32400,32490,-35276.33065735216,11703.84240752423,191.0,-1,24,-1.0
32401,32491,32331.521133446207,30665.622216523538,273.0,-1,-1,-1.0
32402,32492,10706.902848167423,-12252.726729612525,429.0,-1,-1,-1.0
32403,32493,-15960.779597836066,15578.061703239386,289.0,-1,-1,-1.0
32404,32494,-19151.936580902056,8991.25750646503,78.0,-1,-1,-1.0
32405,32495,19837.343138942026,23190.148406624143,98.0,-1,18,-1.0
32406,32496,10720.158936030406,-29359.306962948984,419.0,-1,-1,-1.0
32407,32497,-5565.698221578328,19400.756484644626,384.0,-1,-1,-1.0
32408,32498,38260.47684901263,13006.580884406452,75.0,-1,-1,-1.0
32409,32499,-28136.08314839321,20379.074135075352,347.0,-1,-1,-1.0
32410,32500,-36705.453541897536,18926.89190958269,178.0,-1,-1,-1.0
32411,32501,19494.206507038994,-13665.064448027892,198.0,-1,-1,-1.0
32412,32502,8033.486797179554,18521.13562759724,447.0,-1,-1,-1.0
32413,32503,19387.501087663997,-27023.487562717048,6.0,-1,3,-1.0
32414,32504,-33998.124109142555,31496.82655528377,366.0,-1,6,-1.0
32415,32505,10522.454472897143,9099.125080238387,161.0,-1,-1,-1.0
32416,32506,4801.722128659203,11350.169934978308,261.0,-1,-1,-1.0
32417,32507,-17804.80941659235,-25302.10481792012,314.0,-1,36,-1.0
32418,32508,16631.27221347436,37809.88924582502,216.0,-1,-1,-1.0
32419,32509,37834.60727197425,34706.776850054346,225.0,-1,10,-1.0
32420,32510,-26856.069941233203,6695.14618416992,473.0,-1,-1,-1.0
32421,32511,16355.338773816708,38429.92347343023,327.0,-1,-1,-1.0
32422,32512,-11869.852587457824,17179.22755012478,397.0,-1,-1,-1.0
32423,32513,19792.8770608826,6871.5251088885125,78.0,-1,-1,-1.0
32424,32514,-25798.85075518604,19888.769257707063,479.0,-1,37,-1.0
32425,32515,-17862.2955896318,14477.867620587383,379.0,-1,-1,-1.0
32426,32516,-379.653329526358,9177.290317083774,3.0,-1,27,-1.0
32427,32517,6417.368034042833,39962.28507967657,53.0,-1,-1,-1.0
32428,32518,9336.997709382216,-17234.29290962284,181.0,-1,-1,-1.0
32429,32519,29179.72443912193,11113.773798189992,145.0,-1,15,-1.0
32430,32520,-18517.550996909948,38286.34344700536,33.0,-1,-1,-1.0
32431,32521,-15121.130699342808,-33248.05242355375,113.0,-1,36,-1.0
32432,32522,-8733.113813662792,-34073.44876473599,467.0,-1,-1,-1.0
32433,32523,-7623.755202665972,23774.59370709018,356.0,-1,-1,-1.0
32434,32524,-26282.95486919754,-18184.12960621176,275.0,-1,-1,-1.0
32435,32525,-4103.209248017236,4935.215070254279,9.0,-1,27,-1.0
32436,32526,21652.13482512054,29628.120358457643,304.0,-1,-1,-1.0
32437,32527,-39078.15408782823,-31850.13088158413,351.0,-1,-1,-1.0
32438,32528,-3088.1207798967152,19387.88811552775,102.0,-1,46,-1.0
32439,32529,-7520.826580455574,-14951.221866425043,312.0,-1,-1,-1.0
32440,32530,-32056.808799129038,-34002.482379490626,18.0,-1,-1,-1.0
32441,32531,-6078.12900577586,4927.63356694056,61.0,-1,-1,-1.0
32442,32532,10752.476775425166,2962.4272598414536,189.0,-1,-1,-1.0
32443,32533,-19834.470349492018,-24601.956753932485,309.0,-1,-1,-1.0
32444,32534,2195.6327292303467,-20623.329763655995,295.0,-1,31,-1.0
32445,32535,4044.948153377147,19437.12834533306,129.0,-1,-1,-1.0
32446,32536,-33068.07468019164,20359.58945971104,273.0,-1,-1,-1.0
32447,32537,22815.041720760608,29861.45697502527,245.0,-1,-1,-1.0
32448,32538,-9406.058199581606,-6436.015881772488,270.0,-1,-1,-1.0
32449,32539,21770.26702701227,25227.24812967544,324.0,-1,-1,-1.0
32450,32540,-16713.809279383102,12693.394882669898,42.0,-1,-1,-1.0
32451,32541,-24767.79255232041,-25739.561222216576,311.0,-1,38,-1.0
32452,32542,-15336.882811261888,-5298.504397263474,353.0,-1,-1,-1.0
32453,32543,14356.46057174349,-39691.71848510746,358.0,-1,-1,-1.0
32454,32544,-12948.693053763724,-34877.11213388739,207.0,-1,36,-1.0
32455,32545,7290.995074615799,18676.11217019715,3.0,-1,-1,-1.0
32456,32546,-5446.333035807736,-18225.48943245916,112.0,-1,-1,-1.0
32457,32547,-25171.53304943265,-16449.040501778807,191.0,-1,-1,-1.0
32458,32548,6199.488274247029,15363.404433823956,99.0,-1,8,-1.0
32459,32549,11360.088373941971,7456.730784822503,107.0,-1,2,-1.0
32460,32550,3653.440497711395,732.0908712716191,197.0,-1,-1,-1.0
32461,32551,-31527.67421798833,18751.914815037933,440.0,-1,-1,-1.0
32462,32552,16619.172787309682,17611.96224438052,337.0,-1,-1,-1.0
32463,32553,27517.90060525916,33743.35322708331,241.0,-1,-1,-1.0
32464,32554,31072.533489268502,28868.520535965028,226.0,-1,-1,-1.0
32465,32555,4435.580630475073,-2683.297417421316,376.0,-1,-1,-1.0
32466,32556,32247.868052590653,3793.4238829385504,490.0,-1,-1,-1.0
32467,32557,15457.86450180556,21070.52872567218,15.0,-1,-1,-1.0
32468,32558,1313.7671545264093,11989.812405436744,305.0,-1,-1,-1.0
32469,32559,-24061.49141217531,10887.23873318213,17.0,-1,-1,-1.0
32470,32560,11600.29038654596,-18053.939357273437,203.0,-1,-1,-1.0
32471,32561,26798.223509251256,30551.41478008173,286.0,-1,-1,-1.0
32472,32562,37216.2848373068,17269.271110623886,21.0,-1,28,-1.0
32473,32563,-3811.264155466248,-39377.019927867055,373.0,-1,-1,-1.0
32474,32564,-34833.46117357025,343.5243140641396,414.0,-1,29,-1.0
32475,32565,-2426.753689169658,-13356.177895040746,351.0,-1,31,-1.0
32476,32566,37657.03685077203,-19151.744364736256,56.0,-1,-1,-1.0
32477,32567,30055.373762643547,-18651.852555506943,359.0,-1,-1,-1.0
32478,32568,594.8121974831374,-6425.382132477556,21.0,-1,-1,-1.0
32479,32569,13391.033359734378,2025.7877671260069,353.0,-1,-1,-1.0
32480,32570,18912.92054774673,-24004.539961206578,137.0,-1,-1,-1.0
32481,32571,34704.391172302014,-8213.371494925737,118.0,-1,33,-1.0
32482,32572,-25644.83347228699,-17384.338400164204,48.0,-1,-1,-1.0
32483,32573,-16.439943790981488,6846.738276580967,151.0,-1,27,-1.0
32484,32574,13842.265223260008,-7689.074636140464,443.0,-1,13,-1.0
32485,32575,13271.644843375114,-29218.132494443267,498.0,-1,-1,-1.0
32486,32576,24868.74666357287,-3677.858424881757,14.0,-1,-1,-1.0
32487,32577,-11502.088258791317,-25075.76761729667,43.0,-1,17,-1.0
32488,32578,34090.29501260223,-19348.653987256625,116.0,-1,-1,-1.0
32489,32579,-38086.556721649526,-5688.82055508843,433.0,-1,-1,-1.0
32490,32580,-31314.088689947283,-26122.862565720687,439.0,-1,-1,-1.0
32491,32581,-3347.310250329057,-23162.502476961883,322.0,-1,25,-1.0
32492,32582,17759.39594129126,39299.74723034109,64.0,-1,-1,-1.0
32493,32583,22771.328453183785,-26866.087327051573,155.0,-1,-1,-1.0
32494,32584,35573.5403761661,35940.835244013535,315.0,-1,-1,-1.0
32495,32585,33128.146241796305,-35347.79127467343,453.0,-1,-1,-1.0
32496,32586,-12424.35890147914,27415.03890521248,199.0,-1,48,60.0
32497,32587,-5980.135580131217,1337.1014831616412,85.0,-1,-1,-1.0
32498,32588,20464.28465971262,-19418.618816442344,478.0,-1,-1,-1.0
32499,32589,-15729.146615710262,126.94045078720228,460.0,-1,-1,-1.0
32500,32590,-31835.001135907427,-15403.70474738368,96.0,-1,-1,-1.0
32501,32591,-16103.729699739775,-34514.9314148353,176.0,-1,36,42.0
32502,32592,-20325.21044872464,18643.5848888486,120.0,-1,-1,-1.0
32503,32593,1213.1602268081988,-3524.2720289443387,101.0,-1,-1,-1.0
32504,32594,8675.129698286124,32732.25236823062,118.0,-1,47,-1.0
32505,32595,-38032.2658628101,-18561.94957953475,429.0,-1,0,-1.0
32506,32596,22169.526018565677,-3311.6274068344865,491.0,-1,44,-1.0
32507,32597,-36526.56209055384,5429.769256637213,426.0,-1,-1,-1.0
32508,32598,26898.579471018005,-13400.610307631916,414.0,-1,45,-1.0
32509,32599,5598.427530893488,-30541.694191841183,490.0,-1,-1,-1.0
32510,32600,-686.1495816447568,-34616.51102820341,288.0,-1,-1,-1.0
32511,32601,23738.09320233448,-18788.383718858964,453.0,-1,-1,-1.0
32512,32602,19721.02230976877,7882.032235922074,246.0,-1,-1,-1.0
32513,32603,20140.939400777534,-12109.85962437353,211.0,-1,-1,-1.0
32514,32604,26035.67495058576,-16997.518753071647,298.0,-1,45,-1.0
32515,32605,-4254.141940702881,-15352.978381560788,78.0,-1,31,-1.0
32516,32606,-5172.098672822285,-32103.06144992724,339.0,-1,-1,-1.0
32517,32607,38941.46038687567,-21672.18786739256,367.0,-1,-1,-1.0
32518,32608,-16352.759528295364,-39522.457242275486,471.0,-1,-1,-1.0
32519,32609,6472.5489226849895,23260.660663261588,88.0,-1,-1,-1.0
32520,32610,-37272.81063672887,-30755.51879350076,220.0,-1,20,23.0
32521,32611,-24917.369948359625,-7320.058212011641,115.0,-1,-1,-1.0
32522,32612,31261.28806771488,-19891.34818680535,95.0,-1,-1,-1.0
32523,32613,1677.1389979379965,11716.77078165846,339.0,-1,-1,-1.0
32524,32614,-25655.17954506735,5487.113135887004,347.0,-1,-1,-1.0
32525,32615,-8691.311818035014,35265.13979591151,425.0,-1,-1,-1.0
32526,32616,-16288.07154840108,31815.746165716104,302.0,-1,-1,-1.0
32527,32617,-22227.769433689515,-9125.701542899984,127.0,-1,-1,-1.0
32528,32618,-1531.7281325508302,36166.356879072206,313.0,-1,48,57.0
32529,32619,-37241.549088624575,-18353.65605825026,293.0,-1,0,-1.0
32530,32620,28664.414024875063,35083.896369286944,468.0,-1,-1,-1.0
32531,32621,238.71286435481304,16903.566821563873,149.0,-1,-1,-1.0
32532,32622,39722.08550852492,-39387.3174106388,307.0,-1,-1,-1.0
32533,32623,-18958.849121605228,6621.571559909666,246.0,-1,-1,-1.0
32534,32624,-34802.469750327175,-4232.216548649885,441.0,-1,-1,-1.0
32535,32625,-9275.459824278452,15106.544094524856,110.0,-1,-1,-1.0
32536,32626,-18047.407220224755,31424.29027899468,246.0,-1,-1,-1.0
32537,32627,31857.3537172294,-37348.23887066917,387.0,-1,-1,-1.0
32538,32628,-36226.2072100218,-9948.422419220087,488.0,-1,32,38.0
32539,32629,-20617.830844669075,-27252.02790777072,359.0,-1,-1,-1.0
32540,32630,-21207.4404186711,19442.699336729034,238.0,-1,-1,-1.0
32541,32631,17823.522058681752,-13842.193676219027,132.0,-1,44,-1.0
32542,32632,-14451.563404794571,12052.758136657229,84.0,-1,-1,-1.0
32543,32633,-16785.865620594835,15760.01051154454,387.0,-1,-1,-1.0
32544,32634,-33555.83253981164,-23566.23144702696,208.0,-1,39,-1.0
32545,32635,-13915.59496623282,-558.1563077290484,298.0,-1,-1,-1.0
32546,32636,16859.52888904845,-16091.906646733783,232.0,-1,45,-1.0
32547,32637,24273.86936493088,32423.05431569193,156.0,-1,-1,-1.0
32548,32638,4064.308030847009,-32364.119029037432,23.0,-1,1,-1.0
32549,32639,4773.972841197407,-14701.572958637413,115.0,-1,-1,-1.0
32550,32640,-14289.64028338945,-31048.47493168996,372.0,-1,36,-1.0
32551,32641,5613.102897951154,-37912.04960238437,106.0,-1,1,-1.0
32552,32642,-25925.643845430484,19621.985887837636,237.0,-1,37,-1.0
32553,32643,14339.975462801092,3593.089512615581,33.0,-1,-1,-1.0
32554,32644,-7149.374439560663,29289.227484229545,257.0,-1,-1,-1.0
32555,32645,31205.9944633337,2656.176145825848,323.0,-1,-1,-1.0
32556,32646,-18959.576847326705,-14013.55807360723,65.0,-1,42,-1.0
32557,32647,-31018.098205702336,-39769.151261550025,335.0,-1,-1,-1.0
32558,32648,-26546.853020868664,13654.82575706677,126.0,-1,-1,-1.0
32559,32649,21280.03034568328,19503.750848486125,81.0,-1,-1,-1.0
32560,32650,20127.60435206074,14992.407600466198,141.0,-1,18,-1.0
32561,32651,19574.61039262737,-13542.94813887962,61.0,-1,-1,-1.0
32562,32652,-35623.61976191183,3476.3817582679912,475.0,-1,-1,-1.0
32563,32653,33397.98577335381,-8789.689544313718,209.0,-1,-1,-1.0
32564,32654,-13244.866317109108,-30214.04485631544,411.0,-1,-1,-1.0
32565,32655,-889.2948434273349,-25191.362808786704,350.0,-1,-1,-1.0
32566,32656,-26505.513829943804,-12865.904425288849,362.0,-1,-1,-1.0
32567,32657,29181.335396901093,37420.27481272747,279.0,-1,-1,-1.0
32568,32658,-1256.4999024483914,59.25788187285798,354.0,-1,22,-1.0
32569,32659,33599.62710193133,-31536.378433717266,206.0,-1,-1,-1.0
32570,32660,-20720.84179522746,-29404.046498964613,153.0,-1,-1,-1.0
32571,32661,6773.834483479361,-20812.207370247907,411.0,-1,-1,-1.0
32572,32662,32580.578360708183,36661.77149784814,253.0,-1,-1,-1.0
32573,32663,954.3152222543068,25785.262259990297,33.0,-1,-1,-1.0
32574,32664,-11291.092133117529,-9906.964302318294,327.0,-1,-1,-1.0
32575,32665,-28485.449270157304,27978.75175301198,173.0,-1,-1,-1.0
32576,32666,-19560.788299943997,798.5262816765826,233.0,-1,-1,-1.0
32577,32667,2800.137058221124,-33661.065851100066,400.0,-1,1,-1.0
32578,32668,38471.36414373998,-29085.369201057823,198.0,-1,-1,-1.0
32579,32669,3226.8917926809663,-30909.692815387403,126.0,-1,-1,-1.0
32580,32670,-34995.22378719065,-1490.4595250798302,427.0,-1,29,-1.0
32581,32671,-19865.46242506205,29344.574322801825,30.0,-1,48,-1.0
32582,32672,25817.1086325606,-26189.847403372754,407.0,-1,45,-1.0
32583,32673,-23864.75934631049,-17701.822630416376,151.0,-1,-1,-1.0
32584,32674,21155.86556996705,-21611.134688577586,4.0,-1,-1,-1.0
32585,32675,-6896.793980524592,8547.873956719086,3.0,-1,-1,-1.0
32586,32676,-33018.72733923091,-29577.305479177077,430.0,-1,34,-1.0
32587,32677,-34306.6126714182,37150.31892667485,443.0,-1,5,-1.0
32588,32678,1690.9467852881571,-22476.214165322064,31.0,-1,31,-1.0
32589,32679,-2786.921248709921,33907.43215859489,405.0,-1,48,-1.0
32590,32680,-2897.7173601701725,34977.74506789232,206.0,-1,-1,-1.0
32591,32681,14693.414972091125,19084.50774457753,429.0,-1,-1,-1.0
32592,32682,-3646.580607170814,-32248.54358950177,412.0,-1,-1,-1.0
32593,32683,29090.05695830354,28480.565065280505,78.0,-1,10,-1.0
32594,32684,16773.774855607167,10481.5017405427,450.0,-1,-1,-1.0
32595,32685,-11931.850409120929,-33185.43553743721,150.0,-1,-1,-1.0
32596,32686,27764.48473291281,-22945.41346140419,400.0,-1,-1,-1.0
32597,32687,-16922.133736571734,20718.835070067427,166.0,-1,-1,-1.0
32598,32688,-22198.33768224841,-4416.777749655128,53.0,-1,-1,-1.0
32599,32689,-3805.807935118384,22209.5657388246,465.0,-1,-1,-1.0
32600,32690,8697.75340105444,-21155.84136132365,451.0,-1,-1,-1.0
32601,32691,-21889.760509041032,21967.64322542261,496.0,-1,-1,-1.0
32602,32692,-25430.450868773543,5726.682640619561,200.0,-1,-1,-1.0
32603,32693,-3725.080368734765,-9865.38620912948,464.0,-1,31,-1.0
32604,32694,18062.385430857958,23265.83268028145,475.0,-1,-1,-1.0
32605,32695,20600.583426017096,10103.91858725655,442.0,-1,16,-1.0
32606,32696,-17639.219314100494,-24808.17518507423,383.0,-1,36,-1.0
32607,32697,-20314.11585089221,-35711.32268146558,97.0,-1,12,-1.0
32608,32698,-23462.540908144823,35307.37950071758,441.0,-1,-1,-1.0
32609,32699,-2549.338642867508,-1589.9193168909042,352.0,-1,-1,-1.0
32610,32700,-9631.483084308227,-8937.122136550774,495.0,-1,31,-1.0
32611,32701,-2369.48485766456,-33237.32299770764,417.0,-1,-1,-1.0
32612,32702,10150.938896392356,6589.631833522741,393.0,-1,2,-1.0
32613,32703,-131.86483829875215,24206.18909309965,188.0,-1,-1,-1.0
32614,32704,11340.368472522656,-24488.816308238813,67.0,-1,-1,-1.0
32615,32705,28685.72237016601,-22408.79380863283,299.0,-1,45,51.0
32616,32706,3968.172714150111,-7566.703831106763,69.0,-1,-1,-1.0
32617,32707,-12189.5888375781,-32432.653799585765,67.0,-1,-1,-1.0
32618,32708,-35869.94968084213,33593.57020307091,44.0,-1,-1,-1.0
32619,32709,17692.096251559735,-14201.276848754564,291.0,-1,44,-1.0
32620,32710,29255.180006558963,-19166.21306339258,4.0,-1,45,-1.0
32621,32711,-5642.635981652165,22675.379553297676,410.0,-1,-1,-1.0
32622,32712,-23811.568541451157,-14194.80014597296,12.0,-1,-1,-1.0
32623,32713,-33264.472516819784,31864.567894764943,196.0,-1,6,-1.0
32624,32714,-11942.440029918354,32836.26655073007,488.0,-1,48,-1.0
32625,32715,24309.82842814333,-33304.0963130585,129.0,-1,-1,-1.0
32626,32716,39156.23997183418,25211.65733115904,447.0,-1,-1,-1.0
32627,32717,-19802.192197583947,7176.548078814325,242.0,-1,-1,-1.0
32628,32718,2796.60586995128,22406.268955329862,341.0,-1,-1,-1.0
32629,32719,-34967.7387231782,2570.968706028936,408.0,-1,-1,-1.0
32630,32720,-21226.140579072384,39079.8866547784,64.0,-1,-1,-1.0
32631,32721,-28371.96887842735,-37026.20658482085,241.0,-1,-1,-1.0
32632,32722,-39324.40030776055,-37938.346332337394,308.0,-1,-1,-1.0
32633,32723,28509.69500415343,-3272.1889033754637,30.0,-1,-1,-1.0
32634,32724,-29900.37676445864,-16926.15431479373,471.0,-1,-1,-1.0
32635,32725,-36107.86461501177,-6792.179016254537,92.0,-1,32,38.0
32636,32726,-30203.23588851656,35156.68632877138,360.0,-1,-1,-1.0
32637,32727,37566.76119487519,-9350.42974070736,355.0,-1,-1,-1.0
32638,32728,7975.6321538203265,3247.66441633481,412.0,-1,14,-1.0
32639,32729,32536.309134317955,-6431.798250671396,170.0,-1,-1,-1.0
32640,32730,-38331.01492092681,2217.655189508216,28.0,-1,-1,-1.0
32641,32731,-22848.646399511425,19592.30971707017,412.0,-1,37,-1.0
32642,32732,10827.125377258708,31652.947499404298,181.0,-1,-1,-1.0
32643,32733,7384.667501602511,-4518.617531265147,297.0,-1,-1,-1.0
32644,32734,36193.832035265295,36017.27112555553,20.0,-1,-1,-1.0
32645,32735,12932.332892508224,9455.221726995243,398.0,-1,2,-1.0
32646,32736,-25494.22777071969,13257.435450358316,139.0,-1,40,-1.0
32647,32737,17595.74838688977,-1925.063766568448,188.0,-1,-1,-1.0
32648,32738,29686.938082779743,-9389.631617958046,162.0,-1,-1,-1.0
32649,32739,30050.13676292455,19398.754276559368,339.0,-1,-1,-1.0
32650,32740,-35650.978679851534,22706.804227161025,498.0,-1,23,-1.0
32651,32741,36434.75730371468,-21920.845232040032,388.0,-1,-1,-1.0
32652,32742,18576.662127041265,19008.68457112783,321.0,-1,18,-1.0
32653,32743,-33205.960228438584,11517.575152930978,113.0,-1,-1,-1.0
32654,32744,-9890.851661257748,17665.773827601413,264.0,-1,-1,-1.0
32655,32745,-16097.230663609933,6034.49884854877,186.0,-1,26,-1.0
32656,32746,-12264.484876165974,33399.61770046012,80.0,-1,48,-1.0
32657,32747,38249.35273438292,35857.89923127099,359.0,-1,-1,-1.0
32658,32748,-33846.69526049466,-9045.35587196916,369.0,-1,-1,-1.0
32659,32749,-23035.68344893345,-33118.818145007586,45.0,-1,-1,-1.0
32660,32750,25693.354794178245,22606.74563584745,153.0,-1,-1,-1.0
32661,32751,-1090.5441863050946,-12932.379498956718,422.0,-1,31,35.0
32662,32752,11827.122386209769,38854.333658907126,209.0,-1,-1,-1.0
32663,32753,-25360.61864166043,35387.22074764283,151.0,-1,-1,-1.0
32664,32754,-19559.32822278406,-2525.2784070387715,298.0,-1,43,-1.0
32665,32755,21336.44564213401,-354.3659735051697,314.0,-1,-1,-1.0
32666,32756,-35903.32906924853,-357.949512070365,252.0,-1,29,-1.0
32667,32757,-28860.135920297667,39733.674321173065,149.0,-1,-1,-1.0
32668,32758,38228.383544337164,35310.68271014327,20.0,-1,-1,-1.0
32669,32759,25368.46752900693,-38663.99894830312,13.0,-1,-1,-1.0
32670,32760,-10855.008019430832,251.39819327422447,65.0,-1,-1,-1.0
32671,32761,-14701.695140707136,-32188.422749292014,439.0,-1,36,-1.0
32672,32762,2799.252184230514,17325.416560302583,207.0,-1,-1,-1.0
32673,32763,19113.191711608168,-24111.30927387505,404.0,-1,-1,-1.0
32674,32764,-943.896382190862,-32130.16505283456,383.0,-1,-1,-1.0
32675,32765,18767.73392243833,-13370.841536387095,306.0,-1,44,-1.0
32676,32766,3999.847962002423,-23808.5890536313,253.0,-1,31,-1.0
32677,32767,283.85908138164086,-18592.85758458835,446.0,-1,31,-1.0
32678,32768,20657.35018662567,14746.211023391375,301.0,-1,18,-1.0
32679,32769,-1858.294588526558,-9313.818989127514,189.0,-1,31,-1.0
32680,32770,-1845.5470639751877,-17524.395171304546,346.0,-1,31,-1.0
32681,32771,7113.253696524211,-32592.64094423987,369.0,-1,-1,-1.0
32682,32772,-12619.88888581797,-27853.579290099653,141.0,-1,-1,-1.0
32683,32773,23573.55930917403,-842.4673951955338,111.0,-1,-1,-1.0
32684,32774,7858.344281117563,3427.4481212785904,46.0,-1,14,-1.0
32685,32775,8711.938168134104,35782.5276527012,268.0,-1,-1,-1.0
32686,32776,16790.1190243163,5926.854451846637,286.0,-1,2,-1.0
32687,32777,14273.079597296848,26943.92885487413,439.0,-1,-1,-1.0
32688,32778,-31896.363948621725,-38601.01931302065,485.0,-1,-1,-1.0
32689,32779,-20917.72348161225,-2347.594413099337,412.0,-1,43,-1.0
32690,32780,22008.582535707217,28981.577132499355,0.0,-1,-1,-1.0
32691,32781,-34940.91920513324,25314.727681713084,327.0,-1,-1,-1.0
32692,32782,-20533.34698552628,-32425.9815846986,416.0,-1,-1,-1.0
32693,32783,11355.323305005944,-8284.318145730253,322.0,-1,13,-1.0
32694,32784,-58.23873542845831,30710.28027398471,428.0,-1,48,-1.0
32695,32785,-12795.830200406905,25631.996019441533,94.0,-1,48,60.0
32696,32786,24344.390456094312,35275.302016136775,60.0,-1,-1,-1.0
32697,32787,-18052.32338185201,-6049.647453382822,63.0,-1,-1,-1.0
32698,32788,33996.89729051535,37431.46748798399,119.0,-1,-1,-1.0
32699,32789,-3383.5966986930653,19708.25680827418,151.0,-1,-1,-1.0
32700,32790,-31173.504583444774,-32658.287975793253,460.0,-1,34,-1.0
32701,32791,19809.959795708277,30437.30544280319,492.0,-1,30,-1.0
32702,32792,10491.543758880398,8287.221679967188,17.0,-1,-1,-1.0
32703,32793,11121.939353650168,-3454.946267848813,199.0,-1,-1,-1.0
32704,32794,-26882.522664819284,-15729.12402016401,43.0,-1,-1,-1.0
32705,32795,39133.96918088038,814.2793282308485,343.0,-1,-1,-1.0
32706,32796,1038.1679313948407,27693.51457147702,270.0,-1,48,56.0
32707,32797,-3921.5099486295658,24447.59573374225,462.0,-1,-1,-1.0
32708,32798,-13044.571074763418,-4759.92137475621,188.0,-1,-1,-1.0
32709,32799,34199.91379522829,-20943.55368298552,352.0,-1,-1,-1.0
32710,32800,3213.030403345787,29645.09356136761,318.0,-1,-1,-1.0
32711,32801,34400.51594623517,-38466.93130692931,191.0,-1,-1,-1.0
32712,32802,-23917.390741677656,-6236.072252702725,371.0,-1,-1,-1.0
32713,32803,13525.214077131364,19242.002899987456,225.0,-1,-1,-1.0
32714,32804,23534.19524691448,23964.96431631239,33.0,-1,18,-1.0
32715,32805,28041.71766203929,-9037.525355772988,1.0,-1,-1,-1.0
32716,32806,-15857.281736775563,-28709.764407296527,246.0,-1,-1,-1.0
32717,32807,-24505.154211751804,33649.15876977984,455.0,-1,-1,-1.0
32718,32808,33143.4683248806,-3228.3406329349964,442.0,-1,-1,-1.0
32719,32809,-24280.86167936126,25298.03272571253,155.0,-1,48,-1.0
32720,32810,-32486.51012886593,-17659.531306720328,368.0,-1,-1,-1.0
32721,32811,7100.7430785711695,2684.973787171628,255.0,-1,14,-1.0
32722,32812,-17646.19044337124,-34090.328256224006,126.0,-1,-1,-1.0
32723,32813,8172.127980882644,-37320.21061543946,165.0,-1,1,-1.0
32724,32814,13001.772527060486,-32604.72768889136,443.0,-1,-1,-1.0
32725,32815,-8572.111376341018,-5669.942950507539,18.0,-1,-1,-1.0
32726,32816,-9017.162112677555,-10783.404416035464,22.0,-1,31,-1.0
32727,32817,6078.632633876412,22620.216758960694,362.0,-1,-1,-1.0
32728,32818,-35534.68760679466,14428.610989894907,475.0,-1,-1,-1.0
32729,32819,39555.476574003376,-27592.198930590646,300.0,-1,-1,-1.0
32730,32820,20154.701713384427,22921.95192597985,430.0,-1,-1,-1.0
32731,32821,33708.88802464132,-39494.790358552105,239.0,-1,-1,-1.0
32732,32822,23819.66937966952,-30481.62376464246,71.0,-1,-1,-1.0
32733,32823,38937.625597923645,30306.24264244108,247.0,-1,10,-1.0
32734,32824,6031.560976241432,-22548.82713165065,125.0,-1,-1,-1.0
32735,32825,-17730.679946962216,3586.1019936320445,36.0,-1,-1,-1.0
32736,32826,-5887.008005367236,-10139.0298169465,134.0,-1,-1,-1.0
32737,32827,-30573.32634564013,-8660.234970789159,17.0,-1,41,47.0
32738,32828,-16786.443797866315,-13316.08155093174,394.0,-1,-1,-1.0
32739,32829,-21389.271381111237,-7241.903375211623,421.0,-1,-1,-1.0
32740,32830,-21388.496362059584,-25419.24572531154,118.0,-1,-1,-1.0
32741,32831,10806.050702643295,4328.317003894052,426.0,-1,-1,-1.0
32742,32832,28287.76003620928,29749.70987238536,469.0,-1,-1,-1.0
32743,32833,-30960.557501006275,-21383.990019340243,383.0,-1,39,-1.0
32744,32834,3671.607811307877,-23201.83948921062,383.0,-1,31,-1.0
32745,32835,21006.841198741487,-37283.19252554747,454.0,-1,-1,-1.0
32746,32836,-32356.935890944667,-7655.74605701584,459.0,-1,-1,-1.0
32747,32837,-15167.644276451756,-4724.806113448838,67.0,-1,-1,-1.0
32748,32838,-10742.157487144748,-38355.55074635915,178.0,-1,36,-1.0
32749,32839,16217.456522653983,-33441.215126837094,144.0,-1,3,-1.0
32750,32840,-25219.979469915383,-35404.768220384016,201.0,-1,-1,-1.0
32751,32841,37337.718925206034,22194.323245520223,140.0,-1,-1,-1.0
32752,32842,-27062.220913903064,28982.53548299821,259.0,-1,-1,-1.0
32753,32843,3548.4245353241204,-5028.839568193325,168.0,-1,-1,-1.0
32754,32844,28174.100704660188,15562.931038397146,286.0,-1,-1,-1.0
32755,32845,-30427.404239627424,23355.49304891315,144.0,-1,-1,-1.0
32756,32846,3888.766745192188,-38147.486216975885,384.0,-1,1,-1.0
32757,32847,-4697.86554622047,-11312.528551803513,78.0,-1,-1,-1.0
32758,32848,-34831.632916714625,36173.11666496583,57.0,-1,-1,-1.0
32759,32849,-13295.988537707472,-28016.04367054152,499.0,-1,17,-1.0
32760,32850,-17659.470261539107,8059.490927475126,453.0,-1,-1,-1.0
32761,32851,-18647.347054753453,-39766.91342539624,390.0,-1,-1,-1.0
32762,32852,-30969.861534581905,-38746.968706300366,169.0,-1,-1,-1.0
32763,32853,17754.03523645064,-10392.44340082549,0.0,-1,-1,-1.0
32764,32854,3618.556409771685,-4162.25552957569,293.0,-1,-1,-1.0
32765,32855,-33637.35691861292,-21455.944023220087,154.0,-1,-1,-1.0
32766,32856,2121.878059703973,8171.161435243237,352.0,-1,27,-1.0
32767,32857,-7184.225726693956,-13081.161376875723,247.0,-1,31,-1.0
32768,32858,28852.38397287263,15444.607676182684,91.0,-1,-1,-1.0
32769,32859,37439.1407118824,17187.918518944236,463.0,-1,-1,-1.0
32770,32860,-28768.902570328675,9322.643804949395,132.0,-1,-1,-1.0
32771,32861,-25426.371778616907,-28207.38988798487,430.0,-1,-1,-1.0
32772,32862,-35133.6188247013,3171.772909309999,137.0,-1,-1,-1.0
32773,32863,-34190.441317724006,-1376.001083302086,318.0,-1,-1,-1.0
32774,32864,32678.100961483287,-38234.016233006594,25.0,-1,-1,-1.0
32775,32865,-35523.28778759384,23306.39278539669,98.0,-1,-1,-1.0
32776,32866,-14462.131442534974,34899.50001927324,220.0,-1,48,-1.0
32777,32867,-24143.269273136902,-34687.23562896339,238.0,-1,12,-1.0
32778,32868,4081.600803664347,-10822.289282278136,401.0,-1,31,-1.0
32779,32869,39069.83333341856,-18571.46650400744,245.0,-1,-1,-1.0
32780,32870,-23326.30947225991,3483.1515666235937,71.0,-1,-1,-1.0
32781,32871,-11006.216085524462,-8954.813274203,406.0,-1,-1,-1.0
32782,32872,-25387.74575184947,-17973.438691409392,260.0,-1,-1,-1.0
32783,32873,38751.18135461831,352.24867880794045,430.0,-1,-1,-1.0
32784,32874,-5704.519334902951,-21821.480184853397,150.0,-1,-1,-1.0
32785,32875,-27806.250249625784,-37476.68839304147,304.0,-1,-1,-1.0
32786,32876,31879.556986982745,36469.24431638801,140.0,-1,-1,-1.0
32787,32877,-28142.80471169849,-32305.95085387387,185.0,-1,-1,-1.0
32788,32878,12313.313620824449,11021.487127558386,35.0,-1,-1,-1.0
32789,32879,-16378.23988459532,-12768.588113846768,408.0,-1,-1,-1.0
32790,32880,-11651.202354686073,18665.07031111884,264.0,-1,-1,-1.0
32791,32881,25214.529157268604,-25064.12874362533,101.0,-1,-1,-1.0
32792,32882,-36756.13201043935,-26755.427198896617,177.0,-1,-1,-1.0
32793,32883,-24470.350935595477,35362.24140447198,69.0,-1,-1,-1.0
32794,32884,7121.936060483553,-6053.020145669194,278.0,-1,-1,-1.0
32795,32885,-1156.79289364157,-20224.56852748766,360.0,-1,31,-1.0
32796,32886,-18050.79932819373,-38593.12889811076,7.0,-1,-1,-1.0
32797,32887,931.0529713379656,-27701.134271607956,139.0,-1,25,-1.0
32798,32888,15021.345225088138,-22337.18267436084,2.0,-1,-1,-1.0
32799,32889,32093.73841077585,9144.387561771502,467.0,-1,-1,-1.0
32800,32890,-19042.11791112562,-24261.847979857484,17.0,-1,36,42.0
32801,32891,-7982.983570369441,14916.719348727323,431.0,-1,-1,-1.0
32802,32892,35482.33308260662,-15782.244693050656,248.0,-1,-1,-1.0
32803,32893,-4138.225145862569,30740.944865093697,7.0,-1,-1,-1.0
32804,32894,-2937.8308152259706,-2310.096831177616,68.0,-1,-1,-1.0
32805,32895,15021.293160999354,18734.60923843178,32.0,-1,-1,-1.0
32806,32896,29228.138798821863,-3467.923020086572,399.0,-1,-1,-1.0
32807,32897,5536.352596682409,-34045.936951501426,475.0,-1,1,-1.0
32808,32898,13372.38325456866,21784.63976791449,163.0,-1,-1,-1.0
32809,32899,-20506.09507954013,-22199.46543679142,262.0,-1,-1,-1.0
32810,32900,-19518.558011718287,11735.396822681209,440.0,-1,-1,-1.0
32811,32901,-3105.077798143604,4054.441399876108,115.0,-1,27,-1.0
32812,32902,13920.031981459715,-19349.785388054785,18.0,-1,-1,-1.0
32813,32903,11011.79083232484,20803.635770304616,69.0,-1,-1,-1.0
32814,32904,26167.26611300146,9058.339121713594,314.0,-1,15,-1.0
32815,32905,-13133.74314088142,-14473.963324642522,413.0,-1,-1,-1.0
32816,32906,-24728.54352306125,676.4284728463608,247.0,-1,41,-1.0
32817,32907,-18320.039875096973,-34685.95409471283,455.0,-1,-1,-1.0
32818,32908,-29782.345841205017,-11409.202055677604,390.0,-1,-1,-1.0
32819,32909,22318.88107146514,-11587.406769393205,348.0,-1,-1,-1.0
32820,32910,34229.11983398057,29572.60826418987,241.0,-1,10,-1.0
32821,32911,1285.9920878115445,-32318.54835855325,473.0,-1,-1,-1.0
32822,32912,-22764.808167662024,24310.42724415001,39.0,-1,-1,-1.0
32823,32913,37169.83572092482,24210.48419741707,167.0,-1,-1,-1.0
32824,32914,-29742.44158217545,-35502.778937122945,272.0,-1,-1,-1.0
32825,32915,11708.00320051769,2000.6792451400324,117.0,-1,-1,-1.0
32826,32916,31168.30821841233,-26234.96386223886,324.0,-1,45,-1.0
32827,32917,4444.388234607708,-28663.140190032736,403.0,-1,-1,-1.0
32828,32918,27695.503174346057,-21803.745479398516,68.0,-1,45,-1.0
32829,32919,4520.142010621872,20295.625539167224,65.0,-1,-1,-1.0
32830,32920,-7985.007745086474,12441.538404383857,233.0,-1,27,-1.0
32831,32921,28508.97584063529,-23637.79280826321,175.0,-1,-1,-1.0
32832,32922,37305.39043466908,-35929.34836562864,132.0,-1,21,-1.0
32833,32923,-6056.4956848204165,-16348.458701082134,128.0,-1,-1,-1.0
32834,32924,620.6199172068882,-185.394192605796,43.0,-1,22,-1.0
32835,32925,17092.28613076362,-26689.35178904431,104.0,-1,3,-1.0
32836,32926,-10620.285309735616,5156.018965303447,437.0,-1,-1,-1.0
32837,32927,-7835.4562333355025,-24416.228967625702,395.0,-1,-1,-1.0
32838,32928,4211.92380035681,16529.023867175398,137.0,-1,-1,-1.0
32839,32929,-35502.6454610466,19237.103285810703,296.0,-1,-1,-1.0
32840,32930,2231.7246644252955,9584.925049328536,404.0,-1,27,-1.0
32841,32931,-6283.549966067825,-31408.912421363224,155.0,-1,-1,-1.0
32842,32932,9059.201976017472,19665.340200205508,381.0,-1,-1,-1.0
32843,32933,-35002.66492628994,-24555.580510726944,170.0,-1,-1,-1.0
32844,32934,19582.303482217045,28399.20130348894,192.0,-1,30,-1.0
32845,32935,-510.0111894213187,28365.850458361107,190.0,-1,-1,-1.0
32846,32936,26974.212420490192,31647.1965260093,455.0,-1,-1,-1.0
32847,32937,-33369.20190117513,-11913.05775494982,462.0,-1,-1,-1.0
32848,32938,4447.018839493467,-33027.340548228465,232.0,-1,1,-1.0
32849,32939,-15261.00210027977,-17148.36101110546,62.0,-1,31,-1.0
32850,32940,-39068.46118755704,3043.684730713896,432.0,-1,-1,-1.0
32851,32941,37781.5633812782,12447.973577000865,414.0,-1,-1,-1.0
32852,32942,-31103.274404078744,18222.20417799073,286.0,-1,-1,-1.0
32853,32943,-24844.47839863189,27719.213258907315,210.0,-1,-1,-1.0
32854,32944,-22397.345068319013,2023.822752150896,296.0,-1,-1,-1.0
32855,32945,-27613.028417236565,25125.77950284372,308.0,-1,48,59.0
32856,32946,36450.67776356182,-23408.09726441967,360.0,-1,-1,-1.0
32857,32947,-23969.996335547767,10285.44789419762,277.0,-1,-1,-1.0
32858,32948,-36212.0116388245,17400.035069466518,242.0,-1,-1,-1.0
32859,32949,14939.048128403529,29331.138511686368,293.0,-1,-1,-1.0
32860,32950,34999.14731649046,6695.319408059586,62.0,-1,28,-1.0
32861,32951,21248.770624727516,35849.50519305488,211.0,-1,-1,-1.0
32862,32952,-18380.33370452294,4969.655332874165,426.0,-1,-1,-1.0
32863,32953,32114.77224875549,11649.844962055467,223.0,-1,-1,-1.0
32864,32954,37063.74281242592,-2734.133924000409,223.0,-1,28,-1.0
32865,32955,20451.275518291885,12627.416919840403,254.0,-1,-1,-1.0
32866,32956,-31393.756682189072,-13201.301853772396,459.0,-1,-1,-1.0
32867,32957,-20958.287543535436,3878.4196956961023,402.0,-1,-1,-1.0
32868,32958,31945.491726791603,25865.1530562164,495.0,-1,-1,-1.0
32869,32959,38992.27931853161,36345.57778597208,183.0,-1,-1,-1.0
32870,32960,-21759.869027499484,-28104.670848447284,339.0,-1,-1,-1.0
32871,32961,-26369.59225881869,-33700.61073908033,73.0,-1,-1,-1.0
32872,32962,-6106.409785652708,-29276.70325597683,224.0,-1,-1,-1.0
32873,32963,34860.82856162063,-21690.37258888837,384.0,-1,-1,-1.0
32874,32964,-13752.995649161505,-21630.47632030338,76.0,-1,-1,-1.0
32875,32965,31868.2381766918,11736.675125094262,400.0,-1,-1,-1.0
32876,32966,35545.01452097943,31744.73217337126,62.0,-1,-1,-1.0
32877,32967,19361.43066361003,-24967.826672571355,409.0,-1,-1,-1.0
32878,32968,37223.59757079897,-26146.843467446583,373.0,-1,-1,-1.0
32879,32969,29367.331483558984,-24132.606075718064,29.0,-1,45,-1.0
32880,32970,-23107.749853768888,35997.692413769706,105.0,-1,-1,-1.0
32881,32971,20875.566516641,-5612.436464899642,444.0,-1,44,-1.0
32882,32972,2514.308283797094,3049.2258990500486,15.0,-1,-1,-1.0
32883,32973,-21825.70837269568,29970.16165470035,407.0,-1,-1,-1.0
32884,32974,31986.706479789296,12811.07883277774,274.0,-1,28,-1.0
32885,32975,-22104.964129125176,-26109.370458521284,450.0,-1,-1,-1.0
32886,32976,-2864.4007257582125,13527.856711822227,289.0,-1,-1,-1.0
32887,32977,-11966.8167338431,10869.652747687229,399.0,-1,-1,-1.0
32888,32978,22556.661766392303,-13670.740736054717,328.0,-1,-1,-1.0
32889,32979,2926.6252813240358,7090.845957896403,315.0,-1,-1,-1.0
32890,32980,4755.600284884182,-7324.765965262952,178.0,-1,-1,-1.0
32891,32981,-19891.3614969834,-22715.605204298496,267.0,-1,36,-1.0
32892,32982,-6002.055596874568,13749.049776799227,475.0,-1,-1,-1.0
32893,32983,24640.77881574252,22298.554356288907,71.0,-1,18,-1.0
32894,32984,2507.236530138427,-14484.649876013806,247.0,-1,31,-1.0
32895,32985,-13844.432434116448,34198.49529924331,344.0,-1,48,60.0
32896,32986,6854.494193555009,-504.32177609977225,16.0,-1,-1,-1.0
32897,32987,1858.6837543701256,16694.713863732468,263.0,-1,-1,-1.0
32898,32988,37701.9065614836,-36099.089268561154,106.0,-1,21,-1.0
32899,32989,-34376.77563410802,5816.459969226962,90.0,-1,-1,-1.0
32900,32990,34109.03710404973,-7488.152446234348,234.0,-1,33,-1.0
32901,32991,13939.269369353788,22158.23410206582,139.0,-1,-1,-1.0
32902,32992,-30975.36432493265,-28180.687441544324,89.0,-1,-1,-1.0
32903,32993,-39302.888183034855,19705.228668540105,34.0,-1,-1,-1.0
32904,32994,13723.52376648612,-27979.28433832181,311.0,-1,3,-1.0
32905,32995,2820.97488818071,-23813.74070267946,156.0,-1,31,35.0
32906,32996,-22832.464319225583,10666.49218722243,124.0,-1,40,-1.0
32907,32997,-13729.23769516241,-23201.41626695006,310.0,-1,-1,-1.0
32908,32998,38345.38194619438,29836.6596797002,114.0,-1,10,-1.0
32909,32999,6732.694111568118,-6186.494591089126,87.0,-1,-1,-1.0
32910,33000,32711.416410627004,3799.283044907388,211.0,-1,-1,-1.0
32911,33001,39884.259890629575,32163.47108160655,454.0,-1,-1,-1.0
32912,33002,19.01554042078351,3113.858326202171,404.0,-1,-1,-1.0
32913,33003,10401.978223955944,30646.75699871368,485.0,-1,-1,-1.0
32914,33004,20078.01286389587,-3588.7649987747063,104.0,-1,-1,-1.0
32915,33005,37231.269726019134,-36508.26106231436,438.0,-1,21,-1.0
32916,33006,-13549.334584355216,30057.199876082275,179.0,-1,-1,-1.0
32917,33007,28166.359067314523,-37519.42321154418,126.0,-1,-1,-1.0
32918,33008,33621.91386985747,-30612.65297052785,411.0,-1,-1,-1.0
32919,33009,28904.65586753891,-29746.571177967595,446.0,-1,-1,-1.0
32920,33010,37726.71766280636,-5156.014822350589,99.0,-1,-1,-1.0
32921,33011,-9699.158520970686,24531.17712672905,50.0,-1,-1,-1.0
32922,33012,25747.586144101704,-818.3082983818676,408.0,-1,-1,-1.0
32923,33013,-36198.99913179615,8908.556409864883,395.0,-1,24,-1.0
32924,33014,37210.07819214212,30180.483852368896,479.0,-1,10,-1.0
32925,33015,34368.83600845847,-38428.64340927704,92.0,-1,-1,-1.0
32926,33016,4274.182255945241,-36571.370468894354,478.0,-1,-1,-1.0
32927,33017,-26628.898943619577,9100.384833802054,274.0,-1,-1,-1.0
32928,33018,-39631.54644018376,21678.813315283216,440.0,-1,-1,-1.0
32929,33019,-13841.529641992029,-7891.351931422923,301.0,-1,-1,-1.0
32930,33020,14730.091963599552,37186.80549053437,421.0,-1,-1,-1.0
32931,33021,39881.16427775292,31025.86064941829,49.0,-1,-1,-1.0
32932,33022,30552.754180156076,-22636.79921691672,202.0,-1,45,-1.0
32933,33023,15755.867820465524,-33233.892448215935,222.0,-1,-1,-1.0
32934,33024,3479.33137528316,1070.7247075571722,427.0,-1,-1,-1.0
32935,33025,13211.434217550828,37415.47935609253,80.0,-1,-1,-1.0
32936,33026,37023.17071350738,-36356.01150572362,382.0,-1,21,-1.0
32937,33027,25668.47761797444,-15734.252754992034,286.0,-1,-1,-1.0
32938,33028,-37243.57630766705,-3599.774699226851,397.0,-1,-1,-1.0
32939,33029,14648.858021405838,11258.198723027976,154.0,-1,-1,-1.0
32940,33030,-27268.117422102376,-24594.738630527565,361.0,-1,-1,-1.0
32941,33031,27481.78329069751,-6144.725278817219,124.0,-1,-1,-1.0
32942,33032,-28589.12894004258,22448.823424859977,423.0,-1,-1,-1.0
32943,33033,20016.47659797252,7692.812057993098,257.0,-1,-1,-1.0
32944,33034,-10423.217202107047,-25579.42343978724,28.0,-1,17,-1.0
32945,33035,1464.828773382811,-19171.0236944468,102.0,-1,31,-1.0
32946,33036,31696.589872805635,9372.008124324006,77.0,-1,-1,-1.0
32947,33037,-28699.90591188225,-681.7742102755874,275.0,-1,-1,-1.0
32948,33038,18894.185461671063,-5677.388837782841,313.0,-1,-1,-1.0
32949,33039,22615.31087842351,23120.489515941743,272.0,-1,-1,-1.0
32950,33040,20312.21701337987,28572.49047610158,251.0,-1,30,-1.0
32951,33041,-30079.214000870325,-2194.2563165378306,486.0,-1,-1,-1.0
32952,33042,33458.43068443358,38190.8036806632,441.0,-1,11,-1.0
32953,33043,32970.03458613303,21815.799836945924,56.0,-1,-1,-1.0
32954,33044,167.7555096070646,-39806.90202989109,90.0,-1,-1,-1.0
32955,33045,-29076.308052894823,15077.063773968934,325.0,-1,-1,-1.0
32956,33046,26493.386246601192,17628.979582170672,185.0,-1,-1,-1.0
32957,33047,-3905.505909152911,30829.501054395936,154.0,-1,-1,-1.0
32958,33048,-34928.63946160953,38686.76036056281,372.0,-1,5,-1.0
32959,33049,-39258.8731189444,-37975.07761658388,137.0,-1,-1,-1.0
32960,33050,-16841.354009315808,36480.09177276021,215.0,-1,-1,-1.0
32961,33051,-25434.594598275748,-16185.199999792569,209.0,-1,-1,-1.0
32962,33052,-30096.531203116887,-19035.561322300848,457.0,-1,-1,-1.0
32963,33053,-17037.453456604686,5636.652728419227,303.0,-1,-1,-1.0
32964,33054,3979.095504687168,-3307.95397093911,289.0,-1,-1,-1.0
32965,33055,18132.70172481033,-22396.77255220237,0.0,-1,-1,-1.0
32966,33056,-31157.997944762297,-6031.488355993897,226.0,-1,41,47.0
32967,33057,7473.793612544803,-24459.318612936582,271.0,-1,-1,-1.0
32968,33058,25622.0024270756,15881.568916959302,307.0,-1,-1,-1.0
32969,33059,-13512.783064938514,-8529.20275885718,2.0,-1,-1,-1.0
32970,33060,-834.689959716954,-12793.94086095474,441.0,-1,31,35.0
32971,33061,11226.563909546494,-12293.973023129549,44.0,-1,-1,-1.0
32972,33062,-16999.744059939247,5530.085119163341,446.0,-1,-1,-1.0
32973,33063,6559.857550020257,242.84990343489332,360.0,-1,-1,-1.0
32974,33064,-21186.04634959629,-10504.3891019952,156.0,-1,-1,-1.0
32975,33065,-24300.94440454705,-5785.965409887154,283.0,-1,-1,-1.0
32976,33066,11115.420339379838,-20931.724874118983,378.0,-1,-1,-1.0
32977,33067,-6628.694237526426,-34688.227437210495,298.0,-1,35,-1.0
32978,33068,-16527.405824051388,30509.06205192837,216.0,-1,-1,-1.0
32979,33069,-10770.515955101451,35536.59712430036,298.0,-1,48,-1.0
32980,33070,-14632.179362067123,7297.734656949658,84.0,-1,-1,-1.0
32981,33071,38428.33492501326,2823.2937515760204,437.0,-1,28,32.0
32982,33072,-30770.57149922452,-13922.548634692252,90.0,-1,-1,-1.0
32983,33073,18331.982867843,-29591.54344181223,414.0,-1,3,-1.0
32984,33074,38743.51231114205,9150.640640893878,403.0,-1,-1,-1.0
32985,33075,9337.165895555045,28599.989564783245,283.0,-1,-1,-1.0
32986,33076,-32910.860491823114,10016.650608652744,8.0,-1,-1,-1.0
32987,33077,36565.28055171021,8214.463174560908,95.0,-1,28,-1.0
32988,33078,3453.4341412411013,36527.87419731628,346.0,-1,-1,-1.0
32989,33079,-6643.723991626379,12281.92318292761,355.0,-1,-1,-1.0
32990,33080,-2420.0234976826177,-29253.648960673163,361.0,-1,-1,-1.0
32991,33081,1899.6323616409863,28605.915990750625,156.0,-1,-1,-1.0
32992,33082,-4047.121339835139,36246.4985379976,293.0,-1,48,57.0
32993,33083,-22344.452963372987,-31754.931177806568,134.0,-1,-1,-1.0
32994,33084,-39106.34252129733,-2770.4516166023386,250.0,-1,-1,-1.0
32995,33085,35203.54447927946,17360.164774757628,54.0,-1,28,-1.0
32996,33086,20029.063294609805,27932.058112133174,12.0,-1,30,-1.0
32997,33087,34131.41691825088,3845.695219169502,278.0,-1,28,-1.0
32998,33088,5521.477445788936,1176.2110699588302,451.0,-1,-1,-1.0
32999,33089,-23205.767457049467,-13994.75376969538,209.0,-1,-1,-1.0
33000,33090,1904.3545212863028,-25115.99428024575,221.0,-1,-1,-1.0
33001,33091,14661.426936840811,36733.5742774667,239.0,-1,-1,-1.0
33002,33092,-34373.097778711395,-31304.769552047524,142.0,-1,-1,-1.0
33003,33093,28160.68087166297,-20211.04109914548,89.0,-1,45,-1.0
33004,33094,22284.036411540408,26264.88802166558,291.0,-1,-1,-1.0
33005,33095,-10326.523572351434,9745.532916174585,308.0,-1,-1,-1.0
33006,33096,-10515.797631275462,23189.407808308344,105.0,-1,-1,-1.0
33007,33097,5407.2721771616925,2363.958400571035,445.0,-1,-1,-1.0
33008,33098,27408.29576503989,10426.24855881631,238.0,-1,15,-1.0
33009,33099,-32904.455181366495,12781.495583867574,106.0,-1,24,-1.0
33010,33100,17145.61884150374,38115.35790636414,259.0,-1,-1,-1.0
33011,33101,30555.90471083115,-1953.8387101858025,38.0,-1,-1,-1.0
33012,33102,-36855.03062476814,-38579.04892979974,78.0,-1,-1,-1.0
33013,33103,32771.848327844884,24746.377213314317,420.0,-1,-1,-1.0
33014,33104,-38025.77919551364,32091.529274987304,145.0,-1,5,-1.0
33015,33105,10914.056483043336,-32557.46428325512,326.0,-1,-1,-1.0
33016,33106,1147.963921595343,35012.99052231033,133.0,-1,-1,-1.0
33017,33107,38605.387954210266,-31290.629746033654,250.0,-1,-1,-1.0
33018,33108,27584.0010534459,-22051.302049148304,414.0,-1,45,-1.0
33019,33109,16051.809938575578,-18631.452785481804,194.0,-1,-1,-1.0
33020,33110,38034.72806790988,-39564.812086406266,36.0,-1,-1,-1.0
33021,33111,38836.70933308161,-24360.683483908848,191.0,-1,-1,-1.0
33022,33112,-30722.00723631111,-25042.38070094353,369.0,-1,39,-1.0
33023,33113,-1781.0936890527155,450.8128072438121,41.0,-1,22,-1.0
33024,33114,34292.92818805277,-17678.965870566346,362.0,-1,-1,-1.0
33025,33115,-29095.15029676978,16752.83511972509,352.0,-1,-1,-1.0
33026,33116,6466.102803029135,-39447.864208808576,119.0,-1,-1,-1.0
33027,33117,1674.0802246045205,-32343.62982739012,438.0,-1,1,-1.0
33028,33118,-4867.974475477415,-10593.702221360396,453.0,-1,-1,-1.0
33029,33119,34029.025186543935,-27420.339814123035,204.0,-1,-1,-1.0
33030,33120,12446.256739697448,-5096.332439119316,457.0,-1,-1,-1.0
33031,33121,8395.170403555981,35918.02284675796,397.0,-1,-1,-1.0
33032,33122,-38469.60243942844,-18619.77075569528,210.0,-1,0,-1.0
33033,33123,-26248.500276900577,216.81328046575072,314.0,-1,41,-1.0
33034,33124,-36613.90057593319,-13353.318102040335,396.0,-1,32,38.0
33035,33125,-39656.53409627947,-2010.5981248497992,43.0,-1,-1,-1.0
33036,33126,-26601.686130972397,-8254.403307063189,147.0,-1,-1,-1.0
33037,33127,24286.06072724701,-38.446177783487656,424.0,-1,-1,-1.0
33038,33128,13973.838432988685,-25136.02895511981,393.0,-1,3,-1.0
33039,33129,-24116.40686743576,38737.5485093109,249.0,-1,-1,-1.0
33040,33130,-20763.25665520121,-1256.3405023566374,407.0,-1,43,-1.0
33041,33131,-31680.595653653345,23949.565108552662,352.0,-1,-1,-1.0
33042,33132,37387.85850149696,3244.511481203699,225.0,-1,28,-1.0
33043,33133,-39724.71747057118,4214.886864996166,419.0,-1,-1,-1.0
33044,33134,2213.801515256695,7982.49582059167,127.0,-1,27,-1.0
33045,33135,14934.87324391446,9550.38638378556,257.0,-1,-1,-1.0
33046,33136,15545.904562056943,-18258.33313850955,343.0,-1,-1,-1.0
33047,33137,19877.14611758184,31891.530621505022,9.0,-1,-1,-1.0
33048,33138,-19066.31818437401,17217.219373398017,393.0,-1,-1,-1.0
33049,33139,26392.290656709985,-1316.936865056137,80.0,-1,-1,-1.0
33050,33140,4531.316394774272,18610.13581016609,426.0,-1,-1,-1.0
33051,33141,9655.11296253508,38444.62911371456,161.0,-1,-1,-1.0
33052,33142,-37056.86921595647,8250.377175595262,122.0,-1,24,-1.0
33053,33143,-35379.36040831637,-6567.667108537302,235.0,-1,-1,-1.0
33054,33144,-4099.394588766081,11182.64755228519,366.0,-1,-1,-1.0
33055,33145,-16646.729479110876,-33742.574261781905,187.0,-1,36,42.0
33056,33146,-29844.745466311284,19349.937209242045,180.0,-1,40,-1.0
33057,33147,-23190.74996539845,22856.335756937675,210.0,-1,-1,-1.0
33058,33148,-15695.463833727688,19581.26382496867,344.0,-1,-1,-1.0
33059,33149,-29362.863493210563,34929.562551620824,239.0,-1,6,-1.0
33060,33150,25013.643078682224,13832.313701000232,41.0,-1,-1,-1.0
33061,33151,12190.743557871863,3234.4072999802597,459.0,-1,-1,-1.0
33062,33152,9439.326991788716,-32677.341700544515,280.0,-1,-1,-1.0
33063,33153,25924.612348377967,24221.21556230904,63.0,-1,18,-1.0
33064,33154,-6664.690290494422,-11315.170491485114,198.0,-1,31,-1.0
33065,33155,18832.351292345596,7127.2786586274815,115.0,-1,-1,-1.0
33066,33156,-20504.964952803624,1609.8027912299367,482.0,-1,-1,-1.0
33067,33157,12722.50689646435,-27306.08237708739,99.0,-1,3,-1.0
33068,33158,-12176.927505909764,-34936.57774882649,289.0,-1,36,-1.0
33069,33159,15522.413312412027,-35218.35607317322,318.0,-1,-1,-1.0
33070,33160,-2918.3529922686,23548.28655676286,154.0,-1,-1,-1.0
33071,33161,1955.5290865937784,16059.331567991656,151.0,-1,-1,-1.0
33072,33162,23114.064975006244,33015.89198582381,410.0,-1,-1,-1.0
33073,33163,37675.26404054671,-38377.90414895288,178.0,-1,-1,-1.0
33074,33164,-20393.411689134435,30093.971477479136,374.0,-1,48,-1.0
33075,33165,35013.119230290744,9519.266162584669,159.0,-1,28,-1.0
33076,33166,21256.401537590304,-37264.193678182026,362.0,-1,-1,-1.0
33077,33167,31161.41383523628,18625.26868592997,204.0,-1,-1,-1.0
33078,33168,-29891.72378018152,33593.03641347193,318.0,-1,6,-1.0
33079,33169,-9260.350293195002,-30918.94384951223,367.0,-1,-1,-1.0
33080,33170,38305.38966697731,-28070.64283124456,211.0,-1,-1,-1.0
33081,33171,-17192.084021796007,15167.601885003329,130.0,-1,-1,-1.0
33082,33172,8719.868020925212,18701.139193659023,454.0,-1,-1,-1.0
33083,33173,37995.0924136746,16627.835786312637,139.0,-1,-1,-1.0
33084,33174,-30239.347313430364,-23911.718067140013,218.0,-1,39,-1.0
33085,33175,30177.872420627944,-7631.481130072083,107.0,-1,-1,-1.0
33086,33176,-15700.307972536311,-19660.633560864448,394.0,-1,-1,-1.0
33087,33177,16629.211452330484,9332.673473570629,32.0,-1,-1,-1.0
33088,33178,-31011.47799956285,37441.22016648685,349.0,-1,-1,-1.0
33089,33179,-19033.066911352777,-11358.435837477571,251.0,-1,-1,-1.0
33090,33180,-5421.3991506021775,-11370.749707197325,28.0,-1,31,-1.0
33091,33181,33063.99963494648,-5420.912393200189,85.0,-1,33,-1.0
33092,33182,32923.677971366706,16133.553559430307,364.0,-1,-1,-1.0
33093,33183,-30238.01539090765,18476.37149595451,448.0,-1,-1,-1.0
33094,33184,2580.706771058241,32153.45549929254,103.0,-1,48,-1.0
33095,33185,8068.63538230586,-23992.95968167497,444.0,-1,-1,-1.0
33096,33186,-21216.86606395702,34593.647704396804,31.0,-1,-1,-1.0
33097,33187,-22928.690188958823,21622.692104044523,429.0,-1,37,-1.0
33098,33188,-38711.41131125005,3931.514215591909,18.0,-1,-1,-1.0
33099,33189,22415.990990002123,19035.477069979344,144.0,-1,-1,-1.0
33100,33190,-1695.7368908585486,-39401.90505596764,214.0,-1,-1,-1.0
33101,33191,496.15136710489605,8497.812452555212,492.0,-1,-1,-1.0
33102,33192,-9364.99030653583,-12071.610902531003,452.0,-1,31,-1.0
33103,33193,-17228.9002993435,-26451.47825461869,166.0,-1,36,-1.0
33104,33194,13634.7948943843,-35593.30828059413,136.0,-1,4,-1.0
33105,33195,-26073.84308282336,8779.754480550546,436.0,-1,-1,-1.0
33106,33196,-4658.342591257817,19829.46769415136,464.0,-1,-1,-1.0
33107,33197,-21514.16248048561,10001.632790175609,68.0,-1,-1,-1.0
33108,33198,14146.219225100212,-35839.351503253,398.0,-1,-1,-1.0
33109,33199,23640.097235943183,-34173.532302628446,437.0,-1,-1,-1.0
33110,33200,-15662.00050122747,39668.825975832704,287.0,-1,-1,-1.0
33111,33201,-6487.084870163075,-2531.1259022905288,273.0,-1,-1,-1.0
33112,33202,-29306.19755827215,25728.43298969195,430.0,-1,-1,-1.0
33113,33203,-2410.8909840978304,-24675.65934674472,342.0,-1,-1,-1.0
33114,33204,-32830.57726028125,-17026.865764293387,103.0,-1,-1,-1.0
33115,33205,-32730.67978811551,1171.6919760443488,397.0,-1,29,-1.0
33116,33206,38068.22300849641,-28708.88111270427,104.0,-1,-1,-1.0
33117,33207,19301.6290054805,-12284.68947725168,303.0,-1,-1,-1.0
33118,33208,19719.468885398463,-7955.032139289404,189.0,-1,44,-1.0
33119,33209,-38763.496006405294,6295.3353976224535,92.0,-1,-1,-1.0
33120,33210,2905.7645496631594,-17414.166577386244,459.0,-1,31,-1.0
33121,33211,-33450.59340285425,-30197.547514925445,0.0,-1,34,-1.0
33122,33212,-32224.30359981947,31666.282833821577,226.0,-1,6,-1.0
33123,33213,35362.92259581787,6426.878125291929,62.0,-1,28,-1.0
33124,33214,7130.44436688775,-9433.650953258031,88.0,-1,-1,-1.0
33125,33215,-11409.425844930944,28144.46680134395,3.0,-1,-1,-1.0
33126,33216,34468.724060013235,13628.539315251495,204.0,-1,28,32.0
33127,33217,17515.252221635106,7434.825219718245,417.0,-1,2,-1.0
33128,33218,-35159.54177510145,-21414.8584089458,151.0,-1,-1,-1.0
33129,33219,-38796.53697043061,-6769.722978303253,217.0,-1,-1,-1.0
33130,33220,2338.208615037489,1973.710266852926,121.0,-1,-1,-1.0
33131,33221,-33767.47341020296,-19462.48734276878,221.0,-1,-1,-1.0
33132,33222,-28289.16401409822,28660.79144942094,253.0,-1,-1,-1.0
33133,33223,-35579.7177053186,-36308.55332292892,366.0,-1,19,-1.0
33134,33224,-7670.160922407918,21813.531205056905,444.0,-1,-1,-1.0
33135,33225,34455.27032446428,6213.141662669492,165.0,-1,-1,-1.0
33136,33226,-19802.51321990098,-7389.964118068343,22.0,-1,-1,-1.0
33137,33227,-6131.809477849056,-28528.436396323443,74.0,-1,25,-1.0
33138,33228,38355.91571699979,14125.359580780052,30.0,-1,28,-1.0
33139,33229,17410.376067307232,17843.077345603815,460.0,-1,-1,-1.0
33140,33230,33024.58643944771,1215.6215023582408,320.0,-1,-1,-1.0
33141,33231,38104.36903187317,-27849.610388178746,492.0,-1,-1,-1.0
33142,33232,26920.49169165887,2489.033599054252,300.0,-1,-1,-1.0
33143,33233,25587.797963822668,-39568.18104738594,491.0,-1,-1,-1.0
33144,33234,7804.653899581157,-18866.447467698305,361.0,-1,-1,-1.0
33145,33235,13058.227981217511,-10964.57800021052,312.0,-1,-1,-1.0
33146,33236,23422.07339390065,-20340.51816910352,259.0,-1,-1,-1.0
33147,33237,22750.79358706856,-4659.187431939245,136.0,-1,44,-1.0
33148,33238,-3932.856078274039,-24456.375259794077,70.0,-1,25,-1.0
33149,33239,-38106.827854710944,6489.362151280831,43.0,-1,-1,-1.0
33150,33240,34880.91866555641,32639.690123666776,112.0,-1,-1,-1.0
33151,33241,33902.5705976817,14413.261881629403,27.0,-1,28,-1.0
33152,33242,16486.253122859634,35987.991629896525,163.0,-1,-1,-1.0
33153,33243,10293.33223981152,-14884.947996045634,236.0,-1,-1,-1.0
33154,33244,-21359.2994308115,27585.90653119533,166.0,-1,-1,-1.0
33155,33245,-33373.66586066938,38868.958562982574,444.0,-1,-1,-1.0
33156,33246,-1364.1542463845108,-33482.163699505625,446.0,-1,-1,-1.0
33157,33247,-8555.351258587008,11724.56429688866,225.0,-1,-1,-1.0
33158,33248,28730.19811680328,686.5673161528393,316.0,-1,-1,-1.0
33159,33249,9833.625565831857,34538.26532089338,464.0,-1,-1,-1.0
33160,33250,-39575.589558577245,-34567.72047539294,119.0,-1,-1,-1.0
33161,33251,22132.30802282916,37300.04238481411,217.0,-1,-1,-1.0
33162,33252,31212.752762267774,29320.08027118753,392.0,-1,10,-1.0
33163,33253,37031.38131894494,761.4649882531521,101.0,-1,28,-1.0
33164,33254,-34187.416093086795,-30607.813202659778,312.0,-1,-1,-1.0
33165,33255,36839.47699923157,24872.83550905154,389.0,-1,-1,-1.0
33166,33256,13476.654892203243,-29703.08683547751,357.0,-1,3,-1.0
33167,33257,-3865.198401734364,8440.464245154006,23.0,-1,27,-1.0
33168,33258,-9771.50684327654,-39191.747260283904,353.0,-1,-1,-1.0
33169,33259,32633.262533383284,-2540.4896238488,262.0,-1,33,-1.0
33170,33260,28929.64397394189,-38218.506334834165,418.0,-1,-1,-1.0
33171,33261,-37740.17224478387,-454.3935137642766,211.0,-1,-1,-1.0
33172,33262,34478.26870465587,-1815.7893965113328,277.0,-1,-1,-1.0
33173,33263,14400.609218426804,5860.343147148669,487.0,-1,-1,-1.0
33174,33264,7268.669681856343,8046.582248956271,132.0,-1,-1,-1.0
33175,33265,7030.916596407682,-34387.69304995854,399.0,-1,1,-1.0
33176,33266,1976.2007749894328,39218.55347561759,236.0,-1,-1,-1.0
33177,33267,19671.360086343768,-1310.594765297974,248.0,-1,-1,-1.0
33178,33268,4923.820718480281,5792.452942748998,182.0,-1,-1,-1.0
33179,33269,-16251.750369096866,-18509.12489197112,462.0,-1,-1,-1.0
33180,33270,-24075.576817306603,16919.259144263946,70.0,-1,-1,-1.0
33181,33271,28879.210637519165,-20994.335077369087,346.0,-1,45,-1.0
33182,33272,-5777.511275996003,-29412.397408377223,419.0,-1,-1,-1.0
33183,33273,35556.967768286486,7650.265436282243,124.0,-1,28,-1.0
33184,33274,5620.522163209796,30604.17313544506,127.0,-1,48,-1.0
33185,33275,423.9509595335476,-7782.662158258277,336.0,-1,31,-1.0
33186,33276,-35442.058233260504,-16880.980373547078,73.0,-1,-1,-1.0
33187,33277,-22766.50450985475,14269.42245850864,333.0,-1,-1,-1.0
33188,33278,4776.642356434124,-23867.348164945262,31.0,-1,31,-1.0
33189,33279,-9969.450058845703,-23181.325657573896,477.0,-1,-1,-1.0
33190,33280,20330.8337661424,-36714.05393660112,474.0,-1,-1,-1.0
33191,33281,-37969.74483002752,-26103.60666857297,480.0,-1,-1,-1.0
33192,33282,-1458.0757457053187,-16410.199060088307,49.0,-1,31,-1.0
33193,33283,37850.5062096871,35623.10573522131,440.0,-1,-1,-1.0
33194,33284,12686.85728611338,15448.538682422271,324.0,-1,-1,-1.0
33195,33285,-4515.834845533565,38073.61343868369,212.0,-1,-1,-1.0
33196,33286,22523.29119079987,-37540.35764945469,396.0,-1,-1,-1.0
33197,33287,1224.684905861213,-33556.25106199145,85.0,-1,1,-1.0
33198,33288,-23328.103424263438,21005.109722292065,442.0,-1,37,-1.0
33199,33289,33279.258677982536,-32454.68468776025,315.0,-1,-1,-1.0
33200,33290,-24107.249683797403,54.04309161044512,287.0,-1,-1,-1.0
33201,33291,1438.8424482847186,-316.70205604683724,138.0,-1,-1,-1.0
33202,33292,35931.80615235842,26805.305034405857,57.0,-1,10,-1.0
33203,33293,-3566.777942593646,-34871.91270167792,139.0,-1,-1,-1.0
33204,33294,38178.04012802076,39548.406635224615,202.0,-1,-1,-1.0
33205,33295,-1601.6345952115516,-14961.997140058214,165.0,-1,31,-1.0
33206,33296,37319.68707851309,14729.262393421988,26.0,-1,28,-1.0
33207,33297,19207.546980491272,27810.983155688373,147.0,-1,-1,-1.0
33208,33298,4184.17387549187,17859.238446800293,276.0,-1,-1,-1.0
33209,33299,21941.61695410365,549.3311018414825,65.0,-1,-1,-1.0
33210,33300,17419.44785017069,-18322.802931725477,415.0,-1,-1,-1.0
33211,33301,3929.6004947545807,35550.74223901497,39.0,-1,-1,-1.0
33212,33302,24833.62485145378,-25705.489058933697,344.0,-1,-1,-1.0
33213,33303,-27253.787999855507,-9065.329821607327,115.0,-1,-1,-1.0
33214,33304,-34308.15173247575,-32689.54557532977,319.0,-1,-1,-1.0
33215,33305,-36650.6103077832,8545.672087175677,25.0,-1,24,-1.0
33216,33306,-35363.32204428682,15899.731385487838,27.0,-1,-1,-1.0
33217,33307,3776.497400463115,1859.2498806214644,139.0,-1,14,-1.0
33218,33308,-6912.995645318508,3297.295170208432,470.0,-1,-1,-1.0
33219,33309,15485.849820551031,-3660.561813233129,66.0,-1,13,-1.0
33220,33310,-31259.200272247806,13994.788944876069,343.0,-1,-1,-1.0
33221,33311,-8816.745421403462,-14227.773027284282,78.0,-1,31,-1.0
33222,33312,-18635.167908035422,20526.112010725665,115.0,-1,-1,-1.0
33223,33313,-20419.15162777686,5014.522772965414,99.0,-1,-1,-1.0
33224,33314,-17324.528755366577,-24971.01877103253,353.0,-1,36,-1.0
33225,33315,7021.718245819742,-20565.57438033841,405.0,-1,-1,-1.0
33226,33316,11765.306010529952,-6684.282510300844,206.0,-1,-1,-1.0
33227,33317,-17266.119961646815,22779.03746238077,436.0,-1,-1,-1.0
33228,33318,19077.16977445112,19188.500044690423,343.0,-1,18,-1.0
33229,33319,29101.03310111265,-16117.988108102592,326.0,-1,-1,-1.0
33230,33320,-6976.419278303343,22530.211738812308,490.0,-1,-1,-1.0
33231,33321,4416.327613654648,32209.77934133084,230.0,-1,48,58.0
33232,33322,2367.2594783839013,31033.50554118774,155.0,-1,-1,-1.0
33233,33323,-36639.86342193964,-8297.055774375782,386.0,-1,32,38.0
33234,33324,-8847.48479009917,26198.72401829713,134.0,-1,48,-1.0
33235,33325,-30521.66690996911,-26600.552370845624,497.0,-1,-1,-1.0
33236,33326,26265.473967415517,-26171.443613632244,435.0,-1,45,-1.0
33237,33327,-28539.0454183806,38949.51276391804,122.0,-1,-1,-1.0
33238,33328,1929.302566596176,30378.03003940656,262.0,-1,-1,-1.0
33239,33329,19983.55940487243,-13954.038321258931,264.0,-1,-1,-1.0
33240,33330,30986.21849347936,-32718.96423046121,121.0,-1,-1,-1.0
33241,33331,16943.562200555905,6338.585598078571,175.0,-1,2,-1.0
33242,33332,-17713.712732057615,-1558.5367860705082,218.0,-1,43,49.0
33243,33333,19397.61538524882,28201.2841868509,238.0,-1,30,-1.0
33244,33334,-15277.999738982156,14411.558378307607,215.0,-1,-1,-1.0
33245,33335,-5392.954773349127,36278.75175440053,8.0,-1,48,-1.0
33246,33336,-2218.4093758497693,27102.58499229967,169.0,-1,48,56.0
33247,33337,15400.07763744062,-28870.78780894281,397.0,-1,3,-1.0
33248,33338,9862.338973740783,37918.77588390822,141.0,-1,-1,-1.0
33249,33339,-880.2615497683801,-14179.074444562768,197.0,-1,31,-1.0
33250,33340,6545.850473833445,-27102.49721645556,123.0,-1,31,-1.0
33251,33341,27081.542233368207,-2801.9373754048647,220.0,-1,-1,-1.0
33252,33342,-27651.30144752172,21864.54966790765,131.0,-1,-1,-1.0
33253,33343,8358.941424155368,-3443.574798931855,427.0,-1,-1,-1.0
33254,33344,-11875.951502781269,3998.569218619901,222.0,-1,26,-1.0
33255,33345,38458.66815472368,-161.29898712380236,210.0,-1,28,-1.0
33256,33346,-4618.320898155012,-14763.367817129709,440.0,-1,31,35.0
33257,33347,-29211.48889859767,-38974.546689860006,28.0,-1,-1,-1.0
33258,33348,39715.05042825591,-13582.060657378534,282.0,-1,-1,-1.0
33259,33349,31456.193223616472,-34384.91501379211,488.0,-1,-1,-1.0
33260,33350,12850.620390811651,-39725.76860929833,470.0,-1,-1,-1.0
33261,33351,-37958.93061830575,39528.58765897511,380.0,-1,-1,-1.0
33262,33352,-19911.248398123204,39236.472083435525,60.0,-1,-1,-1.0
33263,33353,36112.15267478196,36710.40092231672,30.0,-1,-1,-1.0
33264,33354,27894.252368689107,15440.940172256887,81.0,-1,-1,-1.0
33265,33355,38674.82275328155,-36440.64437921612,408.0,-1,21,-1.0
33266,33356,-38281.256571599326,17507.341265013478,156.0,-1,-1,-1.0
33267,33357,14552.204777555477,-36077.8595748588,8.0,-1,-1,-1.0
33268,33358,5410.310143935196,35845.08267528046,280.0,-1,-1,-1.0
33269,33359,-20610.546617688684,1213.6809079029044,326.0,-1,-1,-1.0
33270,33360,28690.063291972638,36678.71179290464,140.0,-1,-1,-1.0
33271,33361,-20897.9927465841,12239.470500204552,0.0,-1,-1,-1.0
33272,33362,3930.549755488813,-27167.530595916043,297.0,-1,-1,-1.0
33273,33363,16975.525413710267,-8531.42262717836,109.0,-1,-1,-1.0
33274,33364,-19622.503227844863,15618.963769269663,12.0,-1,-1,-1.0
33275,33365,-25086.9154146766,-22322.05143702128,251.0,-1,-1,-1.0
33276,33366,22787.98474457862,-34825.51784573505,238.0,-1,-1,-1.0
33277,33367,-8115.654007611352,-39988.55243888576,230.0,-1,-1,-1.0
33278,33368,23999.794038508146,-1858.858091364731,50.0,-1,-1,-1.0
33279,33369,-2453.350727549223,39202.40852495967,243.0,-1,48,-1.0
33280,33370,-26149.811158689798,-3715.523195954076,73.0,-1,-1,-1.0
33281,33371,31577.81582417943,-12262.383772812227,73.0,-1,-1,-1.0
33282,33372,17736.652816813526,32603.3597220114,44.0,-1,-1,-1.0
33283,33373,28727.269885088288,9969.343485013378,395.0,-1,-1,-1.0
33284,33374,19937.955528861035,-25846.361124949217,93.0,-1,-1,-1.0
33285,33375,-13632.592982595488,1855.4106982518351,84.0,-1,-1,-1.0
33286,33376,-22555.75402252922,16448.184437422446,340.0,-1,-1,-1.0
33287,33377,560.4186104982582,-11029.02575609086,93.0,-1,31,-1.0
33288,33378,-27466.44016465725,32133.53378936935,402.0,-1,-1,-1.0
33289,33379,21641.952524378525,2890.813082307657,115.0,-1,-1,-1.0
33290,33380,31693.541388080528,-35279.74437336872,162.0,-1,-1,-1.0
33291,33381,17322.41806731074,-28339.89987213485,341.0,-1,-1,-1.0
33292,33382,-33098.20228136382,3940.004176935116,447.0,-1,-1,-1.0
33293,33383,-9107.111066679936,-7001.231824612529,410.0,-1,31,-1.0
33294,33384,36101.49768702695,-4918.202026440318,256.0,-1,-1,-1.0
33295,33385,18769.275372970325,-23625.03326068812,161.0,-1,-1,-1.0
33296,33386,33991.73094193307,37127.32595132133,44.0,-1,11,-1.0
33297,33387,30077.88016756161,-8004.632560228267,280.0,-1,-1,-1.0
33298,33388,-7781.076087560999,13278.791133537436,367.0,-1,-1,-1.0
33299,33389,20440.351417125858,31385.581907555097,186.0,-1,30,-1.0
33300,33390,7144.422956288363,-15460.819427881925,52.0,-1,-1,-1.0
33301,33391,-16733.613271488375,-18923.9003595942,139.0,-1,-1,-1.0
33302,33392,-21198.2126952352,-28289.782572525288,472.0,-1,-1,-1.0
33303,33393,-1898.4724522569811,19620.416183561327,480.0,-1,46,-1.0
33304,33394,-15885.5350375745,-6069.053272469042,134.0,-1,43,-1.0
33305,33395,31349.95581614893,-4696.954004360297,229.0,-1,-1,-1.0
33306,33396,37486.34728346042,32527.40371061655,497.0,-1,10,-1.0
33307,33397,-17071.712500203997,-590.0148710029898,202.0,-1,43,-1.0
33308,33398,-22760.77917256786,4302.772912447523,39.0,-1,-1,-1.0
33309,33399,-8192.463234519095,20786.06147608789,161.0,-1,-1,-1.0
33310,33400,30069.49372406444,24380.58580778983,107.0,-1,-1,-1.0
33311,33401,-39210.23128055923,-35306.66667336535,334.0,-1,-1,-1.0
33312,33402,22956.44306409965,31379.45254767504,198.0,-1,-1,-1.0
33313,33403,16245.002926173278,26639.843463984376,426.0,-1,9,-1.0
33314,33404,5887.974856968511,-33773.170941432014,209.0,-1,1,-1.0
33315,33405,-35716.31331652406,-13306.47549585345,36.0,-1,32,38.0
33316,33406,-4090.233079684644,36853.4647647863,312.0,-1,48,57.0
33317,33407,17438.592170755706,-19375.61930498182,473.0,-1,-1,-1.0
33318,33408,26158.3807756935,-37059.192438573766,109.0,-1,-1,-1.0
33319,33409,-16854.187377316237,-2787.44920740457,94.0,-1,43,-1.0
33320,33410,-23546.821917722013,-33957.95221535839,7.0,-1,12,-1.0
33321,33411,-9759.911193594944,-33876.95123752457,195.0,-1,35,-1.0
33322,33412,-34929.21191353596,-25868.27717545256,397.0,-1,-1,-1.0
33323,33413,-12272.539702967277,-25002.49369533918,29.0,-1,17,-1.0
33324,33414,6562.0669663109,37111.615678075,85.0,-1,-1,-1.0
33325,33415,24878.33767530434,-39210.54070518674,144.0,-1,-1,-1.0
33326,33416,26064.34488687493,-6445.485209983955,191.0,-1,-1,-1.0
33327,33417,39687.877912742246,39674.35606201252,90.0,-1,-1,-1.0
33328,33418,-28072.041983679315,-15793.651026530197,154.0,-1,-1,-1.0
33329,33419,-29058.265178256486,18188.081882819075,108.0,-1,40,-1.0
33330,33420,-6833.361557049822,-37797.35561861117,94.0,-1,-1,-1.0
33331,33421,13282.028581199876,21510.792587985798,150.0,-1,-1,-1.0
33332,33422,30228.94189448385,12290.181377924191,98.0,-1,-1,-1.0
33333,33423,37936.52685083197,-32433.524595684863,28.0,-1,-1,-1.0
33334,33424,-8742.420789080228,18397.51831392318,21.0,-1,-1,-1.0
33335,33425,14630.40826642885,-35417.920310346366,359.0,-1,-1,-1.0
33336,33426,-39257.247857022616,30192.15000209883,150.0,-1,-1,-1.0
33337,33427,8447.899411682702,8356.30242638995,216.0,-1,-1,-1.0
33338,33428,-10547.84343796263,740.5864078007507,56.0,-1,-1,-1.0
33339,33429,36796.57652271351,29838.598986834724,192.0,-1,-1,-1.0
33340,33430,16306.277068917108,7219.601048751014,28.0,-1,2,-1.0
33341,33431,16373.742632985108,26957.05175024511,288.0,-1,9,-1.0
33342,33432,-28220.087635028845,34934.746672846086,123.0,-1,6,-1.0
33343,33433,-3148.720624030262,10049.854691716891,59.0,-1,-1,-1.0
33344,33434,-29858.21729932379,-9712.069296566118,197.0,-1,-1,-1.0
33345,33435,19907.194405247785,15201.196625718432,236.0,-1,18,-1.0
33346,33436,-2506.0307013155543,17087.00592352246,15.0,-1,46,-1.0
33347,33437,30351.81592459408,-15060.649173953769,480.0,-1,-1,-1.0
33348,33438,-28111.91354003662,-38991.5313778352,423.0,-1,-1,-1.0
33349,33439,-7431.85299791241,-25690.121845175647,94.0,-1,-1,-1.0
33350,33440,31445.86104897625,-28683.71410937857,289.0,-1,-1,-1.0
33351,33441,-26905.430011021857,-3916.3078722225982,46.0,-1,41,-1.0
33352,33442,-5888.217982424867,-39140.55675990056,298.0,-1,-1,-1.0
33353,33443,-13447.522457460303,-21565.978327463108,467.0,-1,-1,-1.0
33354,33444,-6765.611009113214,-4523.211084970862,228.0,-1,-1,-1.0
33355,33445,-18858.843707383287,-4824.594673806343,343.0,-1,-1,-1.0
33356,33446,12536.30117425068,9377.663300645,267.0,-1,-1,-1.0
33357,33447,-9042.62785596801,-25822.49823403962,160.0,-1,-1,-1.0
33358,33448,-418.7764927741519,23689.598333320573,95.0,-1,-1,-1.0
33359,33449,-27652.81727582529,26680.8356284958,260.0,-1,-1,-1.0
33360,33450,-8051.032237933563,-3603.940348190459,52.0,-1,-1,-1.0
33361,33451,-10661.718462725825,37927.74371948901,204.0,-1,48,-1.0
33362,33452,-28628.758359443145,-20538.77500322236,217.0,-1,39,-1.0
33363,33453,-14032.92887770098,1155.6971397531306,378.0,-1,-1,-1.0
33364,33454,-6736.084497205717,10607.417456746349,69.0,-1,-1,-1.0
33365,33455,30361.859557586387,-23550.17908893673,224.0,-1,45,53.0
33366,33456,-12097.882801760225,17067.014893353356,101.0,-1,-1,-1.0
33367,33457,-659.2116007888471,297.2552198574631,477.0,-1,22,-1.0
33368,33458,-13361.20319795853,-19708.96222912655,150.0,-1,-1,-1.0
33369,33459,-5911.932534171574,33263.67631644651,263.0,-1,-1,-1.0
33370,33460,322.2578164935694,-11714.183973896164,473.0,-1,31,-1.0
33371,33461,6299.146290535209,29634.6157256758,430.0,-1,48,56.0
33372,33462,1378.9146775072222,36363.87637528184,388.0,-1,48,57.0
33373,33463,-27380.876468377806,-24890.73084270164,474.0,-1,-1,-1.0
33374,33464,16020.16797201828,-18296.739971382853,282.0,-1,-1,-1.0
33375,33465,-13918.444618730144,28327.535388591423,172.0,-1,48,-1.0
33376,33466,21692.06471526166,-36049.85471822074,253.0,-1,-1,-1.0
33377,33467,-11376.263392139032,32903.6699381963,251.0,-1,48,-1.0
33378,33468,-1577.2039784929366,-14864.102233348169,276.0,-1,31,-1.0
33379,33469,-34050.525844751915,16525.444228964057,217.0,-1,-1,-1.0
33380,33470,-17070.773291307723,-35058.6308898859,307.0,-1,-1,-1.0
33381,33471,6549.568229196098,-23262.74620845229,315.0,-1,-1,-1.0
33382,33472,28405.913138380885,11733.56699405537,343.0,-1,15,-1.0
33383,33473,6507.932118416953,-37365.42653892287,344.0,-1,-1,-1.0
33384,33474,-35816.17577362489,-31530.067245353493,114.0,-1,20,-1.0
33385,33475,30297.65836128753,-36426.29893410889,24.0,-1,-1,-1.0
33386,33476,-11310.042061419064,-26272.640568671035,33.0,-1,17,-1.0
33387,33477,-28952.68741381096,-13096.513057009824,120.0,-1,-1,-1.0
33388,33478,-13366.105602820266,-8305.581895452691,124.0,-1,-1,-1.0
33389,33479,-21993.391724155328,-14832.371747846046,408.0,-1,-1,-1.0
33390,33480,-16777.892289636664,-9213.79169935597,35.0,-1,43,-1.0
33391,33481,31283.121379695105,26136.134963392484,289.0,-1,-1,-1.0
33392,33482,-29737.48391329588,37818.10278074934,39.0,-1,-1,-1.0
33393,33483,28847.91712605536,-3792.4698967374425,30.0,-1,33,-1.0
33394,33484,16716.78771661796,-22193.11529761131,410.0,-1,-1,-1.0
33395,33485,-10931.574227133991,-8482.842641226103,348.0,-1,-1,-1.0
33396,33486,38219.57797150764,18393.643380492016,406.0,-1,28,-1.0
33397,33487,-28490.43254782049,-14346.871494730192,477.0,-1,-1,-1.0
33398,33488,-19771.032677380845,-25583.818869712253,440.0,-1,-1,-1.0
33399,33489,-4368.854825552597,-28491.624830838075,84.0,-1,-1,-1.0
33400,33490,-1053.8079918854492,20903.72008986595,221.0,-1,-1,-1.0
33401,33491,-12565.451870128498,8575.48159982507,23.0,-1,-1,-1.0
33402,33492,11305.8239434164,14104.841528287565,415.0,-1,-1,-1.0
33403,33493,-26802.95420189013,4474.187305967353,155.0,-1,-1,-1.0
33404,33494,-8395.574645396737,37912.2108253653,459.0,-1,48,60.0
33405,33495,-29055.59265406372,22165.686999995763,288.0,-1,-1,-1.0
33406,33496,25662.5756646448,-6147.87040409707,169.0,-1,-1,-1.0
33407,33497,-19088.447791940063,19146.651004814583,311.0,-1,-1,-1.0
33408,33498,29904.823510135408,3659.7344418345374,383.0,-1,-1,-1.0
33409,33499,-39673.84108324336,-18874.595671846724,492.0,-1,-1,-1.0
33410,33500,-22712.44495212306,-22950.422728735688,145.0,-1,-1,-1.0
33411,33501,39318.251373487234,17294.658511088186,337.0,-1,-1,-1.0
33412,33502,-960.9531378613756,-2867.0573703346818,61.0,-1,-1,-1.0
33413,33503,-30485.490173148595,-14694.109811103688,163.0,-1,-1,-1.0
33414,33504,-7655.622234721228,-27355.45674303495,399.0,-1,-1,-1.0
33415,33505,-5684.207207888285,12770.222851271516,229.0,-1,-1,-1.0
33416,33506,-10555.48353388341,39874.28856237019,276.0,-1,-1,-1.0
33417,33507,1406.318861123058,14364.591918252096,372.0,-1,-1,-1.0
33418,33508,33046.40309428869,-415.1800624478929,403.0,-1,-1,-1.0
33419,33509,6648.587846327348,38436.95869481516,18.0,-1,-1,-1.0
33420,33510,-20916.88270694722,-19557.65845169285,381.0,-1,-1,-1.0
33421,33511,-12137.842585434331,-28559.1476780486,117.0,-1,-1,-1.0
33422,33512,-35571.60715169781,-5831.601688468931,309.0,-1,-1,-1.0
33423,33513,-37927.44422333092,39597.12135467757,182.0,-1,-1,-1.0
33424,33514,-32218.97469269547,3785.698678652734,203.0,-1,-1,-1.0
33425,33515,26295.14056165889,1738.7925823045807,294.0,-1,-1,-1.0
33426,33516,31052.732290745145,2478.731211802493,399.0,-1,-1,-1.0
33427,33517,11541.918084135592,-30426.57168034421,220.0,-1,-1,-1.0
33428,33518,201.91556378802488,17904.82616123915,216.0,-1,-1,-1.0
33429,33519,9349.013206937,20770.47848418889,204.0,-1,-1,-1.0
33430,33520,32930.87522172113,35473.53380602659,33.0,-1,11,-1.0
33431,33521,-34559.38352854019,30651.19443841587,402.0,-1,-1,-1.0
33432,33522,-11785.624533841949,24368.337074052502,439.0,-1,48,-1.0
33433,33523,34785.819835503906,22188.21185368528,355.0,-1,-1,-1.0
33434,33524,-28090.21116281853,37071.29250662671,388.0,-1,-1,-1.0
33435,33525,37691.32953151765,-5034.749595503039,154.0,-1,-1,-1.0
33436,33526,-5910.608678683129,8899.897072498366,76.0,-1,-1,-1.0
33437,33527,-25730.10432647709,17109.299355893556,27.0,-1,-1,-1.0
33438,33528,8070.683572784146,-31072.482267509306,470.0,-1,-1,-1.0
33439,33529,-13291.54557306839,-36304.56584316068,400.0,-1,36,-1.0
33440,33530,3207.433597831696,-22445.808783204106,143.0,-1,31,35.0
33441,33531,-2350.727081357545,-38346.51892131242,436.0,-1,-1,-1.0
33442,33532,6029.711423552522,28579.570098297525,275.0,-1,48,-1.0
33443,33533,-31047.26853963893,-33857.38466405594,146.0,-1,-1,-1.0
33444,33534,-38224.72820544786,34432.97191665173,144.0,-1,5,-1.0
33445,33535,-19567.52101956747,36638.10854958472,441.0,-1,-1,-1.0
33446,33536,-39041.73749272925,34570.2703427153,68.0,-1,5,-1.0
33447,33537,-8718.801239662425,-29345.23934915864,320.0,-1,-1,-1.0
33448,33538,-34428.96736704001,1547.0361319838848,161.0,-1,-1,-1.0
33449,33539,8229.63550558596,4888.585125960104,481.0,-1,-1,-1.0
33450,33540,-15144.233258891352,32021.05472062752,304.0,-1,-1,-1.0
33451,33541,23958.84611508734,21815.56292258163,404.0,-1,-1,-1.0
33452,33542,-12592.879514959768,39479.46905293755,237.0,-1,-1,-1.0
33453,33543,32890.67746731384,12098.792307820324,482.0,-1,-1,-1.0
33454,33544,-12399.049229856677,-27461.23948431191,233.0,-1,17,-1.0
33455,33545,26410.777799028147,-10733.657754469074,293.0,-1,-1,-1.0
33456,33546,22402.645067511963,-31660.795820135558,277.0,-1,-1,-1.0
33457,33547,8875.821375554267,7825.511914945353,125.0,-1,-1,-1.0
33458,33548,-35750.8403235519,20759.984246953,20.0,-1,-1,-1.0
33459,33549,-3243.3358017541977,-8225.830057126212,235.0,-1,31,-1.0
33460,33550,-3278.9648082877397,15313.685977268447,405.0,-1,-1,-1.0
33461,33551,-618.9379677755278,470.9349090328688,356.0,-1,22,-1.0
33462,33552,14917.952835439304,33109.374238385964,213.0,-1,47,55.0
33463,33553,28463.91931953137,17404.534222368435,170.0,-1,-1,-1.0
33464,33554,-10428.229848932036,-33494.68237925005,67.0,-1,-1,-1.0
33465,33555,34476.00769485273,16918.784741694726,26.0,-1,28,32.0
33466,33556,-1848.3533028507009,13196.87407479529,449.0,-1,-1,-1.0
33467,33557,2259.5306258585333,-9678.348444987038,463.0,-1,31,35.0
33468,33558,27166.606085977488,-36995.8566195419,475.0,-1,-1,-1.0
33469,33559,-39378.98767732929,-20198.693323032265,85.0,-1,-1,-1.0
33470,33560,-27280.130894314017,-16960.511690540276,194.0,-1,-1,-1.0
33471,33561,32637.106489695278,25560.86356424958,105.0,-1,-1,-1.0
33472,33562,27795.97645437829,7633.494138217153,401.0,-1,15,-1.0
33473,33563,-16947.70047090856,26833.11143263757,418.0,-1,48,-1.0
33474,33564,32376.816471614875,17926.60833125645,238.0,-1,28,-1.0
33475,33565,25025.2173327517,-3872.610206862773,139.0,-1,-1,-1.0
33476,33566,-5127.080050023709,-28120.508770784465,425.0,-1,25,-1.0
33477,33567,23358.279319068854,26831.635503573547,131.0,-1,-1,-1.0
33478,33568,12705.661454009183,-37167.49354519431,471.0,-1,-1,-1.0
33479,33569,-24978.549128616996,-29554.13236337693,284.0,-1,-1,-1.0
33480,33570,-32817.431682997616,22382.827144308023,248.0,-1,-1,-1.0
33481,33571,-29669.51423399716,25214.505796697747,170.0,-1,-1,-1.0
33482,33572,31505.16494350796,-31852.351377449148,33.0,-1,-1,-1.0
33483,33573,-12312.746209822755,-32232.46446971272,264.0,-1,-1,-1.0
33484,33574,-24592.750349933664,33555.67078548626,489.0,-1,-1,-1.0
33485,33575,28854.244872527637,-25705.7498550824,246.0,-1,-1,-1.0
33486,33576,18337.57610191434,12611.269567339426,282.0,-1,-1,-1.0
33487,33577,23725.0604758342,-38173.609226141874,175.0,-1,-1,-1.0
33488,33578,22086.567981456014,7421.682062860927,257.0,-1,-1,-1.0
33489,33579,20511.83737359003,11476.17398951501,189.0,-1,16,-1.0
33490,33580,-17023.915090077477,-3984.56844050101,296.0,-1,43,-1.0
33491,33581,28591.1306897107,-7923.013061641101,484.0,-1,-1,-1.0
33492,33582,33617.17267663202,-4635.164198765335,53.0,-1,-1,-1.0
33493,33583,-39.700818547731615,-26604.54469919352,343.0,-1,25,-1.0
33494,33584,19159.8288753237,-8179.00596519098,41.0,-1,-1,-1.0
33495,33585,-34957.3585059982,32874.974512418135,58.0,-1,-1,-1.0
33496,33586,39866.65096147798,22301.188137024143,292.0,-1,-1,-1.0
33497,33587,13445.206489520611,14786.580423936355,136.0,-1,-1,-1.0
33498,33588,26177.01965795121,14624.87197116382,20.0,-1,15,-1.0
33499,33589,39767.64063862953,-29971.578234132103,30.0,-1,-1,-1.0
33500,33590,-39357.57639379931,-9671.873644826695,472.0,-1,-1,-1.0
33501,33591,12575.96124333042,21648.15633921315,359.0,-1,-1,-1.0
33502,33592,39639.5929286647,-17136.352243252153,399.0,-1,-1,-1.0
33503,33593,-29942.19849362705,15762.33961937938,104.0,-1,-1,-1.0
33504,33594,30323.583398262985,-5273.2171353310405,50.0,-1,-1,-1.0
33505,33595,-33806.55668468036,-28182.030606208908,429.0,-1,-1,-1.0
33506,33596,36381.85232765324,-8552.125440277276,292.0,-1,-1,-1.0
33507,33597,-31791.44236651881,37000.029536077534,89.0,-1,-1,-1.0
33508,33598,-7746.170410293293,37118.02334618218,146.0,-1,48,57.0
33509,33599,-21267.41403349133,-36115.05698736771,144.0,-1,12,-1.0
33510,33600,21249.43404345952,12721.751650862563,399.0,-1,-1,-1.0
33511,33601,-30024.566890464,-25840.352921987,229.0,-1,-1,-1.0
33512,33602,39407.49552782352,39715.63064635606,392.0,-1,-1,-1.0
33513,33603,-20962.83590647223,28176.86541182417,119.0,-1,-1,-1.0
33514,33604,-10234.884463596289,-8490.857112102753,248.0,-1,31,-1.0
33515,33605,39236.9058939728,2691.955826092352,186.0,-1,28,-1.0
33516,33606,-20758.319893648284,12147.972990027947,164.0,-1,-1,-1.0
33517,33607,5286.410061783819,-1054.9495142546805,231.0,-1,-1,-1.0
33518,33608,12803.298857002548,-30919.835178976813,340.0,-1,-1,-1.0
33519,33609,28884.33140096224,-37132.09575981583,340.0,-1,-1,-1.0
33520,33610,9237.572281423258,35934.31803733039,34.0,-1,-1,-1.0
33521,33611,-14706.125453354613,-32049.36386935647,439.0,-1,36,-1.0
33522,33612,15308.1042992555,30126.77087775011,320.0,-1,-1,-1.0
33523,33613,28312.073702951195,25152.090069662077,22.0,-1,-1,-1.0
33524,33614,19518.878013664675,-17393.407731224986,88.0,-1,45,-1.0
33525,33615,25769.92068541418,-21232.290982945597,134.0,-1,45,-1.0
33526,33616,38774.265859020335,-10571.180857675185,288.0,-1,-1,-1.0
33527,33617,36304.54098565213,-27575.50309769844,5.0,-1,-1,-1.0
33528,33618,-6102.950827791334,9178.163390655682,285.0,-1,-1,-1.0
33529,33619,-4676.451343576977,23966.749873066685,480.0,-1,-1,-1.0
33530,33620,-18609.49226519354,-8352.760289221129,174.0,-1,-1,-1.0
33531,33621,-7193.339107321321,38971.577842144165,418.0,-1,-1,-1.0
33532,33622,10606.843807774792,32039.136647721767,33.0,-1,-1,-1.0
33533,33623,-5786.531666769559,-36691.4823984398,431.0,-1,-1,-1.0
33534,33624,1163.2876360814844,5468.473008449248,326.0,-1,-1,-1.0
33535,33625,-443.7501670907877,-26827.3314989099,202.0,-1,25,-1.0
33536,33626,6949.50806879926,-17246.77110115503,375.0,-1,-1,-1.0
33537,33627,-30772.45723093056,-27605.389553434907,209.0,-1,34,-1.0
33538,33628,-32382.412290196968,-36206.939546698864,246.0,-1,-1,-1.0
33539,33629,16682.948132564037,33409.09876523602,324.0,-1,-1,-1.0
33540,33630,74.55425380124507,-10502.651996956663,392.0,-1,31,-1.0
33541,33631,-34282.79965965045,-22278.0901941725,330.0,-1,39,-1.0
33542,33632,6972.017095427807,13760.744999429138,86.0,-1,8,-1.0
33543,33633,13683.221185600783,-17025.25492990226,273.0,-1,-1,-1.0
33544,33634,18688.33666882024,-17746.46254035318,199.0,-1,-1,-1.0
33545,33635,30921.837373759467,21762.498506882715,255.0,-1,-1,-1.0
33546,33636,25018.314786816794,-32219.88798803367,275.0,-1,-1,-1.0
33547,33637,-11517.470202134087,32806.062373086184,110.0,-1,48,-1.0
33548,33638,5621.490588922759,-16001.53804042341,97.0,-1,-1,-1.0
33549,33639,-30104.42492517239,3198.7276321173194,231.0,-1,29,-1.0
33550,33640,-31200.34601352989,-23395.73593633513,319.0,-1,39,-1.0
33551,33641,28165.357121189285,33196.115501597465,396.0,-1,-1,-1.0
33552,33642,4326.172067495907,25974.15012807577,152.0,-1,48,-1.0
33553,33643,-16516.789483766177,-34536.65402995792,27.0,-1,-1,-1.0
33554,33644,-11308.584209132625,23214.08260991011,110.0,-1,-1,-1.0
33555,33645,38183.54980604908,32589.25569735543,127.0,-1,10,-1.0
33556,33646,31157.599205709485,-23027.65113788891,433.0,-1,45,-1.0
33557,33647,24309.652079305284,4015.637728863381,299.0,-1,-1,-1.0
33558,33648,-38943.17832199179,-5277.475506403127,467.0,-1,-1,-1.0
33559,33649,-7200.054810543959,18320.949694706094,241.0,-1,-1,-1.0
33560,33650,6986.26260392386,-30249.54838645281,393.0,-1,-1,-1.0
33561,33651,38699.0669415399,-23294.337561952,411.0,-1,-1,-1.0
33562,33652,-31593.296001254654,2613.426965483348,20.0,-1,29,-1.0
33563,33653,19623.297364550708,-8234.948144494814,266.0,-1,44,50.0
33564,33654,35340.980567140854,27868.30750689057,64.0,-1,10,-1.0
33565,33655,-12776.644615728062,-1508.3908461016615,344.0,-1,-1,-1.0
33566,33656,-6272.118990573479,30755.491392459346,103.0,-1,-1,-1.0
33567,33657,-17956.302523840586,29796.286275982464,315.0,-1,48,-1.0
33568,33658,4372.861135365201,12608.640618105848,227.0,-1,-1,-1.0
33569,33659,-31025.78864540706,39888.49519009443,387.0,-1,-1,-1.0
33570,33660,32141.275172303634,-24078.082596574182,215.0,-1,45,-1.0
33571,33661,27164.01895706872,21856.94550203976,385.0,-1,-1,-1.0
33572,33662,-19164.32763406197,-20788.920771623227,147.0,-1,-1,-1.0
33573,33663,-18713.81619082372,-26956.514426656853,371.0,-1,36,-1.0
33574,33664,-3503.0429176541074,435.4360103505751,494.0,-1,27,-1.0
33575,33665,-8767.141332357573,37840.56390845019,473.0,-1,48,60.0
33576,33666,25660.62987278629,27374.551723769797,206.0,-1,-1,-1.0
33577,33667,30708.52776765976,-16597.154316537228,95.0,-1,-1,-1.0
33578,33668,-8105.556007181658,-33817.95188493044,466.0,-1,35,-1.0
33579,33669,37185.639070028905,658.2797730793754,171.0,-1,28,-1.0
33580,33670,31654.07350458602,22369.29283495617,291.0,-1,-1,-1.0
33581,33671,-22282.61282081262,27697.38623626363,7.0,-1,-1,-1.0
33582,33672,22356.49195898528,18817.719054308924,163.0,-1,-1,-1.0
33583,33673,39448.37891162447,38081.96886450496,362.0,-1,-1,-1.0
33584,33674,31463.08242016197,-23628.910564625134,100.0,-1,45,-1.0
33585,33675,-28519.80680461562,-20143.48480902997,92.0,-1,39,-1.0
33586,33676,38154.43076467507,3225.4145762413755,104.0,-1,28,-1.0
33587,33677,29728.45218719871,-27034.37276925345,252.0,-1,45,-1.0
33588,33678,-15172.201778190223,5777.104193431951,62.0,-1,-1,-1.0
33589,33679,11447.081687359962,-2757.0361641095515,152.0,-1,-1,-1.0
33590,33680,8993.785309008395,10900.998564213922,3.0,-1,-1,-1.0
33591,33681,-28740.30600177689,20433.414772434728,168.0,-1,-1,-1.0
33592,33682,-10252.84358399417,-4105.199343490247,316.0,-1,-1,-1.0
33593,33683,6766.452018294054,-20022.89423204637,429.0,-1,-1,-1.0
33594,33684,1295.1485553027524,-607.5656291935884,387.0,-1,22,-1.0
33595,33685,24493.859482534528,28434.843484527664,417.0,-1,-1,-1.0
33596,33686,16374.4641634352,13004.992420739582,114.0,-1,-1,-1.0
33597,33687,27946.09390311707,-36704.97758801021,120.0,-1,-1,-1.0
33598,33688,-13642.160010784606,-24856.154971525357,427.0,-1,-1,-1.0
33599,33689,-5465.688374921207,-15120.489693979238,25.0,-1,-1,-1.0
33600,33690,26094.07494213563,28634.197682554062,107.0,-1,-1,-1.0
33601,33691,-18044.183992140537,6212.6200382379175,317.0,-1,-1,-1.0
33602,33692,1548.5790181577904,-15873.83991007254,253.0,-1,31,-1.0
33603,33693,37269.53456223829,7542.252268098884,127.0,-1,28,-1.0
33604,33694,33532.92688704982,-27540.008904595183,347.0,-1,-1,-1.0
33605,33695,19290.401657936643,-33276.40269868696,344.0,-1,-1,-1.0
33606,33696,-18365.841320730025,-1978.871214911167,23.0,-1,43,-1.0
33607,33697,350.07559406805376,26270.53697782877,85.0,-1,48,-1.0
33608,33698,21161.443789423854,-15914.11433653752,417.0,-1,45,-1.0
33609,33699,-22864.695927521607,39774.181220318525,496.0,-1,-1,-1.0
33610,33700,-23068.90091076708,-17492.097520640345,158.0,-1,-1,-1.0
33611,33701,21430.46155685423,20178.58506454606,372.0,-1,-1,-1.0
33612,33702,20158.827855071097,33655.60875246675,135.0,-1,-1,-1.0
33613,33703,-17726.45291773407,-6893.699834783532,188.0,-1,-1,-1.0
33614,33704,11269.639694819523,28094.51819211636,165.0,-1,-1,-1.0
33615,33705,-19911.67325466085,-4351.422027892892,380.0,-1,-1,-1.0
33616,33706,-25075.588835308365,-4126.523819640119,409.0,-1,-1,-1.0
33617,33707,11349.730962682115,-22452.29337765723,326.0,-1,-1,-1.0
33618,33708,27558.65830006901,-15689.239958926206,457.0,-1,45,-1.0
33619,33709,4151.069261510376,29342.20664849672,38.0,-1,-1,-1.0
33620,33710,-2063.541339057774,38246.85874442407,128.0,-1,48,-1.0
33621,33711,32207.80372261537,-26019.20649058724,285.0,-1,-1,-1.0
33622,33712,-18581.849706634028,25297.7065520755,495.0,-1,-1,-1.0
33623,33713,-8601.886901932288,12908.83176335031,361.0,-1,27,-1.0
33624,33714,-8553.626602362696,-11132.997147803322,70.0,-1,31,-1.0
33625,33715,-16582.044133859305,37619.99468257882,103.0,-1,-1,-1.0
33626,33716,-10747.299259617612,-2655.688437627956,110.0,-1,-1,-1.0
33627,33717,26242.78070656574,-28082.647506884743,317.0,-1,45,-1.0
33628,33718,18044.93097420384,-16769.58378350518,5.0,-1,45,-1.0
33629,33719,-36604.46921046348,6508.0238702388015,97.0,-1,-1,-1.0
33630,33720,-11072.436145659212,3357.716983034479,243.0,-1,-1,-1.0
33631,33721,6808.922877584715,17225.213505972024,416.0,-1,-1,-1.0
33632,33722,1493.4688677148224,-11239.376260721308,487.0,-1,31,-1.0
33633,33723,28435.950665679324,13138.456700479546,221.0,-1,-1,-1.0
33634,33724,21716.034152359243,36339.277851212726,382.0,-1,30,-1.0
33635,33725,-3575.573161992877,-21846.45584380659,250.0,-1,-1,-1.0
33636,33726,-19231.772533334173,38717.76834427203,152.0,-1,-1,-1.0
33637,33727,-11792.701124581592,-6515.124974969018,127.0,-1,-1,-1.0
33638,33728,3019.4080557001143,13103.556282938422,75.0,-1,-1,-1.0
33639,33729,33366.331616135736,28541.26036513841,148.0,-1,-1,-1.0
33640,33730,29469.11000264784,-222.4836065097188,3.0,-1,-1,-1.0
33641,33731,34279.180940943275,-34077.33157517636,91.0,-1,-1,-1.0
33642,33732,-29605.38903223785,-3660.3395067231463,188.0,-1,41,-1.0
33643,33733,-21271.06894350765,38473.805839255176,163.0,-1,-1,-1.0
33644,33734,22017.564653523747,-11201.536976563932,468.0,-1,-1,-1.0
33645,33735,32122.11940524874,-27345.692149051225,482.0,-1,-1,-1.0
33646,33736,9150.960602040446,34880.70916473027,435.0,-1,-1,-1.0
33647,33737,-26280.40735986252,1530.693212467893,222.0,-1,41,-1.0
33648,33738,2756.73078128411,38515.15819132139,122.0,-1,-1,-1.0
33649,33739,13102.145562686565,30563.28582163759,211.0,-1,-1,-1.0
33650,33740,-10720.12482567419,37567.984477941485,124.0,-1,-1,-1.0
33651,33741,14565.736242201509,-13848.03659681678,78.0,-1,-1,-1.0
33652,33742,-35270.08225683261,-28230.14976929751,245.0,-1,-1,-1.0
33653,33743,-13032.942966578034,4692.124364240015,31.0,-1,26,-1.0
33654,33744,31882.49422669111,19596.242241723456,400.0,-1,28,-1.0
33655,33745,-30096.779390886677,35307.34541900996,422.0,-1,-1,-1.0
33656,33746,-13614.362443272894,-33555.03676150866,29.0,-1,-1,-1.0
33657,33747,9894.758600885769,-35631.490824656685,387.0,-1,-1,-1.0
33658,33748,-7356.311689979186,25402.31018333801,237.0,-1,-1,-1.0
33659,33749,13083.375968337125,32443.21813661346,151.0,-1,47,-1.0
33660,33750,-1300.7303015938523,-28840.49568996037,380.0,-1,-1,-1.0
33661,33751,-4556.4104258500665,36671.32379487787,235.0,-1,48,57.0
33662,33752,1543.7018296619865,-29950.630798135167,22.0,-1,-1,-1.0
33663,33753,-1160.1124938752328,30458.040241344977,472.0,-1,48,-1.0
33664,33754,12517.798582390167,-9315.18327094504,189.0,-1,-1,-1.0
33665,33755,-27376.158885881567,1763.5612888818723,100.0,-1,-1,-1.0
33666,33756,-4979.08123009916,-20431.841149556345,121.0,-1,7,-1.0
33667,33757,12108.690098648796,-27939.592367995843,38.0,-1,3,-1.0
33668,33758,451.7822410643348,36501.47734209958,5.0,-1,48,-1.0
33669,33759,37186.10751708776,-10782.83283434599,228.0,-1,-1,-1.0
33670,33760,31610.034279794432,3212.378961330578,6.0,-1,-1,-1.0
33671,33761,20678.7744315404,23467.39215457116,288.0,-1,18,-1.0
33672,33762,-4244.131989923437,8228.742916376104,162.0,-1,-1,-1.0
33673,33763,35190.642831032135,17669.921523133547,215.0,-1,28,-1.0
33674,33764,30503.157950699024,34647.19950207522,459.0,-1,-1,-1.0
33675,33765,-16745.269341161074,27662.8986576544,337.0,-1,48,-1.0
33676,33766,-32149.34392183018,-13900.590823561415,395.0,-1,-1,-1.0
33677,33767,1562.540170590968,564.6384451537233,455.0,-1,-1,-1.0
33678,33768,-32632.04075441117,8187.638835656704,203.0,-1,-1,-1.0
33679,33769,-8311.244993882367,-1874.4375928827867,367.0,-1,-1,-1.0
33680,33770,-10983.02274755344,-16312.758597614064,156.0,-1,-1,-1.0
33681,33771,-5314.402944966525,-7458.286529565699,121.0,-1,31,-1.0
33682,33772,-16513.196985215516,32240.054828079068,112.0,-1,-1,-1.0
33683,33773,-27937.79912283836,12886.072595108497,147.0,-1,-1,-1.0
33684,33774,29362.770419545763,-15741.284567699491,80.0,-1,-1,-1.0
33685,33775,-30016.02277575752,-25126.0371471725,240.0,-1,39,-1.0
33686,33776,10922.434602867608,-2049.70205249219,234.0,-1,-1,-1.0
33687,33777,17510.29408718089,-15602.420602484202,46.0,-1,-1,-1.0
33688,33778,-33121.12169196206,-28974.80437083505,347.0,-1,-1,-1.0
33689,33779,-39978.41923686573,-34358.363444307775,240.0,-1,-1,-1.0
33690,33780,7298.798275950721,-34444.75574800935,175.0,-1,1,-1.0
33691,33781,14219.51565078077,6550.21509667785,476.0,-1,-1,-1.0
33692,33782,-37783.27831573189,34759.23309678957,140.0,-1,5,-1.0
33693,33783,28247.31810424381,-25831.091806122626,354.0,-1,-1,-1.0
33694,33784,7943.608652074217,39581.52381906491,359.0,-1,-1,-1.0
33695,33785,-5680.478121273787,-12748.71268049231,406.0,-1,31,-1.0
33696,33786,30832.766790856756,17924.749789507798,319.0,-1,-1,-1.0
33697,33787,-9380.338110358916,-9033.975782794128,322.0,-1,31,-1.0
33698,33788,33597.8994077143,35941.70045156358,435.0,-1,11,-1.0
33699,33789,1955.4715336264708,12026.823380561866,80.0,-1,-1,-1.0
33700,33790,-15166.337696278428,-14084.900726612374,237.0,-1,-1,-1.0
33701,33791,-9787.161016775022,21283.16876242144,311.0,-1,-1,-1.0
33702,33792,-17646.849717236666,-8801.230114132544,466.0,-1,-1,-1.0
33703,33793,-8558.278773282462,38596.15906309565,65.0,-1,48,57.0
33704,33794,15509.645533433832,-367.5972358806757,69.0,-1,-1,-1.0
33705,33795,25841.02860378521,-33140.78624199021,354.0,-1,-1,-1.0
33706,33796,23864.16975971913,26912.950697042423,490.0,-1,-1,-1.0
33707,33797,15140.272465389986,-5933.1409502135575,253.0,-1,13,-1.0
33708,33798,26090.379216303045,-29304.10727183061,224.0,-1,45,-1.0
33709,33799,-26000.41892030638,22996.20968362251,276.0,-1,-1,-1.0
33710,33800,27489.494592709976,31295.25451412823,139.0,-1,-1,-1.0
33711,33801,-27963.856936151074,23501.76575768632,175.0,-1,-1,-1.0
33712,33802,-3229.048385586328,-34167.15643863362,483.0,-1,35,-1.0
33713,33803,-18078.95049223915,-3003.704949066043,483.0,-1,43,-1.0
33714,33804,7724.343893124373,-2527.501156018363,436.0,-1,-1,-1.0
33715,33805,-6470.742366064842,22073.27414073985,439.0,-1,-1,-1.0
33716,33806,15279.930175538204,5995.396498843009,318.0,-1,-1,-1.0
33717,33807,12813.38381237645,36767.77784604787,19.0,-1,-1,-1.0
33718,33808,-12161.46908051032,22503.523279752957,107.0,-1,-1,-1.0
33719,33809,-20456.16321121796,31195.054701334084,62.0,-1,-1,-1.0
33720,33810,-39968.111690571954,8973.07739433914,191.0,-1,-1,-1.0
33721,33811,-3093.9533037011934,-4457.432073501223,376.0,-1,-1,-1.0
33722,33812,26381.945523875474,-17177.81337780015,148.0,-1,45,51.0
33723,33813,3562.5386939021555,-7480.492415964876,388.0,-1,-1,-1.0
33724,33814,18769.353081195943,-21971.69825384363,63.0,-1,-1,-1.0
33725,33815,14076.148268044735,31858.879219892988,189.0,-1,-1,-1.0
33726,33816,6326.837692568806,3308.146186167476,46.0,-1,14,-1.0
33727,33817,-7737.852814052228,4215.17157602599,32.0,-1,-1,-1.0
33728,33818,-17212.141230501726,7203.634309489273,378.0,-1,-1,-1.0
33729,33819,-11230.702710476628,-17926.097317067688,61.0,-1,31,-1.0
33730,33820,38807.517374252,-443.8032249240132,132.0,-1,-1,-1.0
33731,33821,-12856.029301314022,-39037.20940513197,409.0,-1,-1,-1.0
33732,33822,-36678.41233078928,16746.375449272266,160.0,-1,-1,-1.0
33733,33823,19918.67860635103,34978.42829317869,452.0,-1,-1,-1.0
33734,33824,39140.25988567836,-30155.75173862403,45.0,-1,-1,-1.0
33735,33825,-15906.900777054452,-20018.828278924604,321.0,-1,-1,-1.0
33736,33826,29652.34119651222,29516.013536575003,182.0,-1,10,-1.0
33737,33827,12855.555152340872,-14637.484231338494,0.0,-1,-1,-1.0
33738,33828,12444.05679627243,-38454.935751677454,363.0,-1,4,-1.0
33739,33829,-15265.65323603389,39309.60105732485,447.0,-1,-1,-1.0
33740,33830,29288.299765313,21156.17878897409,81.0,-1,28,-1.0
33741,33831,-4861.957522402285,21919.54430407576,111.0,-1,-1,-1.0
33742,33832,21952.47083058863,30173.341357036,479.0,-1,30,-1.0
33743,33833,-10605.459113044526,-15463.102050031532,10.0,-1,31,-1.0
33744,33834,-9444.158585996876,-31932.857894401077,302.0,-1,-1,-1.0
33745,33835,31260.107879812625,-32961.482242906735,443.0,-1,-1,-1.0
33746,33836,19681.72031799605,-20257.433224117573,159.0,-1,-1,-1.0
33747,33837,-34076.45981166609,32244.08083808486,410.0,-1,-1,-1.0
33748,33838,38991.78902606461,34250.72327852801,256.0,-1,10,-1.0
33749,33839,29756.48300000152,-5801.788101241473,249.0,-1,-1,-1.0
33750,33840,27939.215200912426,-21244.50630721772,125.0,-1,45,-1.0
33751,33841,-7116.128391410159,-32405.127894977453,267.0,-1,35,-1.0
33752,33842,-33456.79493894297,39721.90567610764,56.0,-1,-1,-1.0
33753,33843,24359.34994638732,33833.77044768419,331.0,-1,-1,-1.0
33754,33844,-33581.959589998005,25988.60143083293,311.0,-1,-1,-1.0
33755,33845,13606.548421287303,31922.795369281277,379.0,-1,-1,-1.0
33756,33846,-36618.85692735203,-21028.547552097363,210.0,-1,0,-1.0
33757,33847,-16184.125187307687,17842.07846186719,129.0,-1,-1,-1.0
33758,33848,-23526.227677794188,-31018.94550242719,146.0,-1,-1,-1.0
33759,33849,15764.92257605758,-17019.61525414374,438.0,-1,45,-1.0
33760,33850,8260.469832961484,-1441.170468443328,256.0,-1,-1,-1.0
33761,33851,-16644.881516532645,19826.418801480613,393.0,-1,-1,-1.0
33762,33852,-7026.59421430064,-25394.75560779305,390.0,-1,-1,-1.0
33763,33853,6525.195936563658,14341.65851898768,278.0,-1,8,-1.0
33764,33854,25557.57771345304,-3325.7046377603474,359.0,-1,-1,-1.0
33765,33855,13368.742702476173,4696.878472177574,405.0,-1,-1,-1.0
33766,33856,2796.9890362378865,10184.719689569116,260.0,-1,27,-1.0
33767,33857,-20506.258827090667,17303.430301052642,270.0,-1,-1,-1.0
33768,33858,-4147.897504767294,-17719.119229180684,187.0,-1,-1,-1.0
33769,33859,-10006.962992435318,9051.322935819808,440.0,-1,27,-1.0
33770,33860,-5178.225300863844,-13427.808888584665,259.0,-1,31,-1.0
33771,33861,-8942.138440218983,-32118.11005467266,477.0,-1,-1,-1.0
33772,33862,2249.236751390876,-14401.376958255529,58.0,-1,31,-1.0
33773,33863,12672.799296851035,-39092.20781114649,206.0,-1,-1,-1.0
33774,33864,-23268.59256187646,-20729.89741254745,121.0,-1,-1,-1.0
33775,33865,-28975.929683874027,-4401.710426952923,367.0,-1,41,47.0
33776,33866,15988.51215750537,16578.85022568119,214.0,-1,-1,-1.0
33777,33867,33275.86347420707,15873.48093496223,290.0,-1,-1,-1.0
33778,33868,21833.927987528987,-39154.48351073397,58.0,-1,-1,-1.0
33779,33869,34655.4725941136,-14309.45976213857,151.0,-1,-1,-1.0
33780,33870,-18105.781955423856,11883.628649884027,53.0,-1,-1,-1.0
33781,33871,-17565.355351531718,20936.5677025106,311.0,-1,-1,-1.0
33782,33872,35662.89389234595,38435.212049449474,26.0,-1,-1,-1.0
33783,33873,34187.50682954902,-10720.87793017472,35.0,-1,-1,-1.0
33784,33874,-8517.805974982071,8296.63189672237,473.0,-1,27,-1.0
33785,33875,-27823.306099279376,15902.758545593691,210.0,-1,40,-1.0
33786,33876,-38281.573152914105,20686.916551567512,234.0,-1,-1,-1.0
33787,33877,-15768.262214605606,-9724.030356819516,21.0,-1,43,-1.0
33788,33878,10349.968106066415,-39819.12636985066,485.0,-1,-1,-1.0
33789,33879,-35901.12676475168,-36862.64547173085,144.0,-1,19,-1.0
33790,33880,30509.988540033737,-15759.412931215586,481.0,-1,-1,-1.0
33791,33881,31293.428026955637,6483.368371877892,463.0,-1,-1,-1.0
33792,33882,15521.823877712544,18978.04377521388,428.0,-1,-1,-1.0
33793,33883,30193.866098632512,-28467.91913445716,493.0,-1,-1,-1.0
33794,33884,32009.914160613407,36744.04206692359,274.0,-1,-1,-1.0
33795,33885,38170.61619769923,-1936.07448405194,277.0,-1,-1,-1.0
33796,33886,-15494.671392736396,13645.9755687852,298.0,-1,-1,-1.0
33797,33887,-18485.940777784053,-39934.24903333998,201.0,-1,-1,-1.0
33798,33888,24434.45220752856,26362.72824500389,290.0,-1,-1,-1.0
33799,33889,-34712.586276402784,38170.66467091358,21.0,-1,5,-1.0
33800,33890,33076.69130525178,-27507.99723244802,228.0,-1,-1,-1.0
33801,33891,-21933.29035639388,-7229.235158696123,163.0,-1,-1,-1.0
33802,33892,1439.490372028515,-15016.408402954565,348.0,-1,31,35.0
33803,33893,25601.366175499294,38554.58037879536,31.0,-1,30,-1.0
33804,33894,-4255.806137209867,-29019.770131789635,76.0,-1,25,-1.0
33805,33895,-32064.587507522094,-6206.318472565152,334.0,-1,-1,-1.0
33806,33896,8498.716563874572,-12404.213738266151,106.0,-1,-1,-1.0
33807,33897,6151.146250226877,27011.23130384009,91.0,-1,-1,-1.0
33808,33898,1382.6650263823394,6733.355952315156,13.0,-1,-1,-1.0
33809,33899,-18109.85586878859,3860.127357451878,285.0,-1,-1,-1.0
33810,33900,-28755.97902108044,-23166.917307408738,54.0,-1,-1,-1.0
33811,33901,18505.936073742945,-27020.50119294074,236.0,-1,3,-1.0
33812,33902,-22602.78854737284,-15003.875539125833,422.0,-1,-1,-1.0
33813,33903,-18030.51074205542,-33124.96896237741,419.0,-1,-1,-1.0
33814,33904,20688.839030960717,-38143.30676773973,285.0,-1,-1,-1.0
33815,33905,16079.66319791518,-34495.428440554824,25.0,-1,-1,-1.0
33816,33906,20812.34890385087,1123.4495087113828,465.0,-1,-1,-1.0
33817,33907,32835.87077416512,-27059.04008634149,164.0,-1,-1,-1.0
33818,33908,-16749.191032799,-39496.71344933888,305.0,-1,-1,-1.0
33819,33909,8966.260913710634,-29972.6124439748,385.0,-1,-1,-1.0
33820,33910,15448.130423509,-32987.599410744704,136.0,-1,3,-1.0
33821,33911,-12130.147438053686,-25732.67840388297,409.0,-1,17,-1.0
33822,33912,32911.99123952781,-17463.183863179638,384.0,-1,-1,-1.0
33823,33913,-29382.2753666191,-6659.778206861338,458.0,-1,41,-1.0
33824,33914,-30230.218368749996,3545.5909497011307,312.0,-1,29,-1.0
33825,33915,18981.187482058645,19387.31699777126,42.0,-1,18,-1.0
33826,33916,36338.076287028045,-36844.20341626675,435.0,-1,21,-1.0
33827,33917,-24935.052460832827,17392.13204767055,385.0,-1,-1,-1.0
33828,33918,-2870.7700242677893,12191.37271300835,82.0,-1,-1,-1.0
33829,33919,-6492.414219434555,11778.662960367925,449.0,-1,-1,-1.0
33830,33920,-20491.03271054559,30884.948957065964,450.0,-1,-1,-1.0
33831,33921,-27417.300200120822,-4983.599744950487,5.0,-1,41,-1.0
33832,33922,-3593.150500132375,29023.133154577317,115.0,-1,-1,-1.0
33833,33923,-34563.625518476656,-1714.7003899199044,149.0,-1,-1,-1.0
33834,33924,3019.4560733260805,18472.610889263666,119.0,-1,-1,-1.0
33835,33925,21599.55805945076,20494.14883048892,79.0,-1,-1,-1.0
33836,33926,25046.323606165723,-34329.40397911304,370.0,-1,-1,-1.0
33837,33927,-19282.46830868853,997.5053652434,350.0,-1,-1,-1.0
33838,33928,6672.587121719225,20101.90580995386,49.0,-1,-1,-1.0
33839,33929,-10979.352891860446,12370.25420779056,381.0,-1,27,-1.0
33840,33930,-36763.55408510139,-26650.50011425439,441.0,-1,-1,-1.0
33841,33931,-35045.09818929174,14819.46817462192,493.0,-1,24,-1.0
33842,33932,-29077.92485447347,-18574.390007947743,4.0,-1,-1,-1.0
33843,33933,24148.53467097281,17931.622456203055,372.0,-1,-1,-1.0
33844,33934,23851.90257423363,9106.220044000524,353.0,-1,-1,-1.0
33845,33935,34360.716552326805,-20339.96656967424,275.0,-1,-1,-1.0
33846,33936,-17928.357011094915,-33290.8544241411,288.0,-1,-1,-1.0
33847,33937,10894.523042653023,-27571.6873786628,453.0,-1,-1,-1.0
33848,33938,-29420.96972558149,27456.14639283459,289.0,-1,-1,-1.0
33849,33939,-33375.96695588477,36798.869455190026,143.0,-1,-1,-1.0
33850,33940,33635.27071734115,-7374.091064819757,173.0,-1,-1,-1.0
33851,33941,38177.690230704175,-13179.26599490561,302.0,-1,-1,-1.0
33852,33942,-22948.225602196573,39971.12501065069,225.0,-1,-1,-1.0
33853,33943,16349.21603489336,33705.94233403944,493.0,-1,-1,-1.0
33854,33944,25687.436105710676,29768.088250480127,282.0,-1,-1,-1.0
33855,33945,15669.764167950583,-39575.95624573407,326.0,-1,-1,-1.0
33856,33946,-5005.879689517744,27692.59559631023,446.0,-1,48,-1.0
33857,33947,-1043.0923758197678,5159.952682521987,105.0,-1,27,-1.0
33858,33948,18902.571731727563,-21773.7993908744,444.0,-1,-1,-1.0
33859,33949,10429.709500903416,25408.674530748933,149.0,-1,-1,-1.0
33860,33950,22380.466210871848,2239.4321152641714,72.0,-1,-1,-1.0
33861,33951,39306.47490695641,15850.943770481004,494.0,-1,-1,-1.0
33862,33952,3755.141406322713,-32429.80057704547,97.0,-1,1,-1.0
33863,33953,22560.536508886405,30772.974473950715,420.0,-1,-1,-1.0
33864,33954,-10369.09026135765,-20614.400140135007,22.0,-1,-1,-1.0
33865,33955,-35536.83785096093,-36533.089312696895,486.0,-1,19,-1.0
33866,33956,-1185.4005796698548,-39394.60692177801,117.0,-1,-1,-1.0
33867,33957,-7579.975652902765,34160.425558094445,250.0,-1,-1,-1.0
33868,33958,-16230.573551031624,-34405.91534215605,285.0,-1,-1,-1.0
33869,33959,-24387.3231251262,-3749.7461763521424,380.0,-1,41,-1.0
33870,33960,26649.130734517094,-18689.8332521183,463.0,-1,45,-1.0
33871,33961,3086.265149539053,-4520.041092660642,151.0,-1,-1,-1.0
33872,33962,-8684.740641560325,9166.73619333894,292.0,-1,27,-1.0
33873,33963,-12744.748017995107,-2097.9999501133498,359.0,-1,-1,-1.0
33874,33964,-27504.775417566718,-31325.73946126583,182.0,-1,-1,-1.0
33875,33965,-35191.16902576143,9826.779364186135,21.0,-1,24,-1.0
33876,33966,23361.703295502928,-7498.3515922394,347.0,-1,-1,-1.0
33877,33967,-4835.463087267955,13231.234942779694,495.0,-1,-1,-1.0
33878,33968,-14732.73754495521,-8132.001775642904,437.0,-1,-1,-1.0
33879,33969,-31971.05860798219,-36111.75761280212,448.0,-1,-1,-1.0
33880,33970,-21857.235452241843,-31824.73749980746,194.0,-1,-1,-1.0
33881,33971,-14509.040629818966,-34947.65881843631,336.0,-1,36,-1.0
33882,33972,-35106.371650679335,23835.132591716705,448.0,-1,-1,-1.0
33883,33973,11130.313573521482,2327.789416559412,479.0,-1,-1,-1.0
33884,33974,-37735.643146942566,6117.732872132925,165.0,-1,-1,-1.0
33885,33975,22577.460684052057,5896.518248589258,341.0,-1,-1,-1.0
33886,33976,-10891.647290727971,25049.06725680006,486.0,-1,-1,-1.0
33887,33977,-30839.10849903993,-39518.28726223926,398.0,-1,-1,-1.0
33888,33978,-9533.0867968159,-6429.497358419889,419.0,-1,-1,-1.0
33889,33979,-31160.207927222586,-6074.235854820727,345.0,-1,41,-1.0
33890,33980,-4483.480705479946,10846.80502182219,326.0,-1,-1,-1.0
33891,33981,12295.629050262134,-5948.755648876067,344.0,-1,-1,-1.0
33892,33982,10471.7411687177,29755.48140800392,209.0,-1,-1,-1.0
33893,33983,7939.127712150788,22870.498465231314,449.0,-1,-1,-1.0
33894,33984,6190.967614759225,2910.4035551787383,375.0,-1,14,-1.0
33895,33985,-15038.040737770953,28413.129103266576,54.0,-1,48,-1.0
33896,33986,-26415.529682873384,3376.1845443743514,222.0,-1,-1,-1.0
33897,33987,19984.99572883926,9205.637457794195,319.0,-1,16,-1.0
33898,33988,-18534.79666473085,-13686.949462165012,422.0,-1,42,-1.0
33899,33989,-10096.286698296752,10866.44042842534,255.0,-1,-1,-1.0
33900,33990,-11926.338553141377,-16505.73445388929,85.0,-1,31,-1.0
33901,33991,-35766.602043245955,-17186.134006200497,447.0,-1,-1,-1.0
33902,33992,28587.226137374644,19992.175880050003,333.0,-1,-1,-1.0
33903,33993,-32445.838594356173,-12142.430762542195,300.0,-1,-1,-1.0
33904,33994,-28401.417769236978,39173.79037847258,203.0,-1,-1,-1.0
33905,33995,3116.524047478044,-30064.01877730793,409.0,-1,-1,-1.0
33906,33996,3066.8213473203214,-1513.3267955927877,364.0,-1,-1,-1.0
33907,33997,-7146.697127808395,-32158.61545350437,9.0,-1,35,-1.0
33908,33998,-32200.106849913715,-37015.53392192659,175.0,-1,-1,-1.0
33909,33999,-822.1696686193027,5220.760849507315,17.0,-1,27,-1.0
33910,34000,38338.594880194505,39638.789523344734,354.0,-1,-1,-1.0
33911,34001,-26820.577744431717,39364.79176832993,437.0,-1,-1,-1.0
33912,34002,5942.000189016479,25589.59437258482,335.0,-1,48,56.0
33913,34003,-7116.628718419423,-1798.084935500272,257.0,-1,-1,-1.0
33914,34004,36378.57447487721,5383.578128688314,157.0,-1,28,-1.0
33915,34005,38148.981599407736,443.1562446556636,315.0,-1,28,-1.0
33916,34006,4868.884942285513,-9972.480344356429,208.0,-1,-1,-1.0
33917,34007,-30237.622279726944,-29963.330847879217,113.0,-1,-1,-1.0
33918,34008,7913.225566827234,-26460.760000092014,97.0,-1,31,-1.0
33919,34009,-32008.38207828077,26829.685764646754,467.0,-1,-1,-1.0
33920,34010,2230.635638304506,-39146.63223681309,172.0,-1,-1,-1.0
33921,34011,-14981.763409257435,39289.03980774792,40.0,-1,-1,-1.0
33922,34012,38589.81739632807,-36257.59679626588,389.0,-1,21,-1.0
33923,34013,-34996.10757500016,-16185.878031130433,478.0,-1,-1,-1.0
33924,34014,-5727.4843655958975,-11593.459685667329,212.0,-1,31,-1.0
33925,34015,21101.05223914345,-26977.69940075944,119.0,-1,-1,-1.0
33926,34016,-18723.55308570912,15353.786046058083,140.0,-1,-1,-1.0
33927,34017,-10286.75362972966,-29534.615221667205,141.0,-1,-1,-1.0
33928,34018,-5960.120686938171,-33942.17143951361,171.0,-1,35,-1.0
33929,34019,-18131.32066463441,32653.761183708324,403.0,-1,-1,-1.0
33930,34020,-33914.872609613485,-37762.86194532948,248.0,-1,-1,-1.0
33931,34021,-27335.87305724431,3979.224614731153,386.0,-1,-1,-1.0
33932,34022,-34568.87860776745,27945.91841973069,189.0,-1,-1,-1.0
33933,34023,29961.80313513685,27513.72458774368,238.0,-1,-1,-1.0
33934,34024,-36402.667602672576,-26038.82384859052,358.0,-1,-1,-1.0
33935,34025,-33531.88536074736,22428.77159325957,88.0,-1,-1,-1.0
33936,34026,-20800.713321408894,-33192.72236975304,51.0,-1,-1,-1.0
33937,34027,37621.033814533424,39278.06267717402,317.0,-1,-1,-1.0
33938,34028,27684.623938914738,-1385.0660077185676,395.0,-1,-1,-1.0
33939,34029,-18636.341838228524,21860.20870111238,222.0,-1,-1,-1.0
33940,34030,7709.959465630141,-2306.6825582646707,63.0,-1,-1,-1.0
33941,34031,2283.611969087775,-29212.970293943217,181.0,-1,-1,-1.0
33942,34032,30141.41480445729,27091.48642836524,186.0,-1,-1,-1.0
33943,34033,-1874.7933039325435,-36617.830477610216,369.0,-1,-1,-1.0
33944,34034,39045.422296561344,-15560.771065673816,132.0,-1,-1,-1.0
33945,34035,-9683.87989832868,-23384.80087142865,424.0,-1,-1,-1.0
33946,34036,-12093.115642445591,-5555.762890980957,446.0,-1,-1,-1.0
33947,34037,-6396.309376378791,-26247.924456093016,337.0,-1,-1,-1.0
33948,34038,7286.796033163439,-39505.22412464878,170.0,-1,-1,-1.0
33949,34039,9551.690038262344,952.1140704446298,25.0,-1,-1,-1.0
33950,34040,-899.5539938970687,3043.0393413318307,4.0,-1,22,-1.0
33951,34041,-6211.284160225434,16289.073897071692,299.0,-1,-1,-1.0
33952,34042,2959.2615970764164,10169.832139092636,43.0,-1,27,-1.0
33953,34043,-19164.09422343639,2720.971785735237,414.0,-1,-1,-1.0
33954,34044,-14880.62807096944,20868.40646403629,475.0,-1,-1,-1.0
33955,34045,20514.87580169239,-15021.347444988123,452.0,-1,-1,-1.0
33956,34046,-10327.575440196037,-25160.880058062357,449.0,-1,17,-1.0
33957,34047,-10156.965342253869,12941.019036009871,316.0,-1,27,-1.0
33958,34048,35822.72221021926,-31738.791056899816,225.0,-1,-1,-1.0
33959,34049,4541.239746113417,34054.778385152735,57.0,-1,-1,-1.0
33960,34050,-3810.1639325410433,-26554.02024192321,23.0,-1,-1,-1.0
33961,34051,12164.27371692464,7374.243880607566,432.0,-1,-1,-1.0
33962,34052,32698.115177571017,37283.1698131477,446.0,-1,11,-1.0
33963,34053,19130.149237594727,174.3100310459049,254.0,-1,-1,-1.0
33964,34054,35406.28646876587,30430.982083085168,175.0,-1,-1,-1.0
33965,34055,-18306.21033145811,-28194.855111167704,374.0,-1,36,-1.0
33966,34056,-21367.65835239416,-4921.366715319578,474.0,-1,-1,-1.0
33967,34057,-20936.128854385857,-2282.767677067408,122.0,-1,43,-1.0
33968,34058,6498.73224952216,-32541.59767321352,61.0,-1,-1,-1.0
33969,34059,-22731.310313542588,-1896.32769932472,250.0,-1,-1,-1.0
33970,34060,-16975.003201254673,26708.754082597065,220.0,-1,48,-1.0
33971,34061,-21442.9243114449,-31225.45038005482,83.0,-1,-1,-1.0
33972,34062,-30971.89249689201,-33759.6717863581,169.0,-1,34,-1.0
33973,34063,17170.75612726686,-13467.2992577734,450.0,-1,44,-1.0
33974,34064,-9905.9195254205,38571.34708916831,241.0,-1,48,-1.0
33975,34065,20705.334681793967,28938.16169666988,355.0,-1,30,-1.0
33976,34066,4867.2029237817405,-31224.51618562562,108.0,-1,-1,-1.0
33977,34067,-27884.49246284258,10720.299426831703,132.0,-1,-1,-1.0
33978,34068,5674.054144673268,26531.53073036787,121.0,-1,-1,-1.0
33979,34069,-28472.58636630122,4124.081530330695,67.0,-1,-1,-1.0
33980,34070,13489.048251476634,21340.75370936669,495.0,-1,-1,-1.0
33981,34071,17091.832497087627,-33929.07368718939,445.0,-1,-1,-1.0
33982,34072,-20866.096559153,-12807.644323904518,382.0,-1,-1,-1.0
33983,34073,29028.033449720155,-10975.296900103473,39.0,-1,-1,-1.0
33984,34074,-30086.230717018567,-2749.85922420516,112.0,-1,41,-1.0
33985,34075,30476.580770499942,-1359.3392465496215,84.0,-1,-1,-1.0
33986,34076,-15154.430011974931,27108.2928511543,261.0,-1,48,-1.0
33987,34077,-19668.05386345139,36302.68738063381,356.0,-1,-1,-1.0
33988,34078,-18923.88231648376,-36009.20581970105,125.0,-1,12,-1.0
33989,34079,-22545.465402445625,-35724.382762219146,7.0,-1,-1,-1.0
33990,34080,29298.509022589235,6751.122102991481,343.0,-1,-1,-1.0
33991,34081,-26844.74954194844,-3907.43262905824,494.0,-1,41,-1.0
33992,34082,-24719.547515643942,23705.20618980268,157.0,-1,-1,-1.0
33993,34083,-1181.2145629285517,-19271.731183441672,334.0,-1,31,-1.0
33994,34084,-18808.582275985736,-806.2979411226042,6.0,-1,43,-1.0
33995,34085,-15304.974530844334,-9297.7931503615,386.0,-1,43,-1.0
33996,34086,27179.570687808315,30502.495624778778,439.0,-1,-1,-1.0
33997,34087,20354.601432281543,-32350.61252065717,477.0,-1,-1,-1.0
33998,34088,-17928.146632579756,13587.964168258884,448.0,-1,-1,-1.0
33999,34089,5683.988795781937,30471.77462916473,298.0,-1,48,-1.0
34000,34090,7659.282489349287,31242.348826879068,337.0,-1,48,-1.0
34001,34091,33871.50430556429,-2217.3130268325403,467.0,-1,-1,-1.0
34002,34092,-3496.2735881587287,27029.84494537456,350.0,-1,48,-1.0
34003,34093,-5050.627190582636,-27809.27448810917,470.0,-1,-1,-1.0
34004,34094,1408.8329328283507,33957.85635343213,414.0,-1,48,-1.0
34005,34095,20024.45209013451,-11696.533834212052,251.0,-1,-1,-1.0
34006,34096,-20300.330070929576,21903.492614525705,173.0,-1,-1,-1.0
34007,34097,31580.922570558047,9121.31210152345,352.0,-1,-1,-1.0
34008,34098,31285.076604851987,-39429.08280591072,18.0,-1,-1,-1.0
34009,34099,-9511.087281715794,-22133.687211250475,137.0,-1,-1,-1.0
34010,34100,-17677.063908156684,-2526.942948929427,427.0,-1,43,-1.0
34011,34101,-22069.13414343005,4917.0267880865285,246.0,-1,-1,-1.0
34012,34102,-16298.828309293423,22954.493102057266,266.0,-1,-1,-1.0
34013,34103,-15410.98347895746,28152.63642341706,466.0,-1,48,-1.0
34014,34104,-31107.494228343367,-24804.396698978533,496.0,-1,-1,-1.0
34015,34105,16655.236653936678,-956.3287310607702,331.0,-1,-1,-1.0
34016,34106,-27461.40999733215,-3200.6044742726226,40.0,-1,41,-1.0
